0 29.1797 0.11023
1 43.0121 0.113591
2 35.0826 0.11329
3 18.0731 0.115389
4 34.6724 0.116715
5 31.5005 0.105603
6 14.6186 0.114851
7 15.1507 0.11071
8 13.1494 0.115395
9 24.0371 0.117137
10 40.8106 0.114574
11 34.8762 0.110822
12 34.0202 0.125493
13 26.6453 0.110518
14 0.191101 0.111841
15 14.6527 0.117001
16 -5.04902 0.233872
17 59.4191 0.11981
18 39.8433 0.119183
19 53.2659 0.116089
20 3.76723 0.118271
21 4.93347 0.117384
22 33.0635 0.124269
23 0.684831 0.118528
24 29.1576 0.118263
25 14.9802 0.126105
26 40.5472 0.112509
27 27.8315 0.115353
28 16.9475 0.118518
29 12.6609 0.125547
30 37.0782 0.116057
31 13.8958 0.119495
32 -6.61967 0.111069
33 17.1938 0.111233
34 -20.4508 0.111597
35 12.6335 0.11576
36 -5.35487 0.113923
37 3.55216 0.107145
38 -6.12482 0.112211
39 -20.0009 0.110093
40 -30.0025 0.107834
41 -11.5883 0.124656
42 -19.4918 0.10945
43 -24.731 0.110661
44 -10.5304 0.10819
45 -31.5047 0.10873
46 2.84734 0.11972
47 16.2843 0.113703
48 -32.1761 0.122694
49 -15.5723 0.115351
50 -46.4554 0.118911
51 -15.7005 0.123992
52 -35.1887 0.119783
53 -30.7347 0.122636
54 -3.49796 0.11376
55 -49.7239 0.115089
56 -15.6217 0.124552
57 -43.3679 0.13796
58 -27.4828 0.117807
59 -16.7099 0.119799
60 -36.4961 0.120724
61 -13.6895 0.117048
62 -25.3486 0.121929
63 -31.0524 0.120768
64 26.4261 0.118815
65 40.0348 0.110261
66 41.2213 0.111892
67 29.9617 0.101955
68 38.1451 0.109486
69 47.2699 0.109119
70 54.9517 0.112516
71 60.0664 0.116093
72 39.6576 0.116061
73 8.52719 0.118312
74 48.7741 0.105096
75 46.8994 0.116966
76 18.4622 0.112384
77 35.2942 0.12541
78 58.9205 0.124673
79 58.4741 0.112129
80 28.0502 0.125346
81 27.4493 0.122721
82 12.0088 0.122471
83 51.6373 0.111139
84 23.8369 0.115996
85 25.973 0.11836
86 21.9774 0.119965
87 44.8284 0.119295
88 29.3777 0.118574
89 41.1738 0.114676
90 34.4689 0.124148
91 27.2878 0.125372
92 47.1773 0.118159
93 9.73462 0.111272
94 14.3142 0.118031
95 14.3142 0.118031
