0 41.5617 0.110763
1 63.9774 0.108116
2 56.8472 0.107438
3 74.7192 0.110105
4 50.1634 0.105995
5 66.6318 0.108218
6 57.8757 0.105763
7 68.7907 0.111962
8 68.512 0.110645
9 46.4086 0.105107
10 63.1008 0.10618
11 84.8497 0.11124
12 51.5967 0.107158
13 57.3608 0.10886
14 49.3238 0.113387
15 52.9682 0.108896
16 58.5739 0.110447
17 43.3471 0.110534
18 57.4047 0.109745
19 70.1273 0.111215
20 45.4566 0.118032
21 43.5374 0.113791
22 67.1853 0.113923
23 65.0838 0.111135
24 55.7498 0.11081
25 64.9298 0.115567
26 59.5508 0.116396
27 45.9539 0.117901
28 30.2222 0.11143
29 36.8538 0.109708
30 32.4043 0.119392
31 55.1506 0.115116
32 68.0338 0.117739
33 67.0176 0.109022
34 46.0915 0.110023
35 73.7276 0.112638
36 36.1694 0.116927
37 37.2419 0.114171
38 45.6244 0.108382
39 59.1804 0.108334
40 58.1376 0.117819
41 37.8855 0.113571
42 56.8272 0.115683
43 42.0865 0.110397
44 54.8774 0.110153
45 43.3842 0.113799
46 28.1194 0.113763
47 47.6662 0.113847
48 49.983 0.11632
49 70.0507 0.11277
50 68.8448 0.11458
51 50.8294 0.11695
52 31.4514 0.120452
53 45.4942 0.114974
54 33.2011 0.122751
55 33.6002 0.120544
56 29.8567 0.114757
57 60.2268 0.114676
58 34.7831 0.114896
59 39.6444 0.114892
60 36.8549 0.11802
61 57.0502 0.11625
62 42.3792 0.122075
63 49.2943 0.123425
64 62.8583 0.10596
65 75.7546 0.105278
66 38.2895 0.110418
67 65.426 0.107615
68 37.7575 0.111381
69 61.6567 0.109532
70 80.4335 0.108408
71 40.6429 0.112728
72 51.2511 0.114994
73 47.1039 0.106513
74 57.5998 0.111842
75 79.1691 0.113654
76 49.0675 0.113384
77 47.5574 0.108327
78 31.724 0.111829
79 69.0541 0.114002
80 57.406 0.10988
81 47.6795 0.108818
82 32.3623 0.116309
83 95.4116 0.112203
84 47.7721 0.111096
85 52.6865 0.113918
86 72.1512 0.117271
87 54.0248 0.113961
88 46.6413 0.111889
89 46.2927 0.116307
90 50.8751 0.118951
91 17.8842 0.124376
92 46.1775 0.1208
93 17.6167 0.117753
94 55.5044 0.117748
95 55.5044 0.117748
