0 26.8908 0.119241
1 2.24285 0.12327
2 -0.472543 0.120327
3 0.244643 0.118816
4 9.02592 0.114473
5 3.38576 0.124944
6 -7.23349 0.11864
7 -1.49506 0.120484
8 30.8179 0.119308
9 1.50782 0.126799
10 18.9029 0.120424
11 3.50927 0.1204
12 30.5285 0.117668
13 8.88211 0.122203
14 -3.25781 0.122954
15 10.9457 0.121756
16 1.19856 0.123767
17 4.97313 0.121027
18 -14.6562 0.134293
19 -1.35404 0.126188
20 -9.51049 0.130875
21 10.122 0.130374
22 -2.38085 0.125431
23 -33.2692 0.12293
24 -10.3703 0.127236
25 -5.59664 0.127526
26 -30.799 0.123917
27 -0.281772 0.126202
28 5.61887 0.131777
29 -9.93247 0.129502
30 -20.1177 0.136853
31 -20.0108 0.129605
32 -7.381 0.108122
33 -1.21743 0.110124
34 -19.2632 0.111763
35 -17.8631 0.117557
36 -20.772 0.115443
37 -20.0689 0.105659
38 -31.6325 0.118491
39 -12.4028 0.114989
40 -3.74993 0.109504
41 3.37132 0.109464
42 -17.7638 0.105211
43 -23.2582 0.114755
44 -16.51 0.110725
45 -19.92 0.112617
46 -21.164 0.112308
47 7.40197 0.111943
48 -38.7373 0.104671
49 -13.9479 0.115775
50 7.97537 0.117102
51 -12.0112 0.121389
52 -11.172 0.109901
53 -16.8549 0.119147
54 -0.621068 0.115984
55 -14.5987 0.115835
56 -5.06847 0.114369
57 -15.8121 0.119679
58 -11.5254 0.116554
59 -14.2827 0.113419
60 -6.0465 0.118482
61 -28.8718 0.12134
62 -16.6545 0.112955
63 -19.9016 0.116928
