0 -28.2562 0.115117
1 -37.2756 0.10685
2 -28.2369 0.11291
3 -4.33055 0.116326
4 -14.9173 0.115469
5 -39.9751 0.113128
6 -42.2835 0.11206
7 -41.7415 0.114475
8 -35.5009 0.117941
9 -46.8065 0.113816
10 -19.9326 0.116127
11 -58.9026 0.114982
12 -13.9705 0.113917
13 -41.9847 0.115509
14 -21.4812 0.117779
15 -14.6305 0.117223
16 -31.7677 0.116814
17 -19.6436 0.116574
18 -54.8113 0.114266
19 -50.4551 0.116535
20 -17.7159 0.11722
21 -60.0659 0.115871
22 -35.9872 0.117979
23 -47.727 0.116528
24 -41.1858 0.114181
25 -27.4354 0.117915
26 -34.05 0.116919
27 -41.3706 0.115071
28 -41.1653 0.116957
29 -24.477 0.118042
30 -18.2761 0.119092
31 -47.8518 0.112919
32 5.44053 0.114174
33 -0.987674 0.107595
34 4.54175 0.110212
35 12.2889 0.111311
36 0.586328 0.110608
37 14.7389 0.110531
38 -29.7487 0.105369
39 33.3006 0.113072
40 -18.3656 0.111053
41 10.5948 0.111225
42 11.5313 0.107479
43 -25.7987 0.108104
44 -10.9421 0.109962
45 -1.12439 0.112031
46 5.53189 0.110176
47 -35.9422 0.109299
48 -1.08229 0.111141
49 21.1811 0.109998
50 -6.86853 0.1143
51 -16.7367 0.11107
52 -5.02808 0.110399
53 -6.82453 0.115866
54 5.96028 0.110332
55 -7.91494 0.112563
56 5.82685 0.109496
57 17.9045 0.115349
58 -49.9598 0.112195
59 -13.6606 0.110183
60 -14.8023 0.115002
61 6.1417 0.110936
62 3.3318 0.114481
63 -8.63895 0.110745
64 -43.339 0.118942
65 -17.518 0.115682
66 -29.1529 0.118809
67 -8.83368 0.117804
68 -7.45534 0.11653
69 0.861569 0.122456
70 -33.4129 0.116554
71 -12.368 0.119941
72 -40.157 0.115831
73 4.30909 0.120094
74 -10.3046 0.118287
75 -30.8408 0.119983
76 14.2519 0.11828
77 -17.6525 0.114698
78 -17.225 0.120565
79 -18.5885 0.123068
80 -25.7081 0.119065
81 -12.7186 0.119199
82 -11.8598 0.116956
83 -23.2018 0.117349
84 -14.0139 0.119855
85 -19.6095 0.119829
86 -6.14186 0.117876
87 -26.9831 0.12018
88 -1.38867 0.118619
89 -32.5603 0.119382
90 -13.3397 0.11861
91 -37.0256 0.118802
92 -24.2252 0.120459
93 7.29547 0.114701
94 -19.7812 0.12083
95 -19.7812 0.12083
