0 26.8141 0.112085
1 11.8284 0.111764
2 22.8595 0.109104
3 20.5028 0.115135
4 36.4037 0.112639
5 31.106 0.112182
6 19.8212 0.113974
7 14.5418 0.111179
8 31.5697 0.114452
9 4.46926 0.111433
10 21.0691 0.119327
11 46.5297 0.109244
12 -5.01546 0.116903
13 4.69622 0.116377
14 34.5289 0.122595
15 37.0379 0.113907
16 4.92592 0.124285
17 33.6196 0.116114
18 19.353 0.120752
19 33.5881 0.118246
20 -13.4699 0.119387
21 8.7875 0.116227
22 10.138 0.127225
23 1.12197 0.127239
24 21.0012 0.121375
25 0.288243 0.124966
26 -4.46318 0.128355
27 -0.37676 0.120756
28 -9.17432 0.120234
29 12.3248 0.125534
30 -19.8319 0.120011
31 2.84669 0.122717
32 -4.19447 0.1085
33 1.56546 0.105202
34 -9.26201 0.111287
35 25.8911 0.103892
36 16.4705 0.119414
37 34.8924 0.107271
38 -19.7437 0.102514
39 9.94271 0.110173
40 23.3721 0.111862
41 10.5035 0.115259
42 -8.35459 0.11022
43 2.85192 0.107815
44 22.2003 0.107194
45 31.6729 0.113485
46 -15.679 0.111473
47 26.3611 0.113311
48 20.6037 0.112115
49 24.8902 0.111792
50 -6.61625 0.10764
51 -7.46478 0.113328
52 24.8067 0.111028
53 11.4843 0.113065
54 7.99365 0.119857
55 -3.31736 0.112558
56 4.01046 0.116544
57 37.4551 0.11022
58 -16.4904 0.116329
59 11.3208 0.112157
60 -14.1702 0.109179
61 -4.78519 0.115915
62 22.4906 0.111522
63 -5.06165 0.113417
