0 36.6713 0.115102
1 -0.304054 0.109377
2 36.4498 0.115016
3 16.6487 0.113858
4 -9.46421 0.114528
5 22.6563 0.114116
6 29.5371 0.111335
7 24.8351 0.107986
8 39.9844 0.108087
9 2.53844 0.115893
10 29.271 0.116788
11 19.2041 0.115784
12 27.6967 0.115298
13 35.7532 0.117879
14 14.3741 0.114026
15 30.4778 0.11441
16 24.278 0.114198
17 37.4207 0.11737
18 25.3253 0.113577
19 8.68023 0.115079
20 27.6733 0.111203
21 -9.44638 0.113355
22 24.648 0.118163
23 20.4084 0.116141
24 100.96 -0.0336615
25 10.2933 0.118969
26 6.35336 0.116022
27 -6.29556 0.123123
28 -14.1574 0.116084
29 31.9668 0.119201
30 -16.8343 0.127405
31 -4.00005 0.1159
32 -43.4486 0.110817
33 -11.5743 0.228685
34 -52.9283 0.105245
35 -46.7104 0.118382
36 -33.9015 0.112275
37 -26.0379 0.109722
38 -44.7159 0.113638
39 -54.3656 0.108746
40 -39.9308 0.112664
41 -60.8781 0.114721
42 -49.4745 0.113452
43 -11.4677 0.111605
44 -64.9235 0.1131
45 -26.5191 0.114259
46 -14.1992 0.115118
47 -40.6795 0.116283
48 -31.7766 0.113859
49 -50.8721 0.114502
50 -42.5993 0.113721
51 -34.4065 0.117528
52 -33.535 0.124883
53 -40.4828 0.118921
54 -48.6834 0.111225
55 -35.1556 0.110795
56 -39.5863 0.113826
57 -42.409 0.121167
58 -30.9283 0.124472
59 -45.3344 0.122227
60 -38.8298 0.119118
61 -34.1237 0.120625
62 -35.7915 0.119198
63 -15.9855 0.116437
64 5.36934 0.106499
65 -2.15974 0.110672
66 -16.0334 0.107022
67 1.03143 0.104274
68 -10.6609 0.114232
69 7.01925 0.105147
70 -0.843729 0.105814
71 4.13311 0.105096
72 -10.301 0.1075
73 -4.72898 0.108455
74 19.6107 0.113646
75 7.81625 0.112492
76 12.9699 0.107541
77 -3.49664 0.117641
78 -0.702374 0.109121
79 6.23134 0.11164
80 3.25826 0.11256
81 12.8018 0.115898
82 -7.3154 0.111073
83 -21.5772 0.112818
84 -6.03547 0.114364
85 -1.20884 0.113888
86 -27.55 0.115804
87 1.67811 0.107866
88 -1.09743 0.112101
89 -22.2906 0.11419
90 -24.7944 0.111524
91 8.55674 0.114448
92 -1.65412 0.119684
93 12.2171 0.117837
94 -13.5243 0.115703
95 -13.5243 0.115703
