0 39.9002 0.11362
1 21.935 0.113516
2 16.4032 0.110342
3 17.8942 0.11844
4 45.7081 0.113653
5 33.8491 0.113825
6 23.0465 0.111218
7 38.2182 0.113899
8 31.4555 0.110252
9 13.3246 0.114729
10 6.97833 0.115904
11 22.5925 0.111946
12 34.727 0.11558
13 14.058 0.109513
14 4.81357 0.111069
15 25.0043 0.112646
16 12.3147 0.115779
17 19.3213 0.117031
18 25.2411 0.114653
19 29.7878 0.112503
20 19.986 0.11698
21 -4.21196 0.113155
22 13.7022 0.114846
23 18.5427 0.116168
24 12.91 0.117853
25 35.9652 0.114323
26 17.5243 0.112581
27 36.1854 0.117755
28 12.1306 0.115761
29 2.04253 0.111958
30 -0.844904 0.117697
31 33.4461 0.111521
32 -35.4866 0.113898
33 -30.9591 0.110335
34 -51.63 0.11032
35 -15.7234 0.112899
36 -11.0612 0.10995
37 -30.7063 0.111061
38 -55.3548 0.109947
39 -55.0909 0.114336
40 -10.8505 0.114217
41 -59.677 0.114837
42 -57.5189 0.115683
43 -10.9278 0.112953
44 -49.1648 0.111089
45 -36.3063 0.110639
46 -22.1953 0.11067
47 -33.421 0.11258
48 -30.88 0.110329
49 -33.4977 0.107009
50 -15.1672 0.113239
51 -24.7765 0.110684
52 -29.196 0.113735
53 -49.0141 0.107977
54 -21.303 0.111805
55 -29.9768 0.111158
56 -12.2081 0.11532
57 -42.3994 0.115412
58 -47.0263 0.115635
59 -42.2961 0.110679
60 -33.912 0.112025
61 -27.5102 0.107965
62 -22.9274 0.10821
63 -40.8856 0.110404
64 -1.8267 0.117573
65 28.4393 0.1178
66 15.3373 0.115544
67 28.5402 0.110565
68 16.1682 0.109751
69 30.5227 0.110548
70 12.9749 0.110584
71 5.16523 0.111172
72 29.5818 0.116181
73 -3.411 0.113871
74 13.8372 0.116409
75 12.7596 0.11376
76 14.3759 0.114983
77 9.42094 0.116777
78 -6.34967 0.115429
79 36.7023 0.112007
80 32.1708 0.115216
81 8.31012 0.115526
82 36.773 0.113783
83 0.141099 0.115041
84 3.40495 0.113002
85 19.9971 0.112515
86 13.8684 0.116999
87 3.18105 0.116727
88 6.63134 0.113626
89 14.3605 0.114966
90 40.5063 0.119022
91 26.4306 0.11547
92 2.8773 0.122956
93 13.7164 0.11643
94 25.6065 0.116576
95 25.6065 0.116576
