0 43.9067 0.113347
1 38.9043 0.116156
2 51.1993 0.109482
3 36.8198 0.112165
4 41.9145 0.121571
5 24.2047 0.112824
6 32.2773 0.116378
7 39.9868 0.118544
8 27.9014 0.115014
9 51.9196 0.11369
10 44.5692 0.126327
11 43.7694 0.113125
12 38.4496 0.113251
13 46.153 0.119385
14 30.9971 0.108992
15 44.1449 0.11373
16 42.0649 0.12083
17 26.0786 0.116378
18 14.5836 0.119062
19 25.3613 0.118138
20 35.0078 0.114231
21 64.2925 0.118614
22 21.5486 0.115505
23 44.1012 0.117754
24 15.0884 0.124685
25 10.6213 0.118784
26 50.0562 0.12409
27 17.6071 0.118718
28 35.0684 0.120371
29 31.1051 0.12022
30 28.7332 0.121621
31 28.7221 0.12411
32 -2.18482 0.114429
33 -15.527 0.10574
34 19.7143 0.11341
35 -12.1398 0.110103
36 -7.17402 0.111827
37 -15.6214 0.108593
38 -0.885389 0.112927
39 -12.8065 0.110562
40 -13.8765 0.110172
41 -3.29692 0.108716
42 -22.9742 0.11345
43 -9.94505 0.110566
44 -7.15251 0.116402
45 -14.2786 0.108073
46 -3.54331 0.111533
47 2.63425 0.112179
48 -16.5385 0.116518
49 9.01194 0.11153
50 -6.44716 0.114922
51 -22.1848 0.116881
52 -10.605 0.114352
53 1.80476 0.121882
54 -2.49537 0.11112
55 -33.9467 0.11822
56 -0.371186 0.116626
57 -12.325 0.114501
58 18.0674 0.110046
59 -5.38721 0.114741
60 4.37057 0.113327
61 -4.14202 0.118407
62 -2.68573 0.119411
63 -0.599892 0.114627
64 17.0025 0.109253
65 26.437 0.112116
66 56.9991 0.109536
67 60.0327 0.106982
68 25.5168 0.111871
69 29.4762 0.11121
70 45.7712 0.108823
71 37.8242 0.106828
72 22.6618 0.111176
73 28.776 0.113741
74 11.6079 0.109265
75 34.4315 0.109893
76 20.7141 0.120957
77 16.8801 0.111525
78 19.1008 0.108608
79 45.5694 0.111275
80 24.7535 0.113722
81 43.9774 0.114365
82 -5.68588 0.114838
83 40.254 0.11421
84 42.3236 0.114916
85 10.0187 0.119993
86 22.3759 0.117754
87 3.77306 0.116101
88 12.3061 0.110796
89 -3.03594 0.117401
90 41.2459 0.114058
91 20.9037 0.118919
92 35.9371 0.122304
93 3.81358 0.117481
94 17.4763 0.120496
95 17.4763 0.120496
