0 -25.303 0.118977
1 -20.6548 0.116968
2 -2.9072 0.117986
3 -16.0163 0.118721
4 -2.78473 0.111015
5 -9.30595 0.116995
6 -1.02446 0.113371
7 0.7372 0.111096
8 -15.9925 0.111102
9 -8.59258 0.120329
10 -10.4462 0.113911
11 15.0875 0.116479
12 -25.5515 0.117607
13 -8.21529 0.115684
14 -16.477 0.118532
15 -1.20817 0.124033
16 -33.9142 0.115744
17 -4.66398 0.118422
18 -28.9212 0.121995
19 -13.8144 0.120174
20 -25.9034 0.118589
21 -10.251 0.122547
22 9.46513 0.123599
23 14.4631 0.124937
24 -18.2428 0.116202
25 1.34056 0.119499
26 -15.0144 0.117673
27 -20.991 0.119969
28 -16.0787 0.120744
29 -12.2685 0.117302
30 9.03704 0.121793
31 -19.327 0.112675
32 26.4659 0.105431
33 22.9527 0.103537
34 25.8529 0.112278
35 -14.5162 0.111416
36 -3.75514 0.106137
37 10.8389 0.11188
38 -2.67136 0.108645
39 19.9746 0.109605
40 8.66792 0.105097
41 4.52458 0.111487
42 -18.3155 0.110188
43 -32.325 0.107483
44 -5.65931 0.10958
45 16.5785 0.112032
46 0.751666 0.111464
47 -26.2874 0.114668
48 -3.71575 0.111156
49 -5.49926 0.111617
50 -1.19866 0.112155
51 39.6731 0.116144
52 -24.5077 0.110058
53 -11.1133 0.114968
54 10.8084 0.11497
55 2.81946 0.117813
56 -18.1623 0.113528
57 -17.069 0.11593
58 -34.886 0.112152
59 30.3503 0.116344
60 20.4561 0.11619
61 -29.4602 0.116959
62 -15.722 0.119328
63 -17.9602 0.11343
64 9.65379 0.107235
65 -18.1947 0.116052
66 13.2847 0.114314
67 0.889652 0.111152
68 5.70433 0.112394
69 -24.6145 0.111681
70 -3.56977 0.109526
71 15.7557 0.113699
72 -19.8722 0.116215
73 -13.3013 0.109719
74 -1.37243 0.113413
75 17.2312 0.112183
76 -12.7215 0.104889
77 9.27964 0.111259
78 -10.2535 0.111416
79 11.6593 0.110411
80 -8.12926 0.108858
81 0.247855 0.110888
82 13.8107 0.113123
83 3.70355 0.111674
84 -7.94449 0.114819
85 -10.6498 0.113543
86 0.0604153 0.117911
87 -12.1908 0.109848
88 -19.6421 0.115319
89 20.2761 0.111014
90 13.4421 0.112806
91 -10.2822 0.112543
92 2.91119 0.115417
93 7.85266 0.113375
94 6.26992 0.113262
95 6.26992 0.113262
