0 40.7689 0.111175
1 40.083 0.114553
2 11.9189 0.116942
3 53.6705 0.113781
4 25.2204 0.110884
5 38.0868 0.11195
6 35.789 0.109105
7 42.6803 0.11041
8 33.2357 0.112505
9 18.251 0.116516
10 32.9768 0.114718
11 50.8666 0.110717
12 17.0476 0.113796
13 39.207 0.107895
14 36.4202 0.114179
15 17.1644 0.114726
16 57.7451 0.114845
17 20.8889 0.114575
18 59.5011 0.112993
19 20.9381 0.115831
20 26.5472 0.114316
21 28.9227 0.116454
22 34.0655 0.114216
23 34.2084 0.113527
24 36.503 0.114376
25 42.717 0.118509
26 6.13194 0.117555
27 6.5591 0.116261
28 23.3631 0.116512
29 18.036 0.116524
30 50.9157 0.117884
31 31.0978 0.113145
32 47.1319 0.114128
33 50.1623 0.110568
34 38.9088 0.11597
35 35.1585 0.110384
36 52.8445 0.114225
37 53.0784 0.118195
38 24.2674 0.114707
39 57.781 0.11079
40 28.542 0.110034
41 35.0975 0.111473
42 30.059 0.113792
43 28.8872 0.113296
44 16.4624 0.118657
45 15.3133 0.116243
46 57.3473 0.115725
47 31.6153 0.115703
48 20.9391 0.118301
49 52.24 0.118751
50 21.9805 0.110067
51 43.3216 0.115205
52 55.5348 0.115707
53 32.945 0.119606
54 31.0415 0.115004
55 19.959 0.119072
56 21.0947 0.116628
57 43.4215 0.121587
58 29.265 0.116219
59 26.3106 0.123263
60 48.4347 0.11621
61 9.02057 0.125298
62 34.411 0.1188
63 24.7126 0.116666
64 -42.9183 0.11467
65 -34.7092 0.112308
66 -17.4102 0.122346
67 -6.28728 0.117672
68 -15.4633 0.103103
69 -25.374 0.11443
70 -34.9159 0.10821
71 -46.4163 0.117269
72 -76.2017 0.120431
73 -26.0248 0.114046
74 -23.6931 0.124697
75 -28.0245 0.117786
76 -34.043 0.120436
77 -33.8837 0.113409
78 -37.7179 0.124689
79 -25.1742 0.117861
80 -45.9632 0.119456
81 -18.6222 0.117921
82 -23.2696 0.11728
83 10.7248 0.116136
84 -5.23762 0.117907
85 -35.1072 0.121908
86 -8.53989 0.115974
87 -28.4714 0.116462
88 -23.7578 0.116418
89 -35.7021 0.11895
90 -43.7787 0.116973
91 -40.318 0.116755
92 -47.4622 0.117928
93 -36.8658 0.124111
94 -27.9849 0.127258
95 -27.9849 0.127258
