0 20.2005 0.109404
1 17.5891 0.106447
2 51.4159 0.110419
3 17.7086 0.112399
4 23.8981 0.111373
5 19.0853 0.108633
6 26.5721 0.111637
7 25.6862 0.111532
8 10.5776 0.112569
9 26.1423 0.109089
10 2.31207 0.109472
11 32.1521 0.1173
12 9.3208 0.11036
13 20.2998 0.110346
14 1.92072 0.113339
15 40.5576 0.115032
16 1.48393 0.121353
17 23.0615 0.114138
18 4.88212 0.115719
19 15.0686 0.118155
20 11.2022 0.11999
21 26.3011 0.123071
22 13.0956 0.12095
23 11.0761 0.117937
24 0.387733 0.117527
25 34.0681 0.11784
26 29.6516 0.120141
27 -5.01066 0.122287
28 -3.5962 0.117128
29 17.3814 0.125507
30 2.33494 0.11995
31 29.709 0.122041
32 -13.8645 0.108837
33 -16.7837 0.115433
34 11.0255 0.107606
35 24.6317 0.107968
36 7.10844 0.112383
37 6.96259 0.113658
38 -1.69929 0.11314
39 -5.41454 0.115204
40 26.9972 0.111504
41 8.86383 0.114174
42 -2.55229 0.115197
43 -12.7568 0.117667
44 -8.47855 0.108424
45 13.1915 0.123199
46 36.5028 0.115241
47 10.8572 0.114972
48 2.07907 0.117133
49 0.0469107 0.114508
50 10.0846 0.117353
51 -6.21683 0.110691
52 2.34831 0.11542
53 -7.14532 0.116668
54 -13.3281 0.123156
55 -19.0878 0.118738
56 25.3377 0.117185
57 -22.4208 0.115149
58 -7.5296 0.119511
59 -19.8492 0.119799
60 2.08677 0.113949
61 33.6675 0.116895
62 12.602 0.116441
63 -8.39449 0.120224
