0 -5.69185 0.117635
1 11.8446 0.11128
2 11.8297 0.119927
3 -17.7291 0.11557
4 -1.9536 0.111256
5 4.11278 0.112304
6 -25.5157 0.121307
7 -1.36697 0.120048
8 0.213731 0.113098
9 18.1602 0.117313
10 23.6332 0.114859
11 -2.23423 0.114563
12 14.6877 0.117009
13 6.04522 0.113117
14 14.1621 0.114801
15 10.4165 0.115642
16 25.3546 0.112564
17 -3.54884 0.116377
18 10.0129 0.117125
19 -1.93606 0.115952
20 8.25401 0.116368
21 -7.88761 0.126029
22 4.16846 0.118024
23 -32.0537 0.118721
24 -4.55049 0.116068
25 33.4954 0.121894
26 3.04609 0.115033
27 9.34749 0.118411
28 -25.4049 0.115996
29 2.82659 0.116288
30 -13.8835 0.120594
31 4.68904 0.116296
32 60.0762 0.114979
33 20.6718 0.111396
34 68.5863 0.111942
35 29.622 0.115997
36 35.7534 0.116055
37 37.9079 0.116456
38 59.1288 0.107849
39 41.8608 0.116561
40 41.8377 0.111909
41 28.1776 0.113973
42 52.8267 0.120255
43 36.0727 0.119168
44 53.3054 0.110303
45 25.2815 0.112819
46 21.4161 0.118609
47 31.7679 0.112717
48 50.6013 0.118959
49 31.8086 0.113508
50 50.7401 0.112515
51 47.4851 0.117679
52 25.9316 0.114088
53 31.4463 0.114212
54 30.6483 0.120241
55 49.6604 0.115161
56 31.3747 0.115798
57 22.512 0.117354
58 28.2995 0.117725
59 23.2199 0.119171
60 42.7533 0.112973
61 32.7462 0.121777
62 14.7435 0.124644
63 23.1068 0.121238
64 -20.1418 0.119803
65 -5.72109 0.112959
66 1.42687 0.117358
67 -10.2536 0.117572
68 -12.4868 0.120847
69 -15.6092 0.118146
70 -11.0608 0.110384
71 2.4599 0.115979
72 -8.50289 0.113362
73 -9.38089 0.122777
74 13.7038 0.117574
75 -7.92162 0.120914
76 4.5897 0.121225
77 -26.5548 0.120101
78 -6.00029 0.116886
79 -1.14791 0.118164
80 -17.6568 0.118558
81 -33.2315 0.117439
82 -11.0127 0.115052
83 -12.0644 0.12131
84 -25.7845 0.117615
85 -10.596 0.115476
86 -3.81957 0.118353
87 -9.52025 0.121602
88 -24.057 0.121102
89 5.84608 0.116837
90 -5.37359 0.117969
91 -26.0161 0.12053
92 5.90812 0.121498
93 6.99269 0.122404
94 6.34765 0.120747
95 6.34765 0.120747
