0 18.3442 0.111232
1 22.4129 0.1123
2 0.609363 0.111972
3 -20.0531 0.114175
4 27.4218 0.109928
5 9.6896 0.115078
6 -15.7726 0.117089
7 10.9913 0.11454
8 -3.96907 0.113238
9 -33.4982 0.113743
10 11.287 0.115045
11 14.4812 0.115431
12 2.31634 0.116303
13 -7.97096 0.116812
14 11.7749 0.115547
15 9.54495 0.116667
16 18.9996 0.119167
17 22.9965 0.118941
18 -8.45525 0.119997
19 -43.3274 0.115937
20 -5.79866 0.117801
21 -9.72449 0.118581
22 -3.16678 0.115851
23 -8.10262 0.119102
24 -17.2337 0.116343
25 -2.76128 0.11728
26 1.74658 0.115566
27 15.1271 0.117243
28 11.2415 0.122323
29 -21.9053 0.117367
30 -32.2194 0.12123
31 0.0581724 0.118782
32 9.03117 0.109286
33 37.9906 0.110716
34 20.4071 0.10805
35 7.6717 0.108584
36 44.9029 0.109284
37 31.1038 0.106168
38 5.7027 0.109306
39 27.7084 0.111012
40 -1.16415 0.106346
41 41.9831 0.110714
42 27.4847 0.108322
43 23.827 0.112154
44 52.4668 0.114526
45 -22.777 0.111165
46 28.5341 0.107735
47 6.38015 0.112635
48 9.72914 0.109556
49 6.92733 0.108758
50 34.7149 0.110765
51 10.0152 0.10654
52 5.71979 0.109658
53 19.9152 0.110484
54 15.4356 0.113888
55 7.3088 0.112659
56 18.9012 0.107424
57 14.04 0.114
58 -7.73507 0.11019
59 35.1096 0.109403
60 11.5445 0.113588
61 11.7792 0.114873
62 11.8906 0.112327
63 16.6147 0.109115
64 34.8715 0.11422
65 48.9593 0.111904
66 41.0379 0.115728
67 60.1675 0.114356
68 39.3341 0.111719
69 30.835 0.114618
70 33.2676 0.112074
71 70.6212 0.116377
72 43.8167 0.11995
73 46.7798 0.112015
74 55.3176 0.115919
75 34.7493 0.114474
76 56.859 0.118412
77 43.85 0.115565
78 73.1963 0.115215
79 30.8739 0.115136
80 11.1058 0.117432
81 38.4502 0.113241
82 34.0581 0.115177
83 47.2272 0.119287
84 31.6636 0.118417
85 46.9364 0.114123
86 55.8132 0.112177
87 38.8205 0.114111
88 13.1605 0.11211
89 47.323 0.114808
90 52.4382 0.116897
91 49.066 0.113656
92 42.6704 0.115553
93 38.3946 0.114929
94 37.5779 0.119408
