0 -53.1703 0.103516
1 -32.6764 0.110918
2 -59.342 0.111448
3 -48.6597 0.113173
4 -48.2975 0.111101
5 -30.1763 0.116705
6 -64.4873 0.114836
7 -37.7415 0.107129
8 -36.5573 0.108586
9 -74.1696 0.106011
10 -84.5501 0.112521
11 -81.2906 0.116829
12 -98.7883 0.113378
13 -35.7483 0.109456
14 -63.9962 0.109121
15 -95.8623 0.115102
16 -71.0358 0.103402
17 -35.9044 0.116005
18 -49.2099 0.108845
19 -82.9385 0.110097
20 -41.3372 0.111139
21 -40.8641 0.114682
22 -63.1812 0.11167
23 -26.8344 0.111583
24 -44.1501 0.11418
25 -58.3009 0.116628
26 -70.4769 0.106402
27 -64.4967 0.111137
28 -57.5352 0.109589
29 -51.3401 0.113238
30 -40.5484 0.113414
31 -39.2962 0.109854
32 18.7335 0.110142
33 28.4462 0.114068
34 -3.55214 0.110607
35 37.4146 0.111277
36 38.7682 0.111939
37 1.09626 0.111957
38 15.6203 0.108231
39 30.6776 0.112031
40 47.1794 0.112111
41 48.1778 0.111739
42 6.15077 0.11132
43 31.592 0.11203
44 34.8594 0.112405
45 21.3189 0.118598
46 -0.796808 0.110194
47 16.9058 0.11099
48 16.1934 0.115075
49 29.949 0.113071
50 15.4347 0.116463
51 48.7653 0.112277
52 12.451 0.118558
53 19.3104 0.118297
54 26.9741 0.115066
55 38.5801 0.112486
56 35.3932 0.108913
57 30.2979 0.118691
58 34.7495 0.116957
59 21.8954 0.111221
60 16.7587 0.114965
61 17.8241 0.118186
62 15.6077 0.120659
63 27.5616 0.119355
64 46.721 0.11126
65 29.4564 0.115466
66 -3.71265 0.117105
67 7.76231 0.11629
68 34.9834 0.109234
69 51.7742 0.108764
70 30.0921 0.108805
71 21.2684 0.109219
72 38.4322 0.110048
73 19.7058 0.116814
74 27.4215 0.112349
75 44.3296 0.117405
76 37.5125 0.110298
77 7.77513 0.120051
78 20.3173 0.11678
79 10.6349 0.121799
80 25.8639 0.123221
81 27.0741 0.115176
82 27.1975 0.118397
83 35.1634 0.118148
84 16.6678 0.116872
85 27.0692 0.121244
86 34.8131 0.121341
87 29.1951 0.11701
88 52.2519 0.120998
89 25.5187 0.12036
90 62.1884 0.120197
91 31.7261 0.119934
92 12.8215 0.114158
93 30.6529 0.118339
94 23.7136 0.118563
95 23.7136 0.118563
