0 37.0318 0.108982
1 44.0078 0.116207
2 52.6476 0.107903
3 29.2536 0.111521
4 65.2263 0.108839
5 70.5053 0.111042
6 16.1825 0.112547
7 42.4348 0.11779
8 31.6379 0.116981
9 24.705 0.115847
10 44.5498 0.118641
11 54.5569 0.115416
12 33.5399 0.115437
13 43.9822 0.1236
14 35.8286 0.119973
15 35.5799 0.115658
16 25.4022 0.117782
17 28.8543 0.113437
18 38.4748 0.121156
19 31.1771 0.115513
20 24.3183 0.120015
21 29.2137 0.121126
22 17.6979 0.121774
23 14.5097 0.117183
24 27.684 0.121375
25 54.4611 0.117982
26 33.4821 0.119069
27 17.2206 0.125631
28 46.2781 0.117226
29 28.0983 0.113791
30 34.5242 0.119163
31 19.4227 0.121629
32 47.7374 0.113087
33 22.1147 0.114285
34 -2.00216 0.1181
35 5.68847 0.109896
36 38.2744 0.114281
37 67.1191 0.109251
38 33.9931 0.110518
39 32.7505 0.124954
40 30.0947 0.113175
41 30.2177 0.110574
42 23.0733 0.113352
43 15.8548 0.111486
44 17.5983 0.113309
45 28.2363 0.0866091
46 21.1335 0.116199
47 20.4222 0.12797
48 5.95037 0.118042
49 -10.6608 0.121883
50 15.3266 0.116822
51 17.3946 0.123028
52 -1.00223 0.119447
53 41.8783 0.12207
54 25.1069 0.120452
55 12.4124 0.119727
56 44.2461 0.116637
57 -7.84474 0.127477
58 3.10672 0.127943
59 27.7164 0.113967
60 38.973 0.123732
61 14.0583 0.119206
62 15.3848 0.118702
63 24.2894 0.119943
