0 -92.4057 0.121432
1 -70.8615 0.112112
2 -59.535 0.112194
3 -104.045 0.118255
4 -76.9273 0.112824
5 -97.7429 0.114314
6 -81.3504 0.108648
7 -83.2456 0.118913
8 -75.3263 0.120024
9 -62.342 0.111529
10 -73.1318 0.118341
11 -52.2051 0.116384
12 -91.5407 0.112907
13 -86.3491 0.1167
14 -93.5074 0.118212
15 -84.5268 0.11564
16 -72.8489 0.116656
17 -71.75 0.114281
18 -50.1247 0.115014
19 -91.6627 0.121051
20 -96.0573 0.118077
21 -74.8251 0.117717
22 -62.4514 0.118836
23 -72.1165 0.115184
24 -75.6078 0.115892
25 -69.1649 0.11233
26 -83.0197 0.114466
27 -70.03 0.115502
28 -115.115 0.121017
29 -71.2469 0.112983
30 -55.5329 0.120587
31 -96.186 0.110414
32 -37.671 0.114542
33 -17.8294 0.112407
34 -64.4993 0.111087
35 -33.7526 0.111565
36 -44.608 0.115915
37 -42.5042 0.110295
38 -20.0936 0.118503
39 -8.87032 0.119332
40 -58.8434 0.114814
41 -33.7017 0.115476
42 -37.4035 0.11501
43 -32.9102 0.112163
44 -35.674 0.113339
45 -72.7217 0.11827
46 -29.7104 0.110581
47 -37.5494 0.11971
48 -54.9944 0.116621
49 -41.4832 0.116365
50 -52.8786 0.116774
51 -53.6737 0.11369
52 -25.5033 0.11583
53 -50.2525 0.114596
54 -17.1446 0.116046
55 -27.5236 0.113679
56 -41.7768 0.116809
57 -41.8081 0.118801
58 -49.5584 0.119432
59 -58.2911 0.113096
60 -53.0528 0.118345
61 -49.1914 0.113773
62 -54.4848 0.112467
63 -41.5484 0.116594
64 38.9131 0.1139
65 26.4961 0.110015
66 72.0271 0.112993
67 24.1148 0.111335
68 49.0533 0.10853
69 65.9207 0.104968
70 23.8332 0.114357
71 35.679 0.116486
72 25.2794 0.113531
73 51.3807 0.112336
74 41.5326 0.115114
75 60.5677 0.114409
76 51.6965 0.118826
77 37.1909 0.11125
78 56.9772 0.113148
79 28.464 0.118677
80 36.3117 0.119984
81 63.1238 0.112498
82 22.3786 0.110384
83 14.0831 0.116818
84 41.4759 0.117617
85 46.6007 0.117538
86 56.6511 0.119257
87 58.792 0.113275
88 37.7708 0.116296
89 19.4725 0.118194
90 29.2136 0.119361
91 38.7651 0.11493
92 33.9283 0.115812
93 11.1476 0.12
94 31.6364 0.113149
95 31.6364 0.113149
