0 -36.7951 0.113369
1 -38.0228 0.107563
2 -7.01258 0.116871
3 -8.95516 0.111989
4 -45.7454 0.111699
5 13.0792 0.11179
6 -28.2725 0.112299
7 15.4937 0.111895
8 -36.3907 0.118292
9 -37.7389 0.109752
10 17.1527 0.113042
11 6.74735 0.113118
12 -24.5894 0.112211
13 -8.15735 0.107682
14 -26.9227 0.109206
15 -38.8393 0.115911
16 -25.0384 0.116884
17 -23.8519 0.117911
18 -29.3707 0.115028
19 -41.4857 0.118721
20 -1.83824 0.118534
21 -28.1627 0.116403
22 6.40889 0.116073
23 -36.1904 0.117643
24 -23.11 0.114292
25 -21.613 0.117427
26 -10.1804 0.118876
27 -35.0749 0.121716
28 -39.048 0.112393
29 -31.7738 0.115844
30 -35.637 0.118338
31 -19.9884 0.109593
32 2.91409 0.110979
33 -9.41051 0.112584
34 17.6789 0.111954
35 -7.44359 0.105888
36 5.11667 0.114451
37 -16.7753 0.116459
38 15.4483 0.114407
39 16.0721 0.110636
40 14.7892 0.111295
41 19.5884 0.112637
42 -11.9305 0.11339
43 -6.55037 0.115664
44 -16.0532 0.118386
45 33.7496 0.114179
46 -3.70102 0.11455
47 31.1291 0.11274
48 -0.510015 0.118191
49 17.9576 0.112614
50 16.9766 0.116058
51 23.8527 0.110885
52 -11.4216 0.121833
53 -10.9079 0.115713
54 -12.6758 0.116673
55 29.4902 0.123303
56 10.1571 0.113796
57 28.1031 0.115371
58 9.05714 0.125702
59 -5.92611 0.11403
60 26.4111 0.121602
61 4.5005 0.114729
62 10.0241 0.117475
63 -11.2862 0.114007
64 47.0494 0.108744
65 42.1861 0.104278
66 60.6483 0.10676
67 76.9151 0.109222
68 60.1191 0.115319
69 54.4643 0.109592
70 43.5149 0.116704
71 64.0631 0.111474
72 75.231 0.113322
73 65.4928 0.110452
74 53.3247 0.110085
75 40.8199 0.109419
76 65.7641 0.111076
77 63.2879 0.110788
78 52.9265 0.115202
79 41.4605 0.117762
80 74.879 0.110692
81 64.2146 0.115529
82 58.9813 0.117052
83 72.72 0.118374
84 67.343 0.111691
85 41.775 0.106296
86 73.9827 0.11312
87 58.6233 0.113658
88 55.1138 0.11226
89 74.1418 0.111775
90 50.067 0.114437
91 68.1801 0.114323
92 64.6698 0.127978
93 44.9842 0.116142
94 49.8487 0.113424
95 49.8487 0.113424
