0 19.7939 0.115145
1 -26.4608 0.112002
2 11.9308 0.112824
3 34.3748 0.115378
4 -0.701494 0.113093
5 -2.87129 0.115234
6 -43.0179 0.115124
7 -4.56451 0.112752
8 -13.4048 0.114592
9 -17.9816 0.115829
10 -9.44119 0.117087
11 -48.4902 0.117563
12 -11.0788 0.116897
13 -8.1748 0.114493
14 -30.7629 0.114776
15 -4.88245 0.115614
16 -26.3562 0.119505
17 -25.1155 0.117467
18 -16.8586 0.120342
19 -20.0413 0.116421
20 -12.1579 0.116997
21 -15.6343 0.126557
22 -21.2855 0.120482
23 -7.35831 0.119774
24 -11.7438 0.11734
25 -38.0494 0.116894
26 -38.8646 0.116902
27 -20.798 0.114795
28 -42.0801 0.119587
29 -28.7909 0.118874
30 -13.726 0.119783
31 3.5794 0.119239
32 -11.3228 0.114107
33 -39.0957 0.107823
34 -2.86407 0.112815
35 -14.1569 0.107211
36 -17.8705 0.107326
37 0.557723 0.115151
38 -44.8097 0.114762
39 -3.82739 0.112108
40 -7.30173 0.115871
41 -30.5176 0.112766
42 3.73915 0.11627
43 -39.3151 0.114194
44 -10.4278 0.118505
45 -19.5394 0.112707
46 -44.9713 0.108808
47 -0.281108 0.121146
48 -3.35922 0.113441
49 -22.2684 0.113659
50 -3.31097 0.115575
51 -28.6862 0.114085
52 -4.15936 0.120022
53 -7.66434 0.119096
54 -25.3276 0.121425
55 -22.6661 0.113572
56 -16.2239 0.118027
57 -13.6919 0.115467
58 -32.6259 0.118186
59 -20.0559 0.120204
60 -45.1115 0.12105
61 -7.14662 0.118706
62 -38.222 0.126094
63 -21.9589 0.124357
64 49.3373 0.10735
65 43.1014 0.108688
66 61.2266 0.111611
67 25.4615 0.115371
68 45.9144 0.111391
69 48.3366 0.119413
70 79.0709 0.108216
71 24.0264 0.112021
72 47.8443 0.116553
73 42.8496 0.111188
74 36.9206 0.114986
75 48.7896 0.116819
76 68.0602 0.110617
77 50.6815 0.109976
78 38.7098 0.116759
79 30.5658 0.110063
80 23.289 0.110651
81 41.4339 0.115343
82 27.3442 0.116255
83 39.0708 0.116527
84 50.5745 0.113761
85 19.8528 0.121803
86 21.7048 0.111898
87 13.9212 0.12066
88 48.1928 0.114692
89 49.3222 0.111888
90 29.241 0.114254
91 63.7527 0.121885
92 40.4447 0.113784
93 32.3279 0.119921
94 54.5688 0.115744
95 54.5688 0.115744
