0 -28.3714 0.116155
1 -6.23791 0.117396
2 -18.4056 0.110906
3 -47.9431 0.113755
4 -17.1172 0.117783
5 -20.9982 0.118862
6 -9.30896 0.116942
7 1.50876 0.11277
8 -23.8759 0.114947
9 -11.5829 0.117479
10 -39.2275 0.115213
11 -18.5097 0.112177
12 7.73586 0.115988
13 -34.5883 0.116439
14 -17.4166 0.115693
15 -19.324 0.114508
16 -24.7983 0.116856
17 -10.3015 0.117256
18 -12.0085 0.11712
19 -20.5321 0.115462
20 2.91739 0.11814
21 -7.61433 0.118004
22 0.221787 0.114314
23 -34.7104 0.118039
24 -2.644 0.116947
25 -30.4569 0.114767
26 -29.5788 0.118527
27 -16.9154 0.120325
28 -24.6774 0.11675
29 -32.3402 0.114437
30 -30.9872 0.120332
31 -8.85242 0.11578
32 36.8756 0.112875
33 24.2878 0.112224
34 29.433 0.111185
35 37.0205 0.116222
36 41.4077 0.115073
37 -0.933768 0.112427
38 22.8433 0.114254
39 5.87946 0.115577
40 31.3279 0.110178
41 15.7395 0.112759
42 65.3116 0.112374
43 18.2009 0.111931
44 35.4149 0.111983
45 24.7569 0.114764
46 27.5716 0.108222
47 10.2136 0.115051
48 27.9632 0.120614
49 0.720811 0.112442
50 3.29606 0.116374
51 5.17569 0.1148
52 11.7835 0.1191
53 17.3519 0.114613
54 56.9142 0.117662
55 33.6973 0.116668
56 27.2216 0.114081
57 28.5223 0.120268
58 -8.49202 0.113464
59 15.3632 0.116461
60 19.6715 0.116635
61 26.8707 0.113679
62 8.49939 0.114984
63 -17.7553 0.118995
64 39.2677 0.117014
65 63.3156 0.116593
66 39.2872 0.110415
67 36.911 0.113059
68 84.3868 0.107911
69 77.9785 0.118304
70 52.3762 0.115262
71 64.9565 0.110199
72 26.0041 0.116187
73 41.861 0.10771
74 51.7029 0.115995
75 61.6721 0.114793
76 45.4408 0.113878
77 30.1344 0.114633
78 37.8672 0.114249
79 60.1656 0.112167
80 59.7163 0.118639
81 37.8048 0.116259
82 33.539 0.11957
83 44.2904 0.119738
84 61.0874 0.114441
85 48.2677 0.120281
86 34.8256 0.116006
87 57.42 0.1143
88 59.892 0.119203
89 24.7692 0.117952
90 37.1832 0.11648
91 34.7016 0.113284
92 9.47591 0.121134
93 16.3088 0.114317
94 50.1189 0.121851
95 50.1189 0.121851
