0 15.6598 0.108818
1 21.368 0.111607
2 36.3498 0.118989
3 20.6153 0.110511
4 6.29143 0.117365
5 28.3764 0.112014
6 5.77341 0.111103
7 15.9154 0.112833
8 21.141 0.110871
9 39.7311 0.112513
10 17.275 0.117014
11 42.9771 0.115535
12 29.8335 0.119726
13 31.2031 0.113917
14 19.2222 0.111477
15 9.52574 0.115074
16 19.3653 0.112387
17 12.2746 0.116808
18 21.8722 0.11674
19 11.4533 0.11472
20 44.1453 0.116416
21 25.613 0.113868
22 39.7183 0.114251
23 0.340409 0.11651
24 22.6563 0.114061
25 23.4996 0.112193
26 28.4275 0.116821
27 41.4663 0.114515
28 32.0259 0.113129
29 30.7699 0.115404
30 30.5598 0.114974
31 27.6434 0.115299
32 10.7375 0.11422
33 -2.91863 0.109539
34 12.1089 0.111483
35 12.8404 0.111029
36 6.3165 0.11133
37 -1.54267 0.112083
38 18.1146 0.110252
39 -0.0699854 0.112511
40 21.9705 0.111146
41 24.3092 0.110756
42 13.6106 0.10995
43 6.22434 0.23263
44 -24.2684 0.112455
45 28.2345 0.111102
46 0.18511 0.110405
47 21.5099 0.111104
48 16.0727 0.109242
49 9.77867 0.230968
50 10.1453 0.111792
51 37.3458 0.111965
52 19.7472 0.1104
53 -12.8341 0.111031
54 4.24641 0.111768
55 4.64108 0.108974
56 8.86488 0.111255
57 -0.460228 0.108012
58 31.1716 0.111103
59 -2.95542 0.109145
60 -30.6939 0.111187
61 -5.46724 0.110389
62 5.89099 0.113005
63 -31.216 0.108906
64 82.8059 0.116042
65 42.2489 0.117619
66 72.1316 0.11658
67 38.055 0.115058
68 47.2714 0.114598
69 44.0774 0.115871
70 65.1214 0.115886
71 54.2435 0.117903
72 40.9602 0.113693
73 68.7485 0.118475
74 57.4913 0.117503
75 14.312 0.119259
76 53.2519 0.116969
77 33.2815 0.115436
78 22.144 0.118459
79 43.8955 0.113009
80 26.3962 0.120172
81 60.8268 0.116469
82 45.8119 0.116833
83 37.4221 0.121518
84 49.9454 0.116183
85 57.3888 0.117053
86 53.7718 0.115684
87 40.5149 0.117443
88 22.0057 0.116372
89 68.5149 0.116653
90 59.623 0.120403
91 33.9661 0.114596
92 39.0695 0.119547
93 54.1353 0.117836
94 59.783 0.118275
95 59.783 0.118275
