0 -1.20113 0.119026
1 -11.2882 0.111893
2 -29.2467 0.11011
3 0.211526 0.11064
4 -20.833 0.120185
5 -22.6723 0.113245
6 -28.2076 0.118231
7 -23.4741 0.118225
8 -14.4858 0.118643
9 -34.1815 0.114071
10 -50.7246 0.114351
11 7.10822 0.113892
12 -26.0411 0.119162
13 -7.74084 0.116752
14 -23.1647 0.115669
15 -0.484681 0.113608
16 -2.77315 0.114507
17 -27.4042 0.121174
18 3.833 0.11418
19 -31.1381 0.117188
20 10.0482 0.117563
21 -37.5435 0.115919
22 -8.80363 0.12029
23 -26.0531 0.116291
24 -42.9122 0.117809
25 -17.306 0.122419
26 -14.8113 0.119321
27 -4.41911 0.119421
28 -17.0175 0.120986
29 3.50131 0.123517
30 -30.7654 0.121844
31 -2.10614 0.120494
32 -54.0405 0.104496
33 -68.3924 0.103818
34 -82.8521 0.112168
35 -48.3104 0.105993
36 -88.8185 0.111947
37 -105.413 0.119094
38 -90.8977 0.111107
39 -55.067 0.111575
40 -55.5654 0.108055
41 -89.8457 0.115773
42 -50.1471 0.104159
43 -78.8398 0.109409
44 -87.9123 0.107359
45 -81.9882 0.114166
46 -90.9496 0.115635
47 -50.2303 0.23657
48 -72.9015 0.114216
49 -80.3059 0.111741
50 -114.478 0.11461
51 -60.256 0.113628
52 -91.1401 0.100492
53 -72.1917 0.111632
54 -77.781 0.119749
55 -78.2906 0.114603
56 -81.0292 0.109072
57 -61.8299 0.113625
58 -77.7906 0.115656
59 -70.1815 0.118142
60 -82.4961 0.105736
61 -53.4921 0.116076
62 -76.1951 0.112703
63 -83.0038 0.10673
64 1.97027 0.114008
65 -29.3826 0.112057
66 7.67465 0.110483
67 -54.4018 0.115709
68 -40.7836 0.110251
69 -4.18349 0.118514
70 -13.8365 0.113794
71 -41.9764 0.112193
72 -18.9511 0.111948
73 -36.8767 0.11176
74 -22.1007 0.114896
75 -26.2259 0.115633
76 -35.0407 0.114214
77 -39.2526 0.114281
78 -43.9501 0.112601
79 -24.6461 0.112765
80 -18.3951 0.111991
81 -38.2562 0.110149
82 -36.5938 0.115567
83 -44.0866 0.116782
84 -17.5315 0.117877
85 -35.3302 0.116167
86 -35.6744 0.117863
87 -45.6768 0.124167
88 -37.1184 0.117429
89 -26.0914 0.112962
90 -1.17317 0.121226
91 -33.1834 0.116706
92 -4.18703 0.120238
93 -19.815 0.113786
94 -30.9664 0.115683
95 -30.9664 0.115683
