0 -39.9321 0.115763
1 -41.9489 0.112993
2 -31.231 0.110906
3 -41.7673 0.114868
4 -24.0816 0.114992
5 -15.5534 0.116416
6 -13.1337 0.109913
7 -28.9537 0.112231
8 -10.3716 0.115737
9 -24.6436 0.115118
10 -48.4582 0.113663
11 -21.4948 0.11318
12 -34.1502 0.111179
13 -11.0075 0.110906
14 -15.7342 0.115783
15 2.45443 0.115809
16 -25.8284 0.119393
17 -5.19321 0.117235
18 -21.5096 0.112074
19 -15.8957 0.124118
20 -17.3454 0.119655
21 -41.114 0.114865
22 -28.9121 0.120954
23 -15.6148 0.118772
24 -35.0955 0.115039
25 -12.2453 0.121477
26 -18.7534 0.112679
27 -38.5265 0.113136
28 -46.022 0.112705
29 -42.6582 0.118922
30 -18.2447 0.116433
31 -23.6915 0.11814
32 3.71302 0.106598
33 -14.7921 0.106595
34 -19.4563 0.107695
35 -12.0935 0.107364
36 -11.8211 0.110802
37 -19.8567 0.110213
38 -17.0797 0.112056
39 -1.50219 0.10947
40 -23.5516 0.113584
41 9.75471 0.107742
42 -27.3889 0.120275
43 8.30627 0.111208
44 -12.8656 0.114244
45 -41.2532 0.109786
46 -27.0793 0.114693
47 -10.2804 0.114285
48 -21.7163 0.111974
49 -18.0264 0.113157
50 -20.4658 0.112385
51 -12.5303 0.109967
52 -29.6608 0.11726
53 -31.809 0.113925
54 -10.7449 0.112648
55 -10.0062 0.117821
56 4.47187 0.113446
57 -45.3962 0.123458
58 -5.81333 0.110216
59 4.09279 0.113068
60 -23.8238 0.117267
61 -9.17068 0.115675
62 -14.263 0.113633
63 0.278875 0.115438
64 43.4225 0.118186
65 48.3547 0.113754
66 18.7104 0.108792
67 25.2884 0.111432
68 53.0109 0.109577
69 49.5072 0.108515
70 31.3472 0.115371
71 17.7582 0.115519
72 67.902 0.10583
73 14.3712 0.115005
74 32.2411 0.110329
75 55.6318 0.116937
76 39.9236 0.116369
77 44.2879 0.112842
78 3.43548 0.114054
79 26.9836 0.112243
80 30.0794 0.11683
81 21.574 0.111568
82 36.8188 0.116263
83 32.21 0.119267
84 41.5309 0.119623
85 41.5252 0.115796
86 23.3303 0.120837
87 43.3701 0.118355
88 47.6185 0.118465
89 30.4066 0.117759
90 27.653 0.115784
91 24.3204 0.121895
92 11.8682 0.11567
93 51.6403 0.120242
94 21.1502 0.116327
95 21.1502 0.116327
