0 -30.6505 0.10673
1 -30.1757 0.114607
2 -31.6438 0.121726
3 -5.32687 0.118911
4 -4.40167 0.116527
5 -18.3789 0.111664
6 -27.0111 0.115782
7 -30.3826 0.112367
8 -9.67006 0.110679
9 -24.2975 0.11601
10 -31.2022 0.115751
11 -30.7936 0.11936
12 -30.8218 0.122337
13 -17.9917 0.114393
14 -42.1366 0.114265
15 -28.0872 0.113336
16 -15.3895 0.11082
17 -21.7759 0.11224
18 -36.9079 0.117707
19 -16.4791 0.117548
20 2.73076 0.121331
21 -14.229 0.118317
22 -20.0434 0.116484
23 -32.4388 0.116386
24 -22.8579 0.116092
25 -32.9503 0.117966
26 -0.195859 0.119606
27 -36.2297 0.120115
28 -34.6336 0.123764
29 -24.48 0.11851
30 -28.4067 0.122119
31 -31.0199 0.117817
32 -22.4892 0.113048
33 -29.6317 0.118739
34 -25.847 0.112527
35 -28.4957 0.110907
36 -37.3126 0.109585
37 -9.06638 0.111326
38 -31.3551 0.109903
39 -21.3194 0.113389
40 -11.3176 0.110955
41 -30.4895 0.110962
42 -25.775 0.112863
43 -6.14927 0.115114
44 -26.9419 0.111852
45 -12.2453 0.115297
46 3.94743 0.112278
47 -24.764 0.115195
48 -47.6422 0.113295
49 -45.1733 0.11241
50 -25.3847 0.114777
51 -10.868 0.117214
52 -25.8005 0.118034
53 -41.834 0.11239
54 -14.1497 0.114621
55 -14.3132 0.117965
56 -35.1248 0.11094
57 -19.6619 0.120514
58 -44.4636 0.117387
59 -33.8265 0.114888
60 -38.0121 0.118583
61 -41.0002 0.118246
62 -38.6499 0.118016
63 -21.4017 0.119947
64 55.2959 0.116356
65 64.1852 0.105702
66 65.2921 0.116901
67 97.5778 0.111884
68 101.938 0.112574
69 88.7757 0.119078
70 68.2323 0.109935
71 69.1188 0.112572
72 50.6382 0.114062
73 91.4344 0.115167
74 63.9175 0.111273
75 78.6036 0.115615
76 69.1911 0.117164
77 78.6395 0.118402
78 60.7172 0.114135
79 68.3061 0.110742
80 49.1154 0.11667
81 69.4496 0.118269
82 42.3304 0.118606
83 60.1784 0.114901
84 61.1212 0.115869
85 63.4985 0.116646
86 41.7348 0.114412
87 76.4367 0.113268
88 48.5114 0.116219
89 31.5093 0.117797
90 34.7412 0.121408
91 43.1621 0.121541
92 71.1817 0.115413
93 70.6657 0.116306
94 73.6149 0.118025
95 73.6149 0.118025
