0 30.104 0.105417
1 51.2334 0.11359
2 53.9328 0.114036
3 38.7451 0.110327
4 38.9356 0.115173
5 36.9795 0.11286
6 19.0561 0.112375
7 16.8361 0.114932
8 22.5695 0.115081
9 30.4278 0.113793
10 9.06414 0.111425
11 28.4445 0.113123
12 43.9889 0.113797
13 1.44424 0.111906
14 7.29625 0.120365
15 38.4321 0.12317
16 -1.74675 0.116228
17 -1.95656 0.116016
18 15.7451 0.115355
19 16.7203 0.115943
20 2.74892 0.114911
21 15.0865 0.113654
22 55.4769 0.116188
23 14.6242 0.116042
24 38.5889 0.115498
25 18.9689 0.118636
26 5.75912 0.116747
27 12.3002 0.118315
28 19.4143 0.118503
29 25.171 0.119185
30 19.0433 0.116616
31 31.5206 0.114856
32 17.044 0.11025
33 16.013 0.109568
34 20.6509 0.107474
35 17.1637 0.10806
36 14.0257 0.110559
37 23.0401 0.109015
38 21.266 0.113268
39 11.7819 0.108869
40 5.47577 0.109275
41 27.4802 0.11118
42 10.4594 0.111006
43 26.8323 0.111207
44 25.1527 0.112887
45 7.63016 0.117135
46 13.1523 0.115668
47 5.11308 0.11412
48 13.1544 0.113608
49 6.77805 0.113029
50 17.3646 0.113306
51 6.53754 0.114132
52 44.2798 0.114648
53 11.5128 0.114514
54 14.9981 0.113354
55 5.36062 0.114137
56 24.2688 0.116096
57 15.1325 0.118166
58 20.5256 0.114124
59 -1.72421 0.118486
60 11.235 0.116635
61 9.45479 0.11315
62 -4.77402 0.11777
63 11.6383 0.118216
