0 13.2815 0.11331
1 -13.5367 0.112708
2 5.02829 0.111652
3 25.8582 0.112981
4 12.3761 0.112967
5 2.73281 0.11318
6 25.3245 0.109377
7 20.4307 0.11363
8 -0.97276 0.111654
9 -0.386437 0.113788
10 0.785396 0.11309
11 -18.2713 0.110482
12 6.38581 0.112886
13 -9.45678 0.113431
14 8.92357 0.112717
15 -6.10679 0.115288
16 0.497033 0.116067
17 3.73646 0.117299
18 3.49175 0.113471
19 10.7257 0.118039
20 3.83749 0.114525
21 -3.28823 0.114255
22 -19.786 0.117032
23 -14.0076 0.112417
24 -5.52377 0.11643
25 22.2525 0.118022
26 -19.1346 0.116704
27 18.8112 0.121354
28 8.58827 0.115931
29 -22.8453 0.114823
30 -15.3366 0.116986
31 -6.95673 0.119492
32 22.1488 0.110753
33 16.0758 0.105842
34 45.3616 0.113049
35 17.702 0.111115
36 14.1961 0.105438
37 30.7837 0.106397
38 30.7479 0.116837
39 25.9602 0.109902
40 0.482741 0.108247
41 49.627 0.113198
42 16.1678 0.115488
43 33.2244 0.112974
44 16.6037 0.125308
45 23.419 0.113916
46 6.16379 0.112088
47 21.4969 0.115685
48 5.35586 0.111272
49 9.13565 0.12238
50 21.7377 0.123488
51 0.960072 0.118875
52 24.4946 0.12238
53 23.9343 0.118652
54 21.783 0.114092
55 37.6231 0.117523
56 42.0665 0.128165
57 43.5092 0.124251
58 20.2369 0.12551
59 28.3774 0.128998
60 6.2377 0.122604
61 4.98164 0.124959
62 33.6067 0.120518
63 37.7999 0.121632
64 61.2443 0.109153
65 55.9734 0.105504
66 59.6545 0.104987
67 48.3377 0.105014
68 45.6865 0.109623
69 17.5325 0.109694
70 53.4128 0.107059
71 56.1267 0.104856
72 103.426 0.105734
73 51.3933 0.108341
74 53.622 0.109409
75 25.1057 0.105654
76 48.5227 0.109682
77 36.1055 0.106845
78 48.9402 0.110218
79 53.49 0.11279
80 32.3451 0.109265
81 37.0462 0.110426
82 32.6134 0.107773
83 48.077 0.109579
84 13.9594 0.115192
85 28.7839 0.113487
86 53.5484 0.114715
87 31.1585 0.110158
88 36.3794 0.116635
89 52.2826 0.111399
90 9.94296 0.121514
91 42.864 0.110048
92 16.2019 0.118943
93 38.6979 0.117296
94 24.5573 0.115997
95 23.4778 0.117016
