0 -22.0687 0.112433
1 -58.9069 0.109423
2 -42.702 0.113804
3 -48.2883 0.114883
4 -44.6286 0.105189
5 -35.7173 0.113878
6 -25.9185 0.118191
7 -22.332 0.116325
8 -47.2384 0.113626
9 -20.3171 0.116149
10 -31.1138 0.115638
11 -18.3463 0.115714
12 -37.9532 0.115492
13 -16.654 0.120197
14 -18.2909 0.122963
15 -51.6349 0.110345
16 -27.1562 0.120421
17 -41.1164 0.115433
18 -15.599 0.113536
19 -19.763 0.120637
20 -40.2984 0.118861
21 -31.1975 0.120275
22 -31.4311 0.113269
23 -34.0625 0.120038
24 -25.7135 0.119485
25 -51.0837 0.118755
26 -59.6989 0.117729
27 -34.3116 0.123902
28 -36.2337 0.121634
29 -17.5945 0.116091
30 -19.3206 0.126565
31 -32.7307 0.117317
32 77.0343 0.114233
33 86.4448 0.10896
34 97.454 0.113506
35 98.0351 0.113452
36 85.7458 0.116699
37 115.402 0.116964
38 78.2084 0.124456
39 76.4492 0.110129
40 65.2782 0.114356
41 75.1137 0.112959
42 70.2539 0.117665
43 83.4037 0.114364
44 73.3655 0.121905
45 94.5186 0.119499
46 86.1965 0.120837
47 66.4003 0.12311
48 88.0543 0.117667
49 98.2664 0.122702
50 53.1627 0.121496
51 70.619 0.119359
52 83.3381 0.11821
53 71.8785 0.11748
54 81.3078 0.118843
55 44.5304 0.122713
56 80.9891 0.117763
57 63.3679 0.121543
58 49.462 0.128173
59 71.1574 0.117944
60 78.2158 0.121125
61 53.8556 0.119944
62 50.9497 0.118963
63 70.4086 0.116077
64 44.9772 0.119183
65 30.1095 0.110692
66 17.3085 0.106353
67 41.7236 0.115852
68 34.473 0.115558
69 49.7781 0.112213
70 39.5621 0.107224
71 58.2105 0.113756
72 43.2347 0.111491
73 34.9889 0.109899
74 30.9323 0.11484
75 42.6502 0.110939
76 33.1438 0.111926
77 34.6758 0.113544
78 44.9845 0.112108
79 39.5083 0.115378
80 35.9791 0.109255
81 3.47428 0.122545
82 11.5108 0.112642
83 36.8636 0.109584
84 24.768 0.120968
85 29.1102 0.121008
86 31.4559 0.112074
87 19.5117 0.10997
88 32.1052 0.112309
89 48.7528 0.113109
90 31.0851 0.120721
91 2.86702 0.118085
92 19.5565 0.115248
93 25.1727 0.121181
94 37.9481 0.117376
95 37.9481 0.117376
