0 27.5181 0.115215
1 8.82617 0.108905
2 9.89833 0.11416
3 15.871 0.111943
4 1.04073 0.11287
5 -11.2179 0.10957
6 -11.069 0.112467
7 -13.668 0.116941
8 12.5733 0.113814
9 -8.36048 0.112826
10 -5.9732 0.11429
11 7.08233 0.11432
12 -12.8299 0.122021
13 -0.554154 0.108063
14 -16.5001 0.111829
15 10.8577 0.109456
16 6.93845 0.117222
17 10.6263 0.112343
18 -3.60525 0.115538
19 -20.2568 0.108476
20 0.234347 0.117566
21 -17.78 0.114935
22 14.1975 0.114112
23 -13.7105 0.117182
24 -37.0153 0.116733
25 -11.4051 0.11675
26 -19.4583 0.114347
27 6.36286 0.118311
28 -5.26347 0.118169
29 9.16939 0.116111
30 -11.5989 0.119601
31 -15.0458 0.119337
32 3.35261 0.110977
33 1.34391 0.112163
34 7.1672 0.11072
35 21.3038 0.110782
36 15.415 0.113191
37 -20.5397 0.114154
38 -17.8313 0.115014
39 33.6383 0.108834
40 20.8672 0.109592
41 -7.45688 0.113572
42 13.6107 0.114613
43 4.9982 0.112328
44 -21.5452 0.116589
45 12.7658 0.114871
46 19.1849 0.121593
47 -6.42445 0.112266
48 -20.4966 0.11364
49 9.83979 0.115259
50 14.6909 0.114716
51 8.2489 0.118138
52 -4.00719 0.122034
53 -30.6793 0.118426
54 -12.071 0.120063
55 -9.51397 0.118443
56 -23.2889 0.11796
57 0.51868 0.118641
58 -9.54032 0.118445
59 -1.43412 0.118521
60 5.49921 0.123154
61 -19.6266 0.120647
62 16.9584 0.116051
63 -5.3181 0.119517
64 49.8866 0.114259
65 47.2204 0.114763
66 43.3364 0.112579
67 78.0882 0.107754
68 30.3403 0.11136
69 62.1952 0.110693
70 46.0936 0.110032
71 66.5655 0.105974
72 62.8369 0.118462
73 24.6214 0.112846
74 49.3136 0.115295
75 40.8853 0.114459
76 47.4058 0.122211
77 13.7798 0.116968
78 60.8176 0.121078
79 45.3403 0.112082
80 47.5297 0.11481
81 38.1336 0.116879
82 24.0472 0.119326
83 15.8368 0.119803
84 28.8844 0.123486
85 43.1943 0.112851
86 44.5811 0.117988
87 14.599 0.115531
88 50.0367 0.114029
89 60.6393 0.118801
90 14.2929 0.121288
91 42.3852 0.117156
92 -3.49816 0.129151
93 19.385 0.119906
94 37.5018 0.13257
95 37.5018 0.13257
