0 13.7105 0.110567
1 24.4579 0.112681
2 16.5379 0.114948
3 12.1676 0.128498
4 1.63803 0.113901
5 -9.88501 0.110545
6 2.67702 0.118619
7 25.3605 0.119691
8 -13.5226 0.120687
9 -1.04782 0.121968
10 14.8522 0.115388
11 9.77007 0.114141
12 27.0215 0.124779
13 27.0564 0.118699
14 25.2608 0.111546
15 2.07973 0.119689
16 6.98865 0.116556
17 -16.6175 0.120481
18 32.2835 0.11737
19 16.6088 0.122703
20 -12.6453 0.124562
21 -10.1045 0.131179
22 26.8365 0.116895
23 20.7928 0.115396
24 20.398 0.120617
25 5.72217 0.127919
26 -10.011 0.13346
27 1.25843 0.115045
28 -11.9632 0.123117
29 18.6722 0.121301
30 12.6015 0.125275
31 9.74661 0.116435
32 1.21933 0.112662
33 -33.1938 0.106791
34 -22.3709 0.11281
35 28.4368 0.109578
36 5.59244 0.114812
37 2.24604 0.117922
38 17.0142 0.116314
39 -13.7634 0.115935
40 -15.4785 0.111272
41 4.14974 0.114143
42 -17.422 0.115829
43 -9.76124 0.109764
44 14.0447 0.117972
45 -2.81301 0.117496
46 -36.7211 0.115917
47 -6.03152 0.117341
48 -19.264 0.109899
49 -1.76342 0.119532
50 -3.76438 0.116219
51 -8.78746 0.118345
52 -20.5138 0.116971
53 -19.3216 0.116332
54 -32.5545 0.114381
55 -37.3793 0.129571
56 -23.3671 0.122694
57 -21.0698 0.120189
58 -34.057 0.122086
59 -9.32059 0.132555
60 -19.9836 0.123813
61 -35.6828 0.126383
62 -13.4431 0.131642
63 -38.7108 0.123917
