0 7.66995 0.111014
1 -3.47775 0.11221
2 -0.475127 0.108539
3 -19.0928 0.125595
4 24.5098 0.111921
5 -2.418 0.113838
6 -13.8162 0.111251
7 9.19431 0.114715
8 22.3664 0.114425
9 15.0276 0.112712
10 -3.48057 0.11722
11 -19.1599 0.111798
12 14.6482 0.116442
13 -1.20217 0.111417
14 -2.49251 0.112954
15 24.6706 0.115249
16 5.40749 0.115436
17 6.0796 0.112701
18 -3.226 0.111652
19 8.42396 0.110048
20 -3.73738 0.115453
21 -15.7441 0.115009
22 38.8201 0.112056
23 18.4218 0.115276
24 -7.45971 0.115178
25 -6.36217 0.121577
26 -6.20453 0.119697
27 3.53922 0.117081
28 -2.05875 0.120303
29 -15.1057 0.120651
30 -0.970007 0.123479
31 -10.4318 0.114348
32 39.653 0.117693
33 27.8947 0.109188
34 -4.56929 0.108823
35 26.3795 0.11299
36 8.45281 0.109516
37 20.6419 0.113638
38 -2.47603 0.114467
39 -1.62654 0.110909
40 49.5043 0.107465
41 23.3677 0.115865
42 -6.44946 0.117597
43 14.4228 0.110696
44 6.68438 0.111553
45 44.3552 0.114012
46 31.3208 0.113784
47 9.66457 0.114431
48 23.0865 0.111336
49 4.82025 0.117496
50 34.0917 0.113346
51 -5.55332 0.117896
52 28.979 0.115266
53 14.2741 0.116618
54 -27.9891 0.131271
55 3.99727 0.112261
56 23.0679 0.115255
57 7.04837 0.119491
58 -10.3723 0.11663
59 -8.79839 0.123545
60 19.2911 0.117668
61 -22.8156 0.128945
62 5.72452 0.11938
63 -10.2028 0.120298
64 6.03493 0.114889
65 2.86956 0.114356
66 -14.9102 0.116632
67 -23.9922 0.12081
68 -15.162 0.113921
69 -4.05986 0.117417
70 -15.0469 0.12135
71 -7.51901 0.122496
72 0.00448542 0.117813
73 -2.37925 0.118033
74 -22.8049 0.12009
75 -10.7272 0.115967
76 1.22784 0.126126
77 -30.1359 0.114229
78 -13.9853 0.11831
79 -41.8499 0.113279
80 -22.0689 0.119518
81 7.12673 0.12662
82 -40.205 0.119346
83 -24.2338 0.122924
84 -24.1202 0.125744
85 6.04568 0.122203
86 -17.4864 0.124931
87 -44.945 0.117285
88 -11.8425 0.127703
89 -3.04683 0.119774
90 -18.0916 0.124657
91 -30.6385 0.128069
92 -21.0139 0.131932
93 11.0966 0.125914
94 -2.48329 0.120031
95 -2.48329 0.120031
