0 10.1224 0.111768
1 27.0933 0.11082
2 35.337 0.112582
3 15.4061 0.111296
4 32.229 0.111713
5 61.1824 0.112309
6 28.5965 0.109574
7 16.1816 0.116926
8 36.6681 0.113923
9 21.2855 0.117886
10 45.3307 0.111477
11 39.4551 0.110742
12 34.5285 0.113121
13 27.3014 0.11246
14 41.0198 0.117854
15 47.7223 0.115407
16 27.1754 0.114048
17 38.0921 0.117207
18 47.1206 0.117773
19 50.5419 0.117841
20 7.31861 0.117939
21 33.8047 0.116731
22 26.8733 0.123224
23 7.48159 0.118144
24 32.8795 0.114653
25 20.5874 0.117134
26 27.2805 0.118124
27 30.6552 0.114171
28 36.7471 0.115884
29 35.7547 0.117375
30 12.3966 0.118702
31 33.208 0.115694
32 60.5819 0.110429
33 63.1262 0.114315
34 75.0258 0.112441
35 90.2203 0.107062
36 66.1801 0.112065
37 100.749 0.112028
38 76.6116 0.110225
39 32.099 0.113127
40 54.4805 0.113243
41 74.8189 0.114127
42 55.436 0.11556
43 88.5055 0.112955
44 56.1342 0.110758
45 41.0824 0.109393
46 39.1648 0.112293
47 80.6298 0.112415
48 68.8113 0.113811
49 49.0791 0.114794
50 82.1023 0.10849
51 76.1 0.111822
52 63.21 0.113481
53 66.6807 0.113549
54 74.9524 0.111271
55 66.8052 0.116816
56 67.6027 0.113827
57 71.7173 0.12002
58 60.7393 0.11347
59 82.0978 0.11385
60 56.2631 0.116414
61 82.9109 0.11615
62 52.7132 0.119503
63 62.2532 0.113351
64 67.3423 0.11305
65 34.9731 0.10906
66 63.0078 0.111687
67 61.2592 0.107256
68 50.4754 0.111927
69 55.3246 0.114382
70 68.5655 0.11276
71 68.4274 0.110482
72 63.3975 0.110367
73 51.5376 0.108939
74 40.1644 0.108007
75 46.2418 0.118746
76 51.0765 0.115892
77 67.2269 0.113004
78 35.1459 0.112991
79 57.7022 0.115339
80 44.2058 0.11336
81 50.2488 0.111929
82 54.2762 0.113362
83 50.0518 0.108904
84 63.0832 0.116512
85 49.1844 0.114012
86 48.1121 0.111855
87 61.6116 0.111637
88 41.3932 0.116688
89 50.2629 0.114201
90 54.613 0.111477
91 74.437 0.112285
92 37.9184 0.112831
93 59.3443 0.111424
94 27.5907 0.123748
95 27.5907 0.123748
