0 40.2252 0.111243
1 52.8245 0.11627
2 38.945 0.109803
3 53.9607 0.109705
4 54.3028 0.107993
5 54.1088 0.114928
6 80.1141 0.112556
7 70.2308 0.111141
8 78.5042 0.113397
9 68.4265 0.112248
10 42.0188 0.116816
11 72.3767 0.112069
12 58.1207 0.113694
13 92.7849 0.112976
14 54.467 0.114388
15 53.3165 0.111489
16 58.3211 0.115451
17 76.8462 0.112552
18 44.0364 0.116137
19 36.7184 0.109742
20 45.4475 0.117352
21 47.352 0.117565
22 48.1589 0.113125
23 34.7755 0.112571
24 73.9248 0.114132
25 59.2505 0.111323
26 40.7877 0.114196
27 62.8939 0.109383
28 29.8876 0.112692
29 55.1164 0.110824
30 57.1924 0.117615
31 37.8213 0.116196
32 47.7045 0.11454
33 61.6106 0.111343
34 42.5689 0.11247
35 27.6878 0.112699
36 53.4636 0.112805
37 31.0418 0.110231
38 18.781 0.114484
39 53.6233 0.114989
40 50.804 0.110079
41 29.6393 0.114122
42 53.8007 0.108479
43 41.4438 0.114976
44 62.3655 0.110354
45 33.0191 0.112361
46 69.6091 0.111837
47 60.5525 0.113413
48 40.8606 0.114739
49 18.9473 0.12085
50 38.1445 0.114827
51 35.2235 0.115188
52 32.0339 0.115973
53 28.54 0.112788
54 44.7508 0.11235
55 49.468 0.117722
56 36.9694 0.113519
57 45.2959 0.114579
58 53.2738 0.113699
59 51.5914 0.117208
60 13.4481 0.122726
61 50.3652 0.112233
62 35.4646 0.113542
63 34.4145 0.116976
64 8.88292 0.109822
65 -2.04914 0.113915
66 5.04755 0.117245
67 8.64613 0.111255
68 -9.42641 0.112038
69 4.44737 0.111607
70 -8.06023 0.116793
71 -7.49153 0.111683
72 -15.2934 0.116395
73 6.57357 0.115633
74 24.0104 0.114104
75 -0.705903 0.122441
76 8.19034 0.11456
77 -0.744155 0.112209
78 -25.7086 0.11394
79 -8.41577 0.114027
80 -5.91619 0.118578
81 9.90392 0.120896
82 -15.2342 0.11862
83 -1.29913 0.114183
84 10.1216 0.115768
85 -19.0239 0.116915
86 -14.4258 0.122427
87 -5.92706 0.128092
88 -17.0438 0.118833
89 0.572015 0.122967
90 10.5649 0.124455
91 -6.44577 0.125438
92 0.982829 0.119882
93 -13.9179 0.119253
94 -18.1954 0.125043
95 -18.1954 0.125043
