0 -54.0633 0.113824
1 -25.76 0.113582
2 -50.5301 0.115364
3 -42.3082 0.119091
4 -28.3338 0.105557
5 -39.2781 0.118446
6 -30.1687 0.116164
7 -52.6079 0.114705
8 -68.2325 0.115455
9 -63.7861 0.109736
10 -48.3617 0.115056
11 -19.8292 0.113506
12 -44.2167 0.11377
13 -42.9855 0.115313
14 -59.6236 0.112589
15 -51.8878 0.116184
16 -33.7402 0.119356
17 -74.7017 0.110175
18 -58.8308 0.117458
19 -70.1762 0.111082
20 -51.6712 0.116176
21 -50.2674 0.116368
22 -43.1742 0.123108
23 -52.7836 0.117812
24 -47.9893 0.127641
25 -73.8291 0.111511
26 -60.0603 0.116919
27 -43.5801 0.120942
28 -56.0577 0.120893
29 -56.6029 0.116424
30 -61.6575 0.117164
31 -61.9824 0.11128
32 -57.4152 0.110986
33 -69.4958 0.110137
34 -67.959 0.107972
35 -111.519 0.12784
36 -76.1156 0.116855
37 -52.9522 0.108186
38 -65.4912 0.105925
39 -46.9226 0.103977
40 -40.6867 0.114737
41 -50.1112 0.112861
42 -46.9448 0.112586
43 -82.3899 0.111315
44 -49.3085 0.118512
45 -62.4831 0.117328
46 -80.219 0.109729
47 -35.2854 0.112772
48 -66.1339 0.103834
49 -76.7288 0.112813
50 -88.5495 0.111945
51 -52.9925 0.111638
52 -60.8423 0.109308
53 -68.2157 0.113276
54 -68.5626 0.105979
55 -57.5678 0.110218
56 -49.4693 0.110862
57 -66.5647 0.112945
58 -53.6587 0.120056
59 -73.1574 0.109675
60 -74.3158 0.110584
61 -72.0425 0.116724
62 -76.8663 0.116208
63 -93.6661 0.108447
64 -31.1958 0.233963
65 -34.4776 0.113894
66 -29.7496 0.118499
67 -57.8821 0.105652
68 -29.6503 0.11277
69 -53.3189 0.233568
70 -30.2915 0.11248
71 -33.6416 0.12239
72 -30.8754 0.113187
73 -45.6085 0.107058
74 -36.6171 0.113467
75 -51.0263 0.114829
76 -41.3279 0.112264
77 -38.347 0.117455
78 -32.3741 0.124883
79 -45.3978 0.116878
80 -47.1587 0.115033
81 -41.4436 0.119779
82 -2.25548 0.118556
83 -37.8413 0.118648
84 -39.8825 0.118142
85 -37.1633 0.113169
86 -39.6274 0.118706
87 -34.7642 0.118058
88 -44.4409 0.112308
89 -65.8937 0.108588
90 -52.4682 0.113992
91 -61.3596 0.115331
92 -49.4818 0.117418
93 -48.2021 0.114692
94 -48.9487 0.11665
95 -48.9487 0.11665
