0 13.6645 0.114402
1 25.0729 0.116167
2 16.265 0.112267
3 30.4511 0.11374
4 38.7916 0.116378
5 59.9651 0.107711
6 18.5998 0.114729
7 32.6356 0.110224
8 23.0516 0.116185
9 21.704 0.117213
10 41.0221 0.116406
11 30.84 0.114645
12 13.0431 0.110532
13 -15.4923 0.115011
14 25.3322 0.116422
15 40.7208 0.115339
16 24.8989 0.117863
17 29.617 0.114349
18 6.60666 0.116592
19 29.4615 0.113848
20 12.4819 0.112664
21 33.0933 0.116204
22 8.81864 0.111811
23 31.6107 0.117561
24 18.9069 0.117923
25 27.3389 0.121858
26 30.3213 0.11363
27 17.8793 0.121151
28 12.0755 0.118664
29 48.5263 0.11783
30 12.148 0.120005
31 -12.1836 0.115088
32 55.7663 0.108804
33 65.7087 0.107601
34 63.1477 0.104724
35 56.4507 0.10565
36 72.5106 0.111184
37 56.1932 0.112564
38 66.1451 0.108343
39 49.0657 0.106713
40 61.1709 0.1084
41 42.4369 0.113127
42 45.6421 0.112637
43 82.9249 0.112382
44 88.489 0.110698
45 81.3792 0.110012
46 47.9242 0.112414
47 44.8606 0.113677
48 60.5812 0.110594
49 55.3681 0.111938
50 54.6025 0.110699
51 57.9483 0.113005
52 48.6311 0.110882
53 68.5375 0.115076
54 55.0646 0.115084
55 55.3389 0.113676
56 62.8546 0.117048
57 35.2243 0.110847
58 57.4068 0.108202
59 49.8594 0.114452
60 59.1945 0.120172
61 32.9252 0.111627
62 14.7199 0.116138
63 39.2646 0.11408
64 9.49511 0.111315
65 4.41061 0.116967
66 17.8266 0.11034
67 -4.07366 0.111136
68 21.3027 0.11328
69 4.03749 0.109726
70 -8.04564 0.109144
71 10.5021 0.119817
72 8.25795 0.118651
73 7.41025 0.115626
74 31.6968 0.117974
75 -9.74581 0.114133
76 1.28423 0.110446
77 7.4842 0.117456
78 6.016 0.113136
79 4.37423 0.112502
80 58.0325 0.112302
81 -9.49654 0.118109
82 -31.1873 0.123261
83 31.0783 0.120495
84 1.64327 0.115606
85 10.7483 0.11939
86 8.63793 0.111991
87 13.9818 0.116664
88 17.2972 0.116644
89 7.02644 0.119413
90 41.5334 0.116328
91 0.28914 0.1172
92 -13.2211 0.120344
93 -5.58023 0.121165
94 -2.36471 0.114367
95 -2.36471 0.114367
