0 26.9676 0.115267
1 41.9252 0.105581
2 32.4238 0.106948
3 37.5689 0.110978
4 6.24347 0.111414
5 32.8373 0.106154
6 36.6224 0.112189
7 46.8133 0.109805
8 29.6401 0.112584
9 12.8522 0.111958
10 34.5266 0.109924
11 32.1518 0.111781
12 39.6016 0.109318
13 11.1363 0.11186
14 47.1659 0.110053
15 39.1717 0.111849
16 43.3067 0.111282
17 4.68852 0.113759
18 12.0389 0.110597
19 33.4096 0.111831
20 34.9536 0.114225
21 38.6744 0.115212
22 11.2043 0.109644
23 46.2663 0.113789
24 47.5902 0.116771
25 26.639 0.113911
26 30.3364 0.115597
27 22.8718 0.113047
28 27.0346 0.121207
29 21.8969 0.114787
30 29.7698 0.116933
31 22.4794 0.115761
32 30.3301 0.111932
33 -15.0058 0.111208
34 28.0451 0.114667
35 -9.31102 0.114304
36 14.2664 0.109622
37 14.8987 0.1116
38 9.25175 0.112182
39 15.5682 0.113874
40 25.3289 0.114361
41 14.9143 0.108692
42 13.7632 0.118281
43 8.61394 0.11232
44 1.73528 0.11053
45 1.16158 0.119806
46 27.8023 0.112956
47 23.298 0.116361
48 8.54247 0.114017
49 -2.07335 0.123146
50 14.8703 0.117196
51 12.9991 0.117304
52 -0.0662072 0.119521
53 26.779 0.117378
54 16.4662 0.124651
55 -0.404512 0.120471
56 -4.9005 0.118539
57 -23.8017 0.119252
58 10.5568 0.125628
59 -1.37344 0.114462
60 -1.99396 0.124072
61 16.2347 0.124585
62 14.8644 0.119691
63 -2.56943 0.126514
64 71.4178 0.106942
65 63.9312 0.112697
66 55.0958 0.11878
67 53.7489 0.110566
68 31.8901 0.11544
69 59.4683 0.117317
70 75.19 0.114861
71 70.9289 0.111619
72 67.0042 0.110666
73 61.305 0.11355
74 77.1653 0.109834
75 72.7089 0.109783
76 47.5962 0.119673
77 51.1972 0.119055
78 42.4231 0.110441
79 63.3657 0.113899
80 75.4353 0.118609
81 41.8339 0.113359
82 64.4182 0.114988
83 38.0663 0.119805
84 54.919 0.120034
85 55.5912 0.114941
86 35.5725 0.124164
87 59.6596 0.120709
88 49.829 0.115257
89 37.1461 0.11689
90 64.973 0.119746
91 45.6533 0.121621
92 62.7213 0.119347
93 47.5818 0.115146
94 62.0254 0.119499
95 62.0254 0.119499
