0 20.2742 0.11289
1 22.2889 0.113168
2 28.4221 0.112246
3 24.8441 0.114704
4 3.61365 0.109165
5 -2.55326 0.11272
6 20.6811 0.109188
7 8.60904 0.108856
8 30.5006 0.1097
9 -6.06149 0.111264
10 25.0138 0.117137
11 -9.53597 0.112432
12 28.2224 0.116466
13 -0.955278 0.1145
14 23.3227 0.117239
15 0.205905 0.117201
16 -15.7167 0.117589
17 1.17984 0.114281
18 13.0318 0.115504
19 -2.00663 0.118306
20 -12.9302 0.127845
21 4.53396 0.116244
22 18.8122 0.12175
23 18.1452 0.118738
24 -13.6866 0.119867
25 3.31323 0.121992
26 -6.08804 0.116097
27 -24.1442 0.115646
28 -11.8289 0.122823
29 -7.52065 0.130367
30 15.6817 0.118776
31 -18.12 0.127383
32 32.138 0.107959
33 27.5615 0.108662
34 28.653 0.116809
35 42.3609 0.112332
36 14.3895 0.107335
37 34.9428 0.11069
38 23.272 0.109065
39 25.241 0.108996
40 26.728 0.112156
41 14.6354 0.115976
42 23.7206 0.116409
43 27.3457 0.112097
44 43.1288 0.112104
45 -7.48228 0.113166
46 21.4982 0.11808
47 37.5125 0.129422
48 32.1773 0.118797
49 32.9129 0.118847
50 14.8311 0.117397
51 3.26158 0.120554
52 35.7238 0.113806
53 16.7548 0.116707
54 35.4747 0.122496
55 33.4396 0.115368
56 28.4128 0.11847
57 -1.53998 0.12607
58 42.1782 0.119406
59 4.83716 0.119266
60 -25.8132 0.119811
61 23.2827 0.113576
62 34.0567 0.114331
63 10.2515 0.116969
64 72.5211 0.10564
65 67.5721 0.103201
66 36.5485 0.101132
67 65.0745 0.108011
68 38.4762 0.105797
69 57.5523 0.108913
70 47.4292 0.109751
71 72.199 0.114974
72 75.4141 0.114109
73 49.17 0.109841
74 53.2693 0.111759
75 36.6668 0.110579
76 36.353 0.110572
77 45.9892 0.107782
78 31.7861 0.107688
79 33.7183 0.127873
80 45.0218 0.111278
81 52.2107 0.108268
82 48.13 0.11772
83 58.2686 0.112222
84 48.7999 0.115676
85 34.8296 0.126005
86 33.1386 0.116773
87 54.8413 0.114531
88 43.8285 0.11464
89 14.8296 0.119102
90 33.1529 0.127254
91 33.8233 0.115341
92 46.4043 0.118157
93 46.0265 0.121541
94 12.4605 0.1244
95 51.4845 0.113344
