0 23.2704 0.115601
1 0.177619 0.111972
2 34.8802 0.120486
3 -6.5166 0.117742
4 30.5166 0.11718
5 31.9481 0.112855
6 19.2634 0.116278
7 14.5615 0.11121
8 16.7851 0.117707
9 5.87741 0.113745
10 8.75627 0.116927
11 -8.96494 0.116018
12 24.2367 0.114763
13 16.9831 0.115607
14 4.02483 0.11296
15 17.7981 0.118283
16 -4.60191 0.120448
17 -0.562791 0.119846
18 21.5517 0.121039
19 -4.66404 0.116624
20 4.3786 0.120595
21 6.13796 0.121723
22 -10.8556 0.119344
23 -6.73347 0.117019
24 35.5159 0.119182
25 18.6308 0.118674
26 -28.8868 0.117537
27 -3.78149 0.118744
28 23.6939 0.120738
29 8.58078 0.121158
30 2.22548 0.120614
31 -21.8498 0.117018
32 -11.118 0.11314
33 -5.84057 0.11349
34 -32.1928 0.108818
35 -7.04974 0.115954
36 -27.5462 0.118461
37 -26.4913 0.115963
38 -16.8364 0.108963
39 14.374 0.113446
40 -22.7787 0.115435
41 -5.9601 0.112124
42 8.12428 0.115295
43 -24.3176 0.116105
44 -21.5783 0.114486
45 -18.3768 0.109491
46 4.10183 0.109961
47 -38.508 0.112655
48 6.52255 0.11263
49 -19.429 0.116216
50 1.91837 0.114767
51 -34.7634 0.118039
52 -44.8288 0.109746
53 -21.8835 0.114026
54 -27.9697 0.120708
55 -31.7043 0.109625
56 -5.8601 0.115047
57 -35.8265 0.111527
58 -37.9181 0.113039
59 -16.9791 0.111675
60 -31.4564 0.113691
61 -28.998 0.110643
62 -26.7991 0.112996
63 -12.7171 0.109052
64 36.8309 0.115998
65 42.0243 0.111931
66 47.4009 0.109025
67 52.5345 0.116838
68 46.1838 0.110645
69 36.4008 0.113982
70 53.192 0.115026
71 14.4194 0.118551
72 26.7723 0.114236
73 35.6728 0.113051
74 39.9534 0.116218
75 57.9356 0.113053
76 27.9865 0.114089
77 15.6114 0.11469
78 25.2989 0.117343
79 47.2243 0.118909
80 40.8909 0.120623
81 22.1668 0.116355
82 20.3623 0.119218
83 50.0073 0.116855
84 26.9133 0.121205
85 33.8453 0.118159
86 9.33595 0.116382
87 37.8476 0.120753
88 50.4333 0.118806
89 46.9863 0.119454
90 16.0275 0.116794
91 17.0818 0.119136
92 49.8652 0.115928
93 41.8448 0.119374
94 31.6925 0.11595
95 31.6925 0.11595
