0 -3.22239 0.112964
1 -6.90557 0.110617
2 27.4547 0.110224
3 28.6731 0.111503
4 28.5013 0.110058
5 22.4501 0.112078
6 -8.75605 0.110925
7 40.913 0.11371
8 41.1181 0.108738
9 1.54224 0.122325
10 31.0433 0.118117
11 5.00137 0.111292
12 3.22872 0.111641
13 7.59173 0.11571
14 -5.29605 0.117772
15 0.427923 0.112309
16 -8.93064 0.109859
17 19.6978 0.12253
18 25.3601 0.113798
19 33.516 0.117297
20 36.7909 0.11701
21 9.51679 0.114959
22 -8.11917 0.118289
23 -0.434907 0.117649
24 -2.78656 0.120422
25 4.06559 0.117757
26 -0.812869 0.118562
27 2.78529 0.119035
28 -20.8665 0.121024
29 16.0363 0.116747
30 -4.19741 0.118434
31 7.88121 0.116523
32 33.7296 0.108847
33 18.941 0.107078
34 9.83727 0.112119
35 27.7948 0.111894
36 37.479 0.107864
37 13.8074 0.105243
38 10.7326 0.109793
39 22.1199 0.109197
40 24.9252 0.113418
41 25.4281 0.109335
42 19.6671 0.114043
43 26.1628 0.110981
44 14.0373 0.11109
45 -5.12719 0.113763
46 -3.48323 0.111132
47 28.8368 0.112467
48 14.1257 0.114765
49 -17.7945 0.108392
50 30.2227 0.114235
51 10.2386 0.11179
52 -2.09373 0.110485
53 28.0767 0.115074
54 9.50017 0.121295
55 16.374 0.114967
56 -0.04389 0.113466
57 1.33424 0.11586
58 15.8408 0.114104
59 17.5947 0.117683
60 -6.1958 0.115179
61 19.5985 0.118899
62 12.9773 0.114053
63 -1.6146 0.115559
64 50.54 0.111431
65 47.8145 0.109288
66 56.89 0.112733
67 43.9673 0.108989
68 56.7271 0.112403
69 29.6573 0.114585
70 58.7167 0.116097
71 57.707 0.109798
72 50.7218 0.109993
73 45.7011 0.113654
74 27.4218 0.125209
75 46.1845 0.113103
76 40.3244 0.113861
77 56.9514 0.119804
78 32.8551 0.116987
79 24.0785 0.117027
80 35.7801 0.117825
81 28.1354 0.115073
82 40.473 0.119602
83 11.7074 0.126619
84 51.6671 0.1206
85 59.1998 0.12001
86 24.6678 0.121961
87 57.2529 0.129282
88 43.7846 0.128946
89 32.6352 0.11594
90 32.6136 0.125097
91 26.292 0.122187
92 34.6355 0.123018
93 19.8616 0.122906
94 35.2722 0.119444
95 35.2722 0.119444
