0 40.1122 0.109245
1 15.9082 0.107248
2 29.9548 0.103857
3 37.8047 0.10768
4 11.5939 0.108449
5 24.7293 0.108552
6 35.0364 0.106093
7 17.2174 0.10739
8 26.0812 0.107256
9 24.0798 0.11174
10 16.4408 0.109185
11 15.3968 0.109247
12 34.1425 0.105666
13 -4.39238 0.106684
14 8.44536 0.103281
15 -4.36742 0.105788
16 -11.664 0.112937
17 45.2486 0.107695
18 41.7466 0.105728
19 24.4343 0.111532
20 16.4752 0.108724
21 5.15464 0.110826
22 17.3888 0.108949
23 16.302 0.111276
24 10.4278 0.112033
25 35.0782 0.111678
26 -2.77204 0.112795
27 5.17011 0.108067
28 18.9956 0.107764
29 29.5606 0.112869
30 8.70968 0.108005
31 19.2664 0.108022
32 25.5275 0.116136
33 7.26965 0.115832
34 6.07232 0.118691
35 2.30227 0.119312
36 7.7166 0.121446
37 14.1951 0.11952
38 10.6907 0.113374
39 -0.435757 0.119525
40 -12.2528 0.117473
41 -16.7594 0.120001
42 26.0508 0.121704
43 -5.08542 0.121031
44 -3.88617 0.116423
45 15.243 0.119642
46 21.5638 0.119051
47 -14.8328 0.120271
48 7.10456 0.118841
49 -8.09123 0.121458
50 9.95604 0.121907
51 4.64932 0.123064
52 13.5727 0.11914
53 18.3121 0.121627
54 4.97616 0.124911
55 11.2485 0.118352
56 8.46724 0.119822
57 2.55143 0.120397
58 -26.6636 0.124779
59 -0.391206 0.124299
60 -21.399 0.121184
61 -0.493486 0.128165
62 -0.93461 0.126053
63 -22.8116 0.120843
64 80.9868 0.118612
65 68.1477 0.119197
66 92.5999 0.111641
67 64.7784 0.24073
68 84.3746 0.127335
69 96.5483 0.117841
70 74.9657 0.108293
71 63.3333 0.116638
72 90.325 0.114568
73 80.5591 0.122377
74 43.6187 0.113146
75 64.1962 0.115824
76 86.7919 0.118346
77 50.3121 0.120522
78 48.1037 0.115025
79 49.9595 0.118054
80 56.0859 0.116726
81 50.1024 0.239946
82 63.2731 0.119984
83 49.8358 0.120577
84 76.8585 0.116058
85 85.0289 0.120651
86 56.2183 0.121346
87 88.079 0.118292
88 72.8187 0.11808
89 55.349 0.120474
90 60.5 0.1179
91 80.2418 0.119273
92 68.4498 0.124513
93 57.0248 0.124255
94 67.5173 0.125767
95 67.5173 0.125767
