0 -22.8845 0.11288
1 -26.2434 0.115014
2 31.1897 0.111905
3 -4.72402 0.110719
4 9.6858 0.112479
5 1.5549 0.108645
6 -11.8078 0.116413
7 -4.83382 0.113726
8 28.1322 0.117347
9 35.5226 0.113452
10 -9.93735 0.117026
11 -9.61107 0.119789
12 24.6707 0.116751
13 -12.4683 0.110606
14 -6.76337 0.112266
15 16.1461 0.111865
16 -8.78156 0.116455
17 19.4393 0.116829
18 -17.106 0.113975
19 -8.06034 0.116602
20 20.547 0.115789
21 -22.724 0.120421
22 -6.81622 0.115512
23 -23.4396 0.119216
24 6.18461 0.120008
25 -5.59932 0.116079
26 -24.444 0.119144
27 22.7383 0.119428
28 -9.27772 0.117586
29 -2.13872 0.119112
30 -22.8493 0.119596
31 -8.50505 0.11827
32 18.2837 0.121697
33 46.4302 0.112101
34 29.9945 0.111777
35 45.4034 0.107107
36 60.1483 0.114624
37 41.1064 0.11022
38 2.0579 0.111096
39 34.636 0.114937
40 40.021 0.115231
41 51.7868 0.11171
42 -5.49314 0.114442
43 21.6455 0.112906
44 34.3672 0.115653
45 14.0279 0.11707
46 37.4369 0.113039
47 45.1098 0.115924
48 11.5408 0.121257
49 34.932 0.223516
50 22.581 0.12145
51 15.3201 0.228323
52 3.96439 0.120734
53 33.1664 0.114385
54 25.6273 0.114698
55 3.74923 0.112165
56 34.0295 0.11255
57 -3.71018 0.120081
58 35.0056 0.118848
59 2.69204 0.119072
60 20.9294 0.119513
61 24.3857 0.118467
62 1.38355 0.122054
63 33.9471 0.117791
64 29.3806 0.110226
65 50.8675 0.112925
66 22.3421 0.108799
67 58.0672 0.108477
68 61.5262 0.111436
69 52.8753 0.109165
70 43.8337 0.111673
71 67.0546 0.109175
72 46.8363 0.107012
73 63.1007 0.104593
74 46.059 0.108364
75 58.0005 0.105468
76 50.6641 0.118201
77 36.9059 0.111778
78 52.5326 0.107798
79 5.66461 0.111843
80 33.0305 0.116216
81 50.6698 0.112334
82 33.4475 0.112951
83 39.7969 0.11357
84 56.0098 0.10692
85 34.1568 0.112241
86 35.4909 0.116456
87 44.1471 0.120177
88 55.8297 0.114956
89 32.5064 0.118967
90 26.0935 0.114163
91 35.4396 0.111813
92 37.8936 0.115494
93 31.9512 0.118086
94 64.2706 0.115333
95 64.2706 0.115333
