0 -18.4485 0.114815
1 -34.2521 0.115717
2 -23.6067 0.113785
3 17.4427 0.115177
4 -15.8889 0.115528
5 -16.977 0.111816
6 -2.08481 0.111371
7 4.47077 0.114142
8 5.0979 0.113674
9 -4.08824 0.111534
10 -20.1757 0.11167
11 -11.6407 0.112913
12 -41.5034 0.113078
13 -17.1981 0.112834
14 -35.0838 0.116502
15 -5.64631 0.110773
16 1.45247 0.114967
17 -16.3911 0.115447
18 -3.59645 0.116476
19 -1.86973 0.115705
20 -19.2714 0.124082
21 -50.4905 0.112178
22 -11.4145 0.118786
23 -12.0143 0.114685
24 -5.64792 0.116996
25 -29.8341 0.115374
26 -23.5834 0.114304
27 -19.2178 0.116305
28 -18.3509 0.114144
29 -13.4212 0.123944
30 -6.46139 0.121495
31 -34.3954 0.113425
32 27.5084 0.112012
33 -3.63327 0.107479
34 -5.88224 0.11285
35 13.0018 0.108648
36 29.2208 0.112454
37 -19.2813 0.111242
38 29.541 0.110956
39 -4.44276 0.112728
40 -0.224485 0.115581
41 10.3419 0.110356
42 -1.4199 0.113308
43 14.275 0.11352
44 16.0287 0.125143
45 -7.5025 0.11355
46 9.132 0.114337
47 3.56413 0.111076
48 -12.9294 0.110481
49 6.24857 0.117629
50 4.41619 0.115844
51 21.1166 0.115636
52 14.9527 0.110235
53 34.153 0.120638
54 3.98168 0.11978
55 -2.19773 0.112309
56 -2.08834 0.113467
57 14.4561 0.115899
58 -3.39693 0.115551
59 8.80096 0.111912
60 -4.4451 0.121631
61 6.54624 0.118821
62 -6.82532 0.120172
63 15.646 0.115564
64 50.6357 0.113515
65 44.7202 0.110176
66 11.7951 0.108272
67 48.116 0.111981
68 60.7603 0.108576
69 28.25 0.108554
70 52.7824 0.103694
71 34.9927 0.115426
72 27.8691 0.112563
73 67.5585 0.10569
74 32.8712 0.108062
75 42.5566 0.108939
76 53.5427 0.11321
77 34.076 0.111657
78 40.3491 0.104949
79 38.7325 0.110387
80 61.7098 0.113235
81 31.8652 0.223939
82 60.7682 0.122716
83 31.3704 0.116108
84 38.3768 0.113952
85 28.9481 0.11716
86 29.3585 0.112498
87 23.0474 0.117575
88 55.8337 0.113724
89 28.7914 0.11155
90 27.5184 0.114926
91 40.1366 0.112295
92 23.7921 0.117567
93 24.4573 0.120003
94 44.7269 0.11629
95 44.7269 0.11629
