0 11.7854 0.1162
1 -3.7801 0.112043
2 34.2971 0.118087
3 7.15578 0.11862
4 7.03233 0.119249
5 -3.93752 0.118644
6 19.7548 0.118427
7 4.84871 0.119064
8 8.11019 0.119881
9 -2.96665 0.123258
10 6.28862 0.119482
11 21.0438 0.120737
12 3.79345 0.122427
13 6.84041 0.117487
14 18.3058 0.119534
15 -12.571 0.118598
16 -12.5262 0.122371
17 23.1728 0.125223
18 -16.8657 0.121459
19 3.00312 0.121709
20 15.6012 0.118335
21 10.6586 0.117092
22 7.97518 0.120048
23 12.3027 0.120264
24 18.9387 0.119835
25 -5.68226 0.118116
26 3.63979 0.12321
27 -7.46898 0.119067
28 3.38375 0.121759
29 13.7851 0.125302
30 -12.2289 0.121449
31 0.0523874 0.120221
32 43.4575 0.117793
33 23.3957 0.119889
34 30.8836 0.113104
35 13.3381 0.115847
36 35.9687 0.117912
37 30.6436 0.115863
38 -2.20567 0.121393
39 33.0533 0.11591
40 14.7314 0.118108
41 51.0037 0.121341
42 40.2973 0.11776
43 34.86 0.119237
44 15.8082 0.115646
45 5.6785 0.123409
46 46.1465 0.116476
47 49.1993 0.117991
48 13.7528 0.122805
49 39.4364 0.120271
50 22.3845 0.119322
51 23.6553 0.1193
52 47.9177 0.119059
53 27.827 0.120008
54 25.6382 0.125906
55 19.5253 0.123221
56 18.301 0.118421
57 3.42718 0.121051
58 -6.3885 0.120935
59 23.7248 0.119985
60 14.3924 0.119394
61 4.14503 0.120036
62 55.9836 0.118683
63 -5.71786 0.12507
64 39.042 0.116837
65 0.438486 0.114835
66 7.30254 0.111833
67 4.04661 0.116636
68 23.4404 0.114713
69 37.3287 0.111012
70 39.7736 0.116115
71 -15.0695 0.111432
72 -7.27154 0.111147
73 14.6982 0.1116
74 -4.22092 0.113016
75 38.6264 0.114695
76 -21.887 0.112846
77 -9.841 0.117782
78 -20.8574 0.117339
79 28.4494 0.120252
80 2.57045 0.115537
81 15.535 0.116092
82 21.7839 0.118828
83 9.77509 0.114242
84 -6.60738 0.114728
85 15.6648 0.11259
86 22.3789 0.118413
87 12.759 0.11818
88 7.34141 0.111448
89 11.4889 0.114987
90 -9.59017 0.115618
91 17.9262 0.115305
92 27.8181 0.118417
93 -8.09368 0.119482
94 2.80594 0.117446
95 2.80594 0.117446
