0 -58.5705 0.11118
1 -32.8769 0.109648
2 -26.0014 0.116984
3 -42.9104 0.104427
4 -73.5926 0.10432
5 -28.8672 0.115494
6 -71.057 0.112955
7 -75.8536 0.239878
8 -47.8392 0.112016
9 -34.302 0.112436
10 -41.2298 0.1165
11 -39.8961 0.11346
12 -39.3622 0.116048
13 -24.0308 0.113295
14 -34.4144 0.115131
15 -61.9821 0.113057
16 -56.2418 0.112998
17 -67.0071 0.1118
18 -31.3035 0.114693
19 -46.896 0.110904
20 -48.1542 0.114738
21 -45.0416 0.115884
22 -49.8286 0.114042
23 -41.7613 0.114918
24 -73.5655 0.115468
25 -44.6375 0.117867
26 -63.329 0.113034
27 -61.415 0.119731
28 -60.2651 0.114984
29 -47.0798 0.116786
30 -54.9859 0.118547
31 -59.8709 0.116236
32 -7.02606 0.115806
33 -31.6159 0.103851
34 -49.8865 0.109617
35 -38.39 0.112703
36 -24.5023 0.112829
37 -38.1871 0.114939
38 -30.5317 0.117531
39 -36.0392 0.115872
40 -33.5112 0.125129
41 -34.6038 0.112775
42 -17.1916 0.117215
43 -50.4008 0.11251
44 -16.8336 0.111217
45 -47.2293 0.114728
46 -31.2882 0.117571
47 -51.6894 0.242073
48 -54.1857 0.114686
49 -44.5654 0.115188
50 -41.0038 0.135629
51 -44.5505 0.120332
52 -21.3476 0.115958
53 -38.9793 0.113581
54 -54.2279 0.113967
55 -32.6056 0.11956
56 -47.3297 0.117003
57 -39.3704 0.116224
58 -38.1019 0.114185
59 -45.582 0.12023
60 -29.9674 0.118613
61 -30.1661 0.116382
62 -46.8268 0.117129
63 -45.3408 0.11655
64 20.6035 0.106592
65 19.2925 0.115153
66 35.034 0.102402
67 22.7416 0.110652
68 35.488 0.108209
69 21.3939 0.105899
70 32.449 0.110193
71 28.3955 0.106723
72 25.9394 0.107521
73 10.023 0.113874
74 36.1195 0.115393
75 8.22484 0.112511
76 36.8702 0.109253
77 23.1883 0.111879
78 15.6005 0.11445
79 24.9216 0.11047
80 29.8505 0.114712
81 27.1403 0.115435
82 14.3173 0.110438
83 37.3816 0.110548
84 20.0597 0.120333
85 23.4292 0.114124
86 13.6951 0.113774
87 19.3947 0.115762
88 44.8085 0.112045
89 2.46579 0.120514
90 19.5364 0.108434
91 22.2247 0.113131
92 18.1105 0.11032
93 13.6215 0.11223
94 -16.525 0.112205
95 -16.525 0.112205
