0 -12.4846 0.114238
1 -1.00351 0.113248
2 -15.9146 0.117383
3 16.1818 0.117944
4 -3.54955 0.117618
5 -16.8919 0.118748
6 -4.28417 0.114367
7 23.9157 0.116898
8 -8.87622 0.116116
9 19.6114 0.116932
10 -12.0727 0.11593
11 -8.76678 0.115396
12 7.13376 0.114658
13 -10.648 0.116532
14 0.0216049 0.118921
15 -17.7006 0.115411
16 1.30596 0.119614
17 -16.5893 0.117784
18 -12.8891 0.116784
19 -7.92022 0.11817
20 13.8446 0.123609
21 17.0072 0.120539
22 -14.2027 0.120678
23 -29.9085 0.115979
24 -27.0729 0.117877
25 -24.4827 0.121618
26 9.05344 0.116604
27 9.42037 0.12187
28 -13.8783 0.117038
29 -0.886528 0.118846
30 -7.90098 0.118758
31 -22.6732 0.118728
32 17.8636 0.111035
33 43.5649 0.107741
34 85.5463 0.110397
35 29.1779 0.113997
36 42.9768 0.105419
37 79.7058 0.111771
38 31.8737 0.10644
39 64.1223 0.110884
40 38.1075 0.109826
41 50.4851 0.111106
42 46.5203 0.112686
43 39.4424 0.109958
44 41.5523 0.107706
45 58.4358 0.114563
46 44.2549 0.105368
47 44.8929 0.106336
48 46.6423 0.111526
49 57.0737 0.111223
50 12.9686 0.109232
51 22.9272 0.113427
52 36.3909 0.10679
53 43.58 0.1126
54 49.5754 0.108513
55 8.24414 0.112253
56 32.0332 0.113494
57 31.8476 0.110529
58 20.9509 0.1151
59 28.8348 0.111814
60 35.5757 0.113617
61 44.492 0.118612
62 23.9534 0.115108
63 17.6218 0.114156
64 60.0543 0.106976
65 76.8256 0.107427
66 61.3951 0.10463
67 64.74 0.111761
68 85.1581 0.112031
69 83.169 0.108276
70 107.997 0.113531
71 70.0421 0.112107
72 87.2748 0.105023
73 52.2399 0.109783
74 57.4404 0.110152
75 105.834 0.114088
76 53.2856 0.111449
77 51.3418 0.10798
78 59.5274 0.118233
79 49.6759 0.109216
80 87.5367 0.114917
81 53.2778 0.1146
82 59.7207 0.108913
83 42.2553 0.112163
84 48.5098 0.114379
85 64.1141 0.112494
86 69.2427 0.110957
87 67.2333 0.112025
88 39.3933 0.113425
89 73.171 0.113358
90 57.2772 0.11874
91 57.4239 0.108128
92 42.168 0.113838
93 47.2349 0.111888
94 49.566 0.114662
