0 -0.0548956 0.117343
1 -20.9526 0.11273
2 -3.95663 0.113733
3 -8.14566 0.112258
4 -18.338 0.11352
5 -14.3225 0.115127
6 -20.6827 0.114655
7 -6.56591 0.114821
8 -4.03721 0.110165
9 1.70134 0.114072
10 -23.2453 0.119885
11 -16.0967 0.115547
12 -3.44662 0.113286
13 -47.4615 0.10829
14 -27.8887 0.120444
15 -23.3825 0.121081
16 -40.8088 0.119729
17 -43.4729 0.11537
18 -20.635 0.119968
19 -5.26906 0.120498
20 -21.2463 0.116864
21 -4.63345 0.116886
22 -33.8304 0.124159
23 -8.35808 0.118638
24 -17.1581 0.123813
25 -21.9376 0.117712
26 -18.6433 0.123762
27 -17.9826 0.120383
28 -28.2409 0.118285
29 8.67891 0.116607
30 -0.945295 0.121564
31 -36.562 0.120333
32 -28.6832 0.109852
33 -38.8965 0.113283
34 -20.513 0.113607
35 -44.2803 0.106216
36 -28.9785 0.110983
37 -29.188 0.113197
38 -33.6356 0.110348
39 -48.356 0.109459
40 -23.3796 0.109312
41 -13.0583 0.113849
42 -35.7738 0.113547
43 -37.7611 0.113481
44 -45.0422 0.108036
45 -23.7927 0.107086
46 -30.3838 0.111239
47 -41.6192 0.106466
48 -41.3762 0.109098
49 -40.4723 0.108835
50 -29.0845 0.112842
51 -34.7389 0.116394
52 -52.9935 0.114491
53 -18.6326 0.112111
54 -48.7558 0.111104
55 -15.0109 0.112534
56 -38.7208 0.111139
57 -41.9298 0.113749
58 -24.52 0.113842
59 -32.5024 0.111349
60 -48.624 0.115008
61 -36.3892 0.110032
62 -38.1368 0.109148
63 -29.4436 0.108919
64 32.95 0.116165
65 11.7543 0.118839
66 8.42353 0.113126
67 16.7249 0.113394
68 27.9666 0.114
69 26.1238 0.112053
70 44.9049 0.109069
71 51.4299 0.111666
72 19.9177 0.115019
73 14.9124 0.108182
74 34.649 0.118458
75 38.7965 0.112762
76 25.9828 0.114971
77 22.8628 0.114101
78 35.5082 0.110832
79 19.7115 0.115669
80 51.6964 0.112312
81 18.2709 0.234071
82 0.0459695 0.117608
83 47.1045 0.11626
84 22.1727 0.118173
85 8.43281 0.116921
86 9.6813 0.118834
87 14.4296 0.119302
88 16.024 0.124456
89 32.2004 0.118485
90 51.2958 0.119466
91 12.0323 0.116871
92 45.1022 0.117595
93 28.2078 0.116804
94 41.429 0.116561
95 41.429 0.116561
