0 94.5741 -6.20616 462.054 -119.572 11.0283 -0.408655 0.0063928 -3056.28 134.484
1 38.7288 -0.383115 659.959 -160.947 14.0083 -0.498162 0.00727956 -2833.87 126.469
2 21.0423 1.11389 -25.1178 -7.45118 2.19687 -0.109411 0.00273 -4140.68 175.114
3 18.1061 0.782449 159.822 -50.5599 5.5829 -0.21966 0.00398255 -3231.87 142.599
4 32.6949 -0.423597 278.666 -59.9692 4.47997 -0.120368 0.00194679 -3041.12 132.912
5 37.093 0.593786 -234.536 54.4527 -3.96243 0.150096 -0.00116337 -2368.92 111.677
6 27.1528 -0.271086 -20.7214 5.03407 -0.507459 0.0496805 -0.000207095 -1500.75 78.3741
7 38.0775 1.21222 -155.167 38.8599 -2.9293 0.129336 -0.00127907 -1048.57 62.187
8 33.7299 -0.776953 -186.246 46.0643 -4.22963 0.192335 -0.00212568 -3016.06 133.215
9 56.8747 -2.72649 499.349 -121.704 10.5561 -0.366494 0.00545152 -3941.76 165.981
10 36.3239 1.38795 -14.1391 4.11713 0.188558 0.00879027 0.00044277 -4038.38 170.514
11 28.3767 1.086 155.772 -45.9969 5.18661 -0.202329 0.00363582 -4567.13 191.419
12 24.9302 0.0282903 -170.037 31.9539 -2.09235 0.0846974 -0.000451334 -2724.42 121.143
13 16.7535 0.86745 60.9095 -22.1603 2.71666 -0.0977548 0.00205625 -3060.1 134.348
14 31.0141 -0.829673 236.283 -65.7986 6.41733 -0.233881 0.00386086 -3268.17 140.313
15 39.0953 -1.10405 461.789 -116.851 10.4715 -0.371802 0.00552539 -2641.64 117.837
16 21.0469 0.25123 274.707 -80.7256 8.17126 -0.314155 0.00517371 -3209.6 137.212
17 21.2502 0.502137 75.822 -30.9913 3.77331 -0.143465 0.00273516 -3918.3 167.295
18 32.7227 -1.00103 -505.521 123.915 -11.1073 0.457476 -0.00590784 -2071.84 99.3044
19 27.1934 -0.0679834 21.0703 -6.79438 0.665184 -0.00447965 0.000709265 -3490.92 148.576
20 30.7201 0.941494 -83.2138 15.0306 -0.517359 0.0257085 0.00032031 -2289.03 107.137
21 20.2939 0.404469 289.951 -82.716 8.20484 -0.310709 0.00506637 -1956.64 95.2655
22 30.0186 1.1439 184.569 -52.5995 5.60257 -0.205629 0.00342508 -2702.26 121.311
23 44.3157 -1.98868 314.19 -80.3241 7.1377 -0.239981 0.00369471 -2686.31 119.589
24 10.667 1.64128 296.176 -78.2643 7.20152 -0.246468 0.00382491 -3842.3 162.064
25 19.3503 0.558475 25.2145 -19.168 2.75161 -0.107406 0.00230411 -3527.36 149.617
26 29.9437 0.663875 373.779 -107.546 11.1523 -0.4481 0.00729703 -3160.52 140.002
27 12.4089 1.37929 263.96 -71.9264 6.97911 -0.260438 0.00444598 -3498.73 150.101
28 54.4954 -2.80134 287.119 -76.004 7.06324 -0.252041 0.00400936 -1733.64 84.3466
29 36.3104 -1.02593 200.458 -55.6044 5.35682 -0.188771 0.00324207 -1962.16 95.1066
30 60.2577 -3.40604 357.232 -97.2724 9.31403 -0.348961 0.00558775 -4614.89 192.091
31 20.7078 0.311882 400.545 -117.342 11.9472 -0.47783 0.00765317 -2874.98 127.338
32 25.8807 1.44159 342.621 -92.9571 9.4003 -0.360681 0.00571552 -3391.07 148.274
33 19.2932 0.793847 -211.743 44.2239 -3.08164 0.120662 -0.000916929 -5322.77 213.13
34 42.6206 1.57784 -173.547 43.0915 -3.08113 0.12641 -0.00103541 -3045.89 136.067
35 17.5791 1.22698 -108.684 19.9994 -1.00433 0.0443395 0.000125638 -3602.31 153.395
36 31.3098 1.29483 136.951 -42.7523 5.16209 -0.214789 0.00406345 -2877.37 129.775
37 20.9931 0.793661 99.0873 -31.5536 3.40167 -0.112357 0.00208177 -2828.94 126.193
38 37.7154 1.48121 -209.652 51.5085 -3.88054 0.15558 -0.00139492 -2416.45 113.457
39 35.6209 1.50519 132.174 -37.9695 4.67899 -0.196728 0.00384372 -2816.41 127.935
40 39.6048 0.972643 -194.295 50.0962 -4.12521 0.184315 -0.00213049 -79.8671 29.0766
41 41.5498 1.60966 -204.447 56.6784 -4.78307 0.209343 -0.00250491 -3379.01 145.282
42 21.9009 0.625023 164.993 -50.2853 5.50185 -0.212166 0.0037203 -3885.82 163.391
43 28.8381 0.952621 -32.0826 -0.967685 1.16842 -0.0479294 0.00150677 -3220.59 141.247
44 20.7972 0.693512 -376.249 85.2686 -6.96787 0.284737 -0.00347349 -2868.3 126.115
45 61.708 1.10443 221.542 -58.8345 6.77331 -0.283902 0.00511967 -2550.64 119.165
46 29.901 1.01362 56.802 -27.4702 4.04554 -0.180692 0.00363264 -2549.12 117.236
47 61.3281 1.00779 -53.0547 13.5225 -0.276786 0.0140934 0.000490735 -1884.16 93.3135
48 38.0266 0.673684 72.7436 -22.727 2.79826 -0.0961022 0.00189739 -2315.31 107.339
49 44.8375 0.984395 -29.1076 8.18007 -0.115552 0.0165451 0.000404408 -2477.5 114.488
50 45.7747 1.11504 88.8449 -20.2559 2.3258 -0.0684676 0.00137101 -3134.47 135.545
51 47.6858 1.11899 -254.46 64.8587 -5.13701 0.2063 -0.00221186 -2122.33 100.957
52 32.877 0.771331 -16.9623 -1.6175 1.02496 -0.0387051 0.00134773 -4538.02 181.261
53 23.3411 0.818082 61.1927 -25.725 3.39706 -0.133326 0.00264886 -2030.59 97.7302
54 29.1088 0.735695 134.073 -38.1767 3.94568 -0.130491 0.00223067 -4666.5 184.48
55 75.9983 0.875 862.278 -223.327 22.2809 -0.908527 0.0140824 -1868.52 93.6496
56 44.1683 1.08026 662.586 -172.793 16.9766 -0.674935 0.0104423 -1974.39 96.1778
57 60.2194 1.15671 -32.0255 14.4924 -0.885963 0.0560216 -0.000318576 -5525.75 217.987
58 55.1135 0.645475 230.593 -57.0877 5.80488 -0.211186 0.00357168 -3895.79 165.298
59 31.0212 0.781098 -369.843 87.333 -7.29853 0.3009 -0.00370388 -1899.59 91.3852
60 63.0427 0.929524 191.088 -44.5672 4.76336 -0.172075 0.00300071 -3522.11 152.928
61 34.0336 1.12885 -56.3177 11.8713 -0.420009 0.028129 0.000202775 -2736.34 122.69
62 43.3481 1.07793 -22.1621 4.43284 0.24492 0.00578175 0.00044749 -2525.32 114.635
63 29.9433 0.800788 159.277 -45.5177 4.69685 -0.1617 0.00266896 -2021.62 96.7666
64 68.257 0.903099 52.0518 -11.4398 2.13802 -0.0893198 0.00211417 -3030.3 136.64
65 55.3956 1.42496 -189.017 54.9324 -4.48036 0.185752 -0.00189059 -2724.87 125.575
66 77.54 1.41736 -652.433 177.331 -15.6494 0.624711 -0.00813207 -2881.5 133.574
67 100.109 0.924577 58.9302 -7.67448 2.12673 -0.10642 0.00268581 -4862.37 204.699
68 89.5456 1.04598 104.889 -21.8338 3.28257 -0.140507 0.00291962 -2141.62 104.565
69 77.3733 0.938316 34.1873 -5.47248 1.75571 -0.0879339 0.00237518 -3074.37 137.739
70 75.9827 0.781474 558.439 -141.222 14.4521 -0.594275 0.00967138 -3091.31 140.013
71 85.4796 1.48661 -98.3553 38.3345 -2.90369 0.123563 -0.00108601 -3244.04 143.406
72 97.1994 1.38962 -56.921 28.8472 -1.92881 0.0830163 -0.000495048 -4385.85 184.206
73 92.221 0.92163 68.0308 -7.45717 1.56178 -0.0583375 0.0015614 -6257.47 249.839
74 72.7178 1.67637 34.2216 -3.53062 1.4985 -0.0748846 0.00221376 -2869.46 130.039
75 65.375 1.12088 -168.18 46.4683 -3.43916 0.139524 -0.00125455 -3152.19 136.862
76 95.9314 0.692748 -250.21 77.6612 -6.6424 0.278434 -0.00335058 -1186.86 69.8755
77 91.7458 1.01437 -340.363 95.6216 -7.88529 0.3123 -0.00370389 -3491.03 148.335
78 87.0777 1.12401 236.047 -53.693 6.0715 -0.249219 0.00447049 -2702.53 124.742
79 76.4197 0.754599 255.221 -58.8706 6.06451 -0.226219 0.00382125 -3861.38 165.614
80 99.0068 0.873416 150.699 -26.2769 3.21929 -0.119014 0.00229206 -3622.42 155.069
81 99.5578 0.541705 151.603 -33.1016 4.35087 -0.187163 0.00370834 -3020.74 137.028
82 88.1202 1.22387 -3.88324 9.72095 0.0739342 -0.00632649 0.000873566 -1516.07 80.1321
83 104.779 1.17645 -111.358 39.0492 -2.4428 0.085347 -0.000263734 -1869.19 94.4339
84 94.2892 1.09633 33.2715 -2.52361 1.60011 -0.0819362 0.00222735 -3485.11 152.852
85 61.8715 1.36153 14.3963 1.18759 0.613679 -0.0160256 0.000859306 -2732.14 123.231
86 97.3801 1.2011 180.728 -34.3001 3.96812 -0.148588 0.00275936 -2650.18 123.155
87 88.6484 0.971851 346.986 -81.0631 8.41198 -0.329893 0.00542591 -3230.17 143.638
88 82.4686 1.16296 58.6374 -11.6169 2.38466 -0.110542 0.00262178 -3666.8 157.299
89 102.007 0.967923 -262.661 73.4541 -5.41602 0.20039 -0.00192398 -4203.86 172.806
90 76.4134 1.16069 376.264 -88.6414 8.8585 -0.336293 0.00534307 -4233.87 174.946
91 98.7328 1.43121 292.42 -65.3744 7.21129 -0.294021 0.00510425 -1775.3 92.1331
92 107.639 0.940789 -13.2869 18.4559 -1.10353 0.0583088 -0.000226328 -2677.57 124.665
93 78.3187 1.08763 -80.7766 21.3869 -0.554846 0.00439217 0.000941027 -1887.1 94.5736
94 81.5808 1.16562 435.971 -100.33 9.70052 -0.36424 0.00572389 -2728.91 125.882
95 251.439 -15.2963 435.154 -100.409 9.69281 -0.364989 0.00565114 -2728.91 125.882
