0 104.1 -4.33394 3920.33 -891.283 73.6845 -2.62652 0.0353183 -5606.5 231.114
1 104.1 -4.33394 1568.27 -359.607 29.8373 -1.06052 0.0149522 -2400.79 114.467
2 104.1 -4.33394 477.495 -104.487 8.05934 -0.253607 0.00409437 -5502.22 226.361
3 104.1 -4.33394 2332.18 -494.311 38.2032 -1.28637 0.0172507 -2796.53 128.755
4 104.1 -4.33394 1943.37 -428.517 34.1594 -1.17065 0.0159076 -4905.58 205.361
5 104.1 -4.33394 1532.64 -301.092 20.9489 -0.612873 0.00759847 -1295.84 73.2059
6 104.1 -4.33394 -276.635 92.5613 -10.5922 0.49138 -0.00654902 -5258.15 215.659
7 104.1 -4.33394 2067.52 -478.503 40.3127 -1.4665 0.0207888 -5078.86 211.372
8 104.1 -4.33394 1414.31 -316.784 25.5956 -0.882067 0.012259 -4709.97 197.774
9 85.6041 -6.13065 452.057 -94.4418 6.68301 -0.178018 0.00262102 -4628 194.606
10 85.6041 -6.13065 1668.57 -391.227 33.2191 -1.20808 0.0171777 -5101.92 212.443
11 31.4756 -0.645842 639.168 -155.593 13.6349 -0.49895 0.00782402 -5101.5 212.242
12 31.4756 -0.645842 2804.32 -606.452 47.8391 -1.63795 0.0218098 -3643.93 158.258
13 31.4756 -0.645842 3730.27 -821.93 66.1111 -2.30247 0.0305645 -4854.11 200.812
14 31.4756 -0.645842 1730.25 -375.174 29.4868 -1.0013 0.0136799 -4393.07 185.138
15 31.4756 -0.645842 1161.26 -245.563 18.5331 -0.593334 0.00805033 -4311.28 180.102
16 31.4756 -0.645842 2217.84 -499.253 40.8726 -1.44167 0.0197922 -3205.49 143.495
17 31.4756 -0.645842 863.817 -205.851 17.6552 -0.644727 0.00983012 -3272.77 147.514
18 13.4967 2.0395 455.796 -102.613 8.08793 -0.252371 0.00390185 -6014.5 241.68
19 13.4967 2.0395 2217 -486.307 38.588 -1.31331 0.0174489 -3327.39 146.272
20 13.4967 2.0395 1754.65 -377.876 29.5477 -1.00076 0.0136095 -3666.51 158.767
21 13.4967 2.0395 2588.88 -593.064 49.5129 -1.78437 0.0247493 -5153.03 214.184
22 13.4967 2.0395 493.098 -108.901 8.27925 -0.243364 0.00345984 -4669.37 196.389
23 13.4967 2.0395 1605.23 -364.253 30.1258 -1.07881 0.0154397 -3963.33 170.899
24 13.4967 2.0395 1090 -252.76 21.0698 -0.747226 0.0107632 -4151.92 176.756
25 13.4967 2.0395 1319.61 -304.88 25.411 -0.904085 0.0129061 -3410.82 150.151
26 13.4967 2.0395 2044.7 -450.723 35.9796 -1.23813 0.0168656 -4468.89 187.286
27 13.4967 2.0395 654.254 -148.815 12.0041 -0.40258 0.00603715 -2412.6 113.83
28 13.4967 2.0395 912.825 -174.295 11.4103 -0.300683 0.00381204 -3276.9 145.289
29 13.4967 2.0395 731.371 -156.301 11.7835 -0.367803 0.0052453 -3651.57 157.691
30 13.4967 2.0395 1103.6 -278.592 25.3853 -0.980559 0.0149639 -3900.33 170.672
31 13.4967 2.0395 1627.42 -334.577 24.7535 -0.787532 0.0103054 -4993.32 206.217
32 36.8722 -0.905029 288.246 -67.8783 5.64892 -0.180552 0.00322052 -2519.93 119.906
33 5.4199 2.2006 254.882 -64.3707 5.78057 -0.190006 0.00316793 -4102.02 176.255
34 5.4199 2.2006 1103.93 -240.565 18.6735 -0.607961 0.00823691 -3857.95 165.399
35 30.8244 -0.37533 607.671 -147.873 12.9634 -0.464323 0.00700453 -3792.07 165.434
36 21.9746 0.24474 782.489 -195.666 17.5665 -0.65701 0.00997087 -5041.69 207.567
37 48.988 -2.24345 885.308 -215.826 18.8244 -0.68461 0.0101613 -3490.1 153.801
38 -2.95341 3.24218 -237.848 56.2261 -4.857 0.21385 -0.00240217 -2902.46 131.84
39 17.9497 0.832019 -207.381 42.4793 -2.85331 0.108814 -0.000566594 -3783.32 162.242
40 17.9497 0.832019 589.877 -131.931 10.3155 -0.325043 0.00469574 -4416.62 185.336
41 68.7332 -4.86478 445.466 -114.351 10.5431 -0.39399 0.0064074 -1901.03 97.9034
42 72.4604 -4.50271 700.964 -171.478 15.0262 -0.54509 0.00828682 -3181.43 143.165
43 39.6249 -1.52068 81.9342 -29.6116 3.39367 -0.133928 0.00296219 -3316.83 147.239
44 50.4858 -3.09349 523.225 -132.937 12.0636 -0.447194 0.00712563 -2563.01 121.157
45 50.4858 -3.09349 1700.95 -382.695 31.0692 -1.07892 0.0148193 -3733.63 161.045
46 17.831 0.799428 766.506 -197.364 18.2403 -0.698861 0.0108038 -3802.96 164.945
47 42.454 -0.530075 549.84 -138.168 12.3842 -0.449472 0.0068985 -2960.04 133.482
48 42.454 -0.530075 509.502 -118.81 9.88785 -0.342408 0.00541403 -2374.05 111.929
49 13.6842 1.6571 749.492 -188.769 17.1535 -0.652082 0.0101504 -2844.19 131.525
50 13.6842 1.6571 775.848 -191.975 17.0809 -0.640414 0.00981786 -4059.91 173.292
51 13.6842 1.6571 1498.22 -350.508 29.6217 -1.06572 0.0150843 -5467.83 225.177
52 35.3331 -0.8698 674.812 -176.935 16.6549 -0.641234 0.00990517 -3879.22 168.298
53 34.758 -0.976458 635.943 -154.547 13.3409 -0.47018 0.00692244 -5629.44 226.973
54 19.9263 0.389121 204.339 -58.9031 5.87055 -0.212428 0.00365225 -2212.83 105.341
55 39.752 -1.65199 520.352 -141.522 13.8187 -0.550899 0.0089962 -3062.82 139.279
56 24.4866 0.266705 396.455 -92.3187 7.45621 -0.229013 0.00340796 -3365.12 149.052
57 40.2454 -1.12202 703.286 -171.894 14.8745 -0.521238 0.00750302 -4481.75 189.513
58 38.9445 -1.43223 671.931 -167.401 14.8691 -0.542012 0.00814443 -3317.3 145.973
59 38.9445 -1.43223 933.139 -206.785 16.2279 -0.527203 0.00719757 -3034.14 134.426
60 38.9445 -1.43223 798.695 -182.613 14.728 -0.484397 0.00672127 -4092.9 174.435
61 38.9445 -1.43223 849.04 -206.627 17.9533 -0.651266 0.00962586 -3076.19 138.023
62 36.4849 -1.76673 773.435 -173.135 13.6771 -0.44405 0.00624965 -4882.54 203.19
63 33.8412 -0.743352 672.592 -172.863 15.8911 -0.60323 0.00930378 -4498.4 189.347
64 58.3324 1.31039 245.608 -61.2997 7.01902 -0.3063 0.0059383 -4224.8 182.982
65 43.1933 1.97142 709.6 -176.698 17.1552 -0.685112 0.0109899 -4877.45 207.74
66 93.5402 1.44547 356.189 -80.8845 8.89523 -0.379544 0.00691426 -4318.9 190.852
67 46.9172 1.0469 115.576 -39.8213 5.84278 -0.290107 0.00608329 -5420.15 227.868
68 63.5463 1.28915 -33.9112 10.8569 0.482211 -0.0553457 0.00247973 -4083.31 179.847
69 80.1849 1.11219 -96.7121 28.1668 -1.19178 0.0291295 0.000700235 -5940.29 245.303
70 43.7005 1.57796 57.716 -10.0882 1.62606 -0.0613973 0.00186194 -4203.85 183.551
71 63.5832 1.51791 190.689 -45.5577 5.51561 -0.240085 0.00480786 -4706.1 202.014
72 51.265 1.16447 392.539 -103.041 10.8543 -0.447936 0.00766295 -4348.26 186.837
73 77.3289 1.16686 760.439 -188.009 18.6732 -0.761718 0.0122484 -5253.87 223.08
74 75.0228 1.02182 465.18 -119.371 12.7659 -0.54336 0.0093288 -4200.96 184.074
75 86.1511 0.951224 174.282 -42.968 5.795 -0.268952 0.00548398 -3951.42 176.665
76 77.1868 1.62144 215.814 -56.1039 7.11733 -0.327329 0.00639741 -4964.41 212.374
77 63.2668 0.786727 -276.668 69.018 -4.91703 0.167909 -0.00104889 -2450.8 118.047
78 82.1605 0.833382 668.009 -169.457 17.318 -0.719706 0.0118184 -3895.42 174.098
79 54.577 1.49732 98.8109 -25.0547 3.58314 -0.161392 0.0035724 -5285.46 223.835
80 63.6666 1.13027 128.449 -38.9433 5.55913 -0.265746 0.00548473 -4307.66 187.561
81 89.0799 0.867965 -14.9154 6.86999 0.950872 -0.0638072 0.00223941 -4488.84 194.897
82 45.2176 1.34855 -174.579 40.7732 -2.47204 0.0825939 -7.54721e-05 -3233.33 144.63
83 50.8143 0.964893 160.112 -42.3921 5.00421 -0.206778 0.00403766 -2276.6 111.806
84 81.2657 0.753472 225.691 -61.304 7.64554 -0.34426 0.00646246 -5217.51 221.266
85 75.0563 1.13216 17.5841 -1.65483 1.58245 -0.08809 0.00267564 -3498.53 160.217
86 90.7614 1.25328 272.291 -63.5036 7.23683 -0.303756 0.00550284 -3422.76 155.218
87 83.9202 1.18776 440.078 -110.358 11.9422 -0.512417 0.00893906 -3996.42 177.768
88 73.0396 1.21471 362.107 -93.6889 10.4203 -0.451101 0.00804521 -4920.66 210.821
89 52.2069 1.09949 283.431 -81.5779 9.51408 -0.421776 0.00770776 -4422.66 191.329
90 66.2802 1.07812 323.716 -91.5367 10.7719 -0.487842 0.0088951 -3684.08 167.068
91 68.6926 1.34401 103.852 -24.3454 3.58816 -0.164213 0.00373725 -5491.1 229.1
92 63.8155 1.26384 209.667 -54.0936 6.46979 -0.282802 0.00543522 -4521.27 195.359
93 45.4211 1.02787 496.824 -139.012 14.9228 -0.640558 0.0108998 -4716.5 201.986
94 62.8398 1.40192 288.652 -67.1317 6.89105 -0.262837 0.00458198 -4760.66 201.066
95 63.5688 1.56716 288.652 -67.1317 6.89105 -0.262837 0.00458198 -4760.66 201.066
