0 59.0061 1.22632 348.81 -79.7938 7.89393 -0.302063 0.00514482 -3610.31 159.709
1 36.6137 1.02202 410.321 -103.387 10.1285 -0.389081 0.00632679 -2733.88 127.96
2 45.4685 1.17243 133.953 -25.4896 2.54694 -0.0749692 0.00165684 -146.839 34.5866
3 55.3024 1.17904 -226.465 60.1495 -4.56171 0.174056 -0.00143361 -4525.13 193.801
4 33.6039 1.19765 -88.8366 23.5469 -1.53906 0.0693286 -0.000221972 -5380 224.404
5 41.5739 0.971786 398.028 -108.015 11.5128 -0.486094 0.00836524 -3980.39 172.972
6 54.4091 0.821134 -340.514 89.841 -7.41798 0.292933 -0.00324854 -4980.7 210.035
7 36.7191 1.18539 113.859 -33.82 4.4474 -0.197876 0.00413371 -4087.41 174.725
8 42.6487 1.12586 338.538 -83.9371 8.4145 -0.325247 0.00540466 -3946.23 167.82
9 46.5191 1.14238 72.4721 -19.7962 3.03868 -0.137661 0.00316496 -4096.85 178.571
10 37.4581 1.15072 -88.0106 21.2384 -0.962922 0.0276826 0.000702599 -4729.05 199.212
11 38.107 0.945645 338.643 -92.2102 9.8677 -0.414727 0.00726069 -3722.87 163.16
12 52.8346 1.17555 183.828 -43.0027 4.8024 -0.192285 0.00373865 -4171.88 178.43
13 20.5177 0.538123 0.701064 -12.3129 2.42738 -0.112455 0.00273915 -3827.84 166.005
14 26.2529 1.00793 -144.924 33.1671 -2.26397 0.0915069 -0.000425375 -4385.25 185.959
15 21.6553 0.299968 110.502 -42.1519 5.37492 -0.23916 0.00472198 -3672.69 158.987
16 18.9994 0.68804 39.5735 -18.6496 2.76741 -0.119277 0.00275534 -3917.04 169.351
17 66.7266 1.21522 188.842 -46.2471 5.53627 -0.237828 0.00460115 -4113.99 176.925
18 63.1999 1.09195 281.454 -70.6204 7.77697 -0.325587 0.00585272 -3427.4 152.676
19 50.4613 0.890279 235.331 -59.0019 6.31746 -0.249803 0.00444986 -3209.71 144.505
20 42.4867 1.1035 120.726 -27.2031 2.82101 -0.0886283 0.00185506 -1721.05 89.2098
21 30.4059 1.24687 57.6235 -19.1313 2.80216 -0.12213 0.00284567 -3852.95 168.261
22 39.4824 1.30625 424.221 -115.286 12.1133 -0.504033 0.00843088 -3355.91 149.323
23 38.3017 1.26179 73.2132 -20.814 2.85721 -0.116826 0.00260447 -3128.28 140.498
24 39.0363 1.11552 1.52313 -0.438354 0.770409 -0.0277256 0.00127532 -1859.16 94.5343
25 62.9932 0.868544 74.3672 -18.3455 2.83996 -0.122352 0.00277391 -3713.75 162.712
26 30.9737 0.737096 87.5252 -25.0862 2.85355 -0.0947464 0.00190931 -4172.87 175.304
27 31.7583 0.896255 45.305 -18.4525 2.85497 -0.126892 0.00292721 -2441.34 115.166
28 42.6621 1.15272 247.885 -67.0217 7.33834 -0.30002 0.00526573 -2850.79 130.575
29 63.3041 0.753415 61.1772 -7.88393 1.0677 -0.0170812 0.000699896 -1661.26 85.3069
30 35.1736 0.991908 31.8902 -17.0157 2.94926 -0.134925 0.00305304 -5181.44 212.798
31 48.4883 1.0944 144.005 -41.0381 5.03637 -0.210349 0.0040042 -4490.82 188.653
32 45.8187 2.10847 -83.732 23.8478 -1.37907 0.0603309 -4.29457e-05 -2914.82 133.606
33 38.6003 0.4391 -123.637 27.1642 -1.41393 0.0465283 0.000426087 -4288.47 179.909
34 39.9182 0.74384 -132.577 29.2792 -1.42714 0.0370702 0.000726242 -2807.84 129.945
35 25.2796 1.69493 -212.275 44.3865 -2.68404 0.0856712 -5.02604e-06 -3122.14 142.178
36 38.2961 1.513 2.21779 -8.86957 2.41596 -0.124394 0.0031022 -2726.76 127.162
37 40.216 1.30202 -77.9276 16.1007 -0.402673 0.0117345 0.000812851 -4395.75 186.258
38 31.4503 1.66468 -317.648 74.0414 -5.56387 0.204911 -0.0018127 -3806.32 163.001
39 24.0468 1.80881 -14.6285 -3.14928 1.40307 -0.0626656 0.00185541 -2712.36 123.886
40 20.5236 0.963 -41.6294 4.81734 0.302998 -0.00605287 0.000885087 -2318.21 109.78
41 18.7333 1.20756 -130.429 21.1498 -0.66761 0.0166232 0.000712739 -3927.03 168.972
42 64.1034 0.656062 70.4692 -17.369 2.72837 -0.115545 0.0026519 -3724.13 164.798
43 33.4323 0.88938 -529.091 134.463 -12.1189 0.510683 -0.00694852 -4414.69 177.678
44 21.2555 1.83976 -109.421 18.7907 -0.446604 0.00093905 0.00116115 -4309.92 181.931
45 49.4114 1.14088 -364.247 91.9754 -7.68483 0.317254 -0.00394464 -2818.32 128.989
46 58.1884 1.01583 209.49 -56.1645 6.49393 -0.27171 0.00499352 -2582.02 122.577
47 18.5151 1.02707 -48.0449 2.77199 0.700371 -0.0271682 0.00121024 -2815.58 127.339
48 35.1938 1.36177 -360.055 86.3987 -6.73973 0.251806 -0.00248681 -4283.39 181.203
49 25.7391 1.38113 -64.6198 4.97479 0.952222 -0.0551216 0.00189566 -3374.46 147.252
50 45.7273 0.929455 64.0467 -23.0541 3.45538 -0.149401 0.00314378 -3463.51 150.989
51 41.0894 1.16828 -73.5269 23.0122 -1.85527 0.0995508 -0.000913975 -1895.68 94.0348
52 42.4401 1.40909 22.6109 -7.53985 1.65757 -0.0664473 0.00182577 -2515.85 118.57
53 48.7882 1.24986 -163.518 39.9413 -2.5835 0.0953842 -0.000377156 -2555.74 118.691
54 46.9538 0.96312 345.721 -89.1086 8.88527 -0.334887 0.00534493 -2416.77 113.945
55 42.189 1.19612 -266.74 63.3275 -4.72082 0.179993 -0.0015721 -4551.08 192.157
56 44.8193 0.587217 44.7329 -17.4121 2.72751 -0.112137 0.0024838 -2866.3 129.404
57 37.9107 1.10709 102.08 -30.9967 3.86511 -0.154791 0.00310578 -3051.08 136.896
58 18.0331 0.739069 -232.013 44.9908 -2.94468 0.108808 -0.000611974 -3041.57 135.05
59 35.1646 1.19547 99.6671 -28.9597 3.53835 -0.137533 0.00278249 -2466.39 115.112
60 19.7957 0.705947 -489.272 113.827 -9.5077 0.377478 -0.00462928 -2665.25 120.099
61 47.5654 0.715186 44.8064 -3.62759 -0.0654869 0.0664233 -0.0011016 -2615.04 121.835
62 38.0019 0.951008 -24.1095 -1.1689 1.31069 -0.058515 0.0017418 -2854.49 129.477
63 19.0048 0.790485 209.661 -66.1714 7.30243 -0.300671 0.00536617 -4467 186.458
64 104.625 1.64301 -223.712 74.355 -6.10403 0.24605 -0.00268132 -2408.49 117.043
65 102.87 1.34427 18.762 11.8018 -0.50627 0.037101 5.53981e-05 -4663.62 198.698
66 115.108 1.50217 20.9063 14.5186 -0.553994 0.0253398 0.000446399 -1474.63 82.3485
67 70.2654 8.3178 5185.49 -1325.77 125.161 -5.02032 0.0741681 -6181.98 273.108
68 115.128 2.60794 863.193 -203.57 19.8324 -0.784082 0.0119169 -4642.32 193.447
69 123.826 1.66257 211.702 -29.3949 3.07106 -0.0977384 0.00186683 -2021.9 100.443
70 93.6121 1.48289 -221.611 72.0338 -5.99303 0.242071 -0.00262099 -2256.29 108.796
71 90.6993 1.27656 470.92 -111.374 11.176 -0.432769 0.00675011 -3145.27 140.388
72 115.325 1.64204 300.987 -53.0861 5.19618 -0.180008 0.00306929 -3810.78 165.632
73 112.09 1.32319 249.237 -47.8616 5.26115 -0.202508 0.00363011 -3005.02 137.695
74 69.4149 1.17185 -36.3553 12.4063 -0.103613 -0.00100949 0.000946978 -2552.11 120.139
75 92.3977 1.13309 -9.09967 11.6545 -0.0505755 0.000566521 0.00079759 -2776.39 128.973
76 115.998 1.54312 48.5549 8.1804 -0.105118 0.015095 0.000446997 -1907.68 97.0866
77 82.8482 1.22919 760.416 -187.734 18.4015 -0.732583 0.0113212 -2657.76 123.514
78 77.4802 0.947273 -65.0428 19.4057 -0.641915 0.0159216 0.000773843 -2918.22 131.001
79 84.008 1.06441 -322.433 91.2297 -7.66248 0.311927 -0.00379241 -1447.13 78.7876
80 81.0559 1.23553 32.4066 2.08592 0.409828 -0.00149487 0.000627148 -1994.15 98.8929
81 63.3055 6.34858 3655 -861.066 73.6727 -2.60311 0.0351891 -8337.64 359.968
82 93.0408 1.28595 105.285 -12.9312 1.76975 -0.055748 0.00143886 -1419.35 79.1346
83 85.9261 1.08479 260.468 -57.6219 6.19167 -0.242259 0.0042396 -2732.22 126.11
84 106.156 1.06128 16.8118 12.8163 -0.457433 0.0226091 0.000512687 -4181.39 177.787
85 126.412 0.710242 432.82 -95.8056 9.90346 -0.393439 0.00646849 -2959.25 136.032
86 95.9832 0.680657 436.021 -104.891 10.8446 -0.43593 0.00713507 -1943.43 99.2171
87 117.326 1.42226 379.826 -81.0248 8.48697 -0.335803 0.00556239 -3620.96 159.161
88 99.5543 1.39332 303.898 -63.7101 6.72292 -0.262377 0.00453176 -2777.7 128.586
89 85.3541 1.43188 145.584 -24.1409 2.77507 -0.0948522 0.00200446 -2018.79 100.55
90 93.7931 0.946644 1.95756 6.84 0.576004 -0.0342769 0.00147512 -2306.93 111.281
91 109.369 1.39961 -58.5541 31.6611 -2.15112 0.092431 -0.0006131 -2033.49 101.206
92 111.217 1.0401 214.918 -40.6016 4.57931 -0.172266 0.00308629 -2641.21 122.505
93 97.2502 0.93132 104.429 -18.4082 2.87358 -0.124526 0.00283431 -3352.81 149.898
94 106.967 1.3333 281.075 -54.6885 5.65563 -0.210466 0.0036397 -2663.27 124.58
95 97.7453 0.389675 275.709 -55.2099 5.60498 -0.215386 0.00316177 -2663.27 124.58
