0 39.6446 1.39055 -406.96 105.242 -9.04332 0.366525 -0.00448399 -1180.25 68.5268
1 55.696 1.52087 -26.2532 12.5113 -0.494453 0.025393 0.00047887 -1808.08 92.7983
2 59.7926 1.40835 88.0313 -20.8945 3.08573 -0.133649 0.00295598 -2552.03 119.582
3 44.1488 1.39462 35.7179 -16.8989 3.13621 -0.151013 0.00343585 -2878.87 131.979
4 53.1663 1.44016 356.454 -95.9001 10.4441 -0.441754 0.00756786 -3073.08 138.891
5 94.7337 0.449943 163.842 -33.5262 4.25687 -0.178088 0.00353171 -2766.79 129.358
6 55.6512 1.20015 -224.064 53.8458 -3.50845 0.11604 -0.000484388 -1948.14 97.4001
7 52.0513 1.40646 -296.886 73.4525 -5.50469 0.202722 -0.00179078 -3319.78 148.39
8 66.1194 1.17231 90.2185 -22.5686 3.38704 -0.14863 0.00316048 -2146.8 105.126
9 61.8083 1.18854 160.651 -39.2022 4.61562 -0.182528 0.00346983 -3206.3 143.538
10 75.5698 1.13697 230.204 -58.406 6.88815 -0.293436 0.00532664 -2711.47 125.998
11 66.1033 1.02823 454.087 -113.903 11.6351 -0.4709 0.00776928 -3910.8 168.378
12 61.2552 1.64198 -61.9191 19.9814 -0.973117 0.0397264 0.000262716 -3071.35 137.286
13 55.156 1.64285 -113.871 33.3753 -2.37629 0.105343 -0.000870027 -3246.14 144.246
14 73.9432 1.30556 5.05212 3.91578 0.632025 -0.0269616 0.00125983 -2441.12 115.267
15 78.1445 1.15706 130.067 -28.9106 3.79664 -0.157612 0.00322537 -3775.57 164.247
16 59.4181 1.19741 239.799 -64.4285 7.33045 -0.306242 0.00539593 -2794.67 128.557
17 71.9426 1.03498 102.527 -24.4449 3.38768 -0.136217 0.00276017 -2876.29 131.321
18 84.737 1.04865 5.00387 6.26269 0.382034 -0.0162046 0.00109318 -1121.19 68.0191
19 84.1145 1.3928 -50.3948 24.8192 -1.71437 0.0808325 -0.000442033 -3342.9 150.298
20 44.8996 0.998132 -125.627 28.3937 -1.61409 0.0618147 -3.74548e-05 -2831.81 127.963
21 71.8373 1.15397 -120.002 31.0415 -1.60231 0.0532239 0.000169644 -2431.08 114.542
22 69.1872 0.852796 274.053 -69.6445 7.67887 -0.317541 0.00561617 -2431.22 116.371
23 51.3923 0.85532 -148.926 36.3768 -2.51406 0.105345 -0.000790256 -6346.67 245.285
24 68.0823 1.03411 128.334 -34.5254 4.52324 -0.191248 0.0036833 -3501.11 154.294
25 60.3596 0.907753 -262.496 67.9248 -5.29715 0.207256 -0.00209896 -3895.26 163.187
26 67.2664 0.832292 119.21 -33.8186 4.56335 -0.198264 0.00391116 -3189.71 142.821
27 64.8966 1.02017 -119.057 25.69 -0.738155 0.00353098 0.00111375 -2876.21 131.724
28 72.4019 1.05773 -168.509 40.5543 -2.10112 0.0528003 0.000529633 -3457.51 147.878
29 71.8258 1.15884 -311.259 85.0426 -7.07271 0.288079 -0.00347944 -2957.93 133.842
30 57.7056 0.816489 -560.872 141.496 -12.0154 0.469774 -0.00574185 -3925.65 168.691
31 81.7605 0.370872 225.299 -52.3292 5.69646 -0.219902 0.00385083 -1851.98 93.8404
32 90.0529 1.28146 -91.1417 30.8823 -1.63402 0.0515338 0.000368962 -4109.54 177.568
33 99.0985 1.49435 10.9929 9.32774 0.190067 -0.0123307 0.00111588 -4129.66 177.556
34 104.456 1.3252 -362.783 104.277 -8.40976 0.318012 -0.00336217 -4478.81 191.616
35 115.692 1.63897 -30.4548 19.5957 -0.30457 -0.0111984 0.00134634 -3484.98 155.422
36 95.1881 1.39081 -54.0244 19.9582 -0.310449 -0.013964 0.00148657 -2324.32 114.575
37 129.592 1.2478 246.567 -34.8 3.47231 -0.113712 0.00222282 -2411.32 117.813
38 106.777 0.932196 65.0822 -10.0698 2.55729 -0.130299 0.00313859 -3743.1 164.183
39 64.6725 1.27905 23.5793 -1.42486 1.09845 -0.0479455 0.00164967 -1616.27 88.0385
40 91.6635 0.957585 254.766 -54.2639 5.71914 -0.215751 0.00375588 -2826.2 130.326
41 102.95 1.24938 -183.853 56.6509 -3.83071 0.128775 -0.000555053 -2347.2 115.336
42 87.9369 1.21194 720.006 -177.882 17.7131 -0.714206 0.0112429 -5325.71 220.632
43 120.416 1.25236 363.249 -77.414 8.40152 -0.347454 0.00605586 -3730.08 162.861
44 84.4346 1.20501 -72.8006 31.0393 -2.26628 0.10158 -0.000773197 -3480.77 153.328
45 68.9354 1.46005 4.48205 0.562328 1.18871 -0.0585229 0.00184918 -3469.49 153.92
46 74.6812 0.914394 253.778 -65.6328 7.61609 -0.328195 0.00595144 -4499.99 188.835
47 116.049 1.04828 198.113 -39.6381 4.98384 -0.213808 0.00413991 -2683.97 125.972
48 107.285 1.18639 -11.9817 16.106 -0.479438 0.0168976 0.00060574 -4345.66 184.819
49 88.3269 1.10028 66.3876 -13.7463 2.73181 -0.130051 0.00302485 -1588.25 86.3484
50 105.794 1.58607 199.158 -39.8026 4.99801 -0.214651 0.00417973 -4087.35 178.086
51 109.618 1.17646 68.5677 -4.9923 1.56162 -0.0690064 0.00194812 -3549.63 156.821
52 101.844 0.604784 584.711 -150.223 15.8479 -0.665644 0.0108937 -3632.43 160.772
53 102.052 0.997085 51.142 -2.60855 1.18094 -0.0428188 0.00136467 -2314.89 112.864
54 105.806 0.731408 -132.671 39.7391 -2.11947 0.0587134 0.000368566 -2246.56 110.119
55 107.228 0.991978 177.565 -29.968 3.5225 -0.130628 0.00257108 -3221.05 145.09
56 102.026 1.17955 301.817 -61.4573 6.22648 -0.230873 0.00390973 -2304.15 110.213
57 112.812 0.787169 99.0596 -18.3953 3.31149 -0.15508 0.00336068 -3737.89 163.149
58 97.123 0.67235 202.318 -46.98 5.82857 -0.251818 0.00472874 -3142.45 140.96
59 115.182 1.11264 139.431 -20.9149 2.84375 -0.107944 0.00226668 -2174.23 107.073
60 100.973 0.715903 131.02 -22.1605 2.82938 -0.104594 0.00225962 -2942.87 134.74
61 128.627 0.820705 255.318 -45.3221 4.89366 -0.185496 0.00341752 -4049.68 176.32
62 99.0808 0.659073 -351.225 99.8666 -8.3287 0.331865 -0.00389438 -4672.37 196.632
63 98.7108 1.0524 417.291 -97.2689 10.1063 -0.408356 0.00678971 -3443.46 151.71
64 89.4875 1.28253 58.4865 -6.608 1.68088 -0.0734654 0.0019986 -3687.64 160.886
65 54.4991 1.32765 34.6948 -3.96828 0.988878 -0.0304779 0.0011916 -2419.58 113.237
66 82.9803 1.16654 354.36 -82.739 8.60966 -0.344619 0.00589486 -3753.79 163.781
67 71.6809 1.81711 141.093 -24.1956 2.68281 -0.0909481 0.00197722 -2746.79 125.66
68 68.1243 1.75102 -47.8506 19.9454 -1.1323 0.0531415 -7.24586e-05 -2970.05 132.38
69 76.9205 1.55742 84.9323 -14.075 2.18442 -0.0898256 0.00222722 -2190.75 106.208
70 84.8625 1.68128 2.3136 9.1982 0.0367575 -0.000402154 0.000803289 -2108.69 102.983
71 85.3039 1.31275 593.007 -139.637 13.5055 -0.520728 0.00804488 -3099.47 139.753
72 82.9697 1.40608 -55.5795 23.9137 -1.45508 0.0660333 -0.000247872 -2254.37 108.971
73 68.8062 1.2175 239.729 -58.0865 6.3537 -0.253827 0.00448745 -2473.33 115.058
74 59.3846 1.35044 144.126 -32.2453 3.60327 -0.12843 0.00237585 -3940.36 168.635
75 79.5752 0.918733 215.311 -47.9675 5.29181 -0.20821 0.00381562 -4163.02 176.54
76 82.1205 0.83734 152.335 -27.7161 2.95795 -0.0939609 0.00178354 -1014.96 62.754
77 88.9588 1.22552 15.8813 11.6776 -0.819576 0.0578088 -0.000342837 -3681.34 160.808
78 62.1295 0.762352 -19.0019 6.4575 0.287432 -0.00962735 0.000869433 -2927.7 129.438
79 85.8833 1.14735 135.579 -31.6092 4.30194 -0.187384 0.00365849 -2457.94 115.169
80 76.9994 0.56553 158.552 -36.3584 4.26937 -0.168266 0.00318223 -1804.51 91.8844
81 76.5959 1.09016 -106.648 34.5106 -2.44114 0.101044 -0.000689595 -3279.03 144.98
82 78.7965 1.08983 290.049 -64.0414 6.38245 -0.232492 0.00378034 -4253.16 179.001
83 70.0522 1.10211 144.479 -31.6992 3.62019 -0.133287 0.00254009 -3106.97 138.406
84 90.6564 0.955875 46.8338 -0.839001 0.781519 -0.0281184 0.00128352 -3229.94 144.135
85 82.5521 0.345491 260.335 -66.227 7.43645 -0.307575 0.00535786 -3772.92 164.678
86 69.297 1.07059 69.8894 -15.5311 2.49605 -0.103868 0.00233825 -2898.95 130.07
87 86.6512 1.07055 296.707 -63.8598 6.43881 -0.240828 0.00408522 -2861.24 131.674
88 75.4036 0.976406 -3.24202 8.64294 -0.177399 0.0187048 0.000372321 -2020.65 97.9851
89 81.2372 0.721419 292.604 -66.8067 6.74217 -0.250578 0.00412795 -3269.5 143.838
90 79.491 1.11819 37.572 -0.0751403 0.564339 -0.00588916 0.000643835 -3823.11 162.934
91 99.6681 0.821786 242.776 -52.3973 5.71765 -0.219394 0.00379405 -3160.86 142.445
92 61.3055 1.34599 -214.499 57.6164 -4.40347 0.172218 -0.00158051 -2327.84 109.718
93 82.0951 1.11328 -98.5634 29.1309 -1.56637 0.0574248 5.86569e-05 -4098.33 178.06
94 63.0207 1.15144 165.272 -36.2187 3.90637 -0.143573 0.00275923 -1642.54 86.48
95 59.6521 2.37942 195.839 -35.6813 3.84131 -0.154746 0.0015459 -1642.54 86.48
