0 83.7928 1.08803 -110.285 43.2168 -3.72751 0.178487 -0.00216836 -2318.23 113.75
1 76.4834 1.4251 -432.184 120.828 -10.4772 0.425 -0.00536258 -4753.43 197.249
2 88.4368 0.397722 246.01 -55.2578 6.28104 -0.260794 0.00479986 -3242.73 145.602
3 69.8415 1.45224 -163.991 44.0994 -2.74329 0.0919025 -0.000159898 -2068.81 104.294
4 90.0871 1.27926 183.856 -42.3705 5.46645 -0.243495 0.00472854 -3335.42 148.442
5 62.2258 1.30733 -198.023 49.7718 -3.25984 0.113686 -0.000564067 -3198.69 141.761
6 68.8126 1.39237 45.7473 -1.50129 0.713461 -0.0178956 0.00105016 -3180.33 142.986
7 82.9283 1.36556 126.618 -22.4317 2.94502 -0.112172 0.00235762 -2583.65 120.484
8 70.3407 1.24185 448.65 -113.989 11.8378 -0.479919 0.00783941 -3499.51 154.529
9 87.7264 1.29017 341.287 -81.197 8.97359 -0.383909 0.00683116 -3928.21 167.919
10 101.125 0.865364 -51.6392 18.1279 -0.196135 -0.0101767 0.00125348 -4285.86 181.984
11 84.0102 1.27805 54.4989 -4.3104 1.2131 -0.0415541 0.00130818 -3303.45 147.57
12 75.6461 1.2817 2.67037 0.716242 1.25722 -0.060408 0.0017915 -2852.65 131.498
13 85.1488 1.56966 -68.8164 26.7627 -1.50052 0.0573705 9.26417e-05 -1084.47 68.0929
14 62.6294 1.66954 76.7969 -17.3754 2.68147 -0.109592 0.00240886 -3000.57 135.729
15 87.5481 0.736436 550.388 -141.611 14.8902 -0.624095 0.010269 -3245.33 147.162
16 90.7278 0.998817 171.002 -33.1218 3.80185 -0.140697 0.00270869 -1811.73 93.6731
17 68.864 0.826485 -155.285 41.1282 -2.61783 0.0938158 -0.000334399 -3449.36 153.993
18 63.3119 0.919264 24.9651 -11.803 2.69689 -0.129501 0.00293741 -2782.67 127.779
19 65.2498 1.5601 302.151 -68.4383 6.86067 -0.256419 0.00427286 -2741.51 125.842
20 77.2922 1.19293 -60.5928 16.1262 -0.0628949 -0.0168718 0.00134931 -2480.34 117.21
21 111.996 1.04241 152.884 -29.3069 3.97438 -0.165949 0.00330196 -2753.82 129.865
22 63.6724 1.2008 -57.9912 15.9394 -0.361224 0.00699167 0.000853865 -2974.56 132.799
23 100.394 0.841093 415.36 -91.8388 8.96832 -0.334341 0.00530293 -3520.21 154.29
24 72.1531 0.813032 83.2868 -20.5287 3.03516 -0.125203 0.00268081 -2043.69 101.635
25 59.4452 1.00964 56.3615 -18.3292 3.06709 -0.135244 0.00291654 -2546.41 118.903
26 104.157 0.99504 338.996 -72.1995 7.23305 -0.266422 0.00428916 -2807.53 127.873
27 69.2125 0.854384 63.0883 -14.4374 2.30167 -0.0890686 0.00206269 -3646.84 155.805
28 84.3491 0.947777 326.854 -79.1305 8.3708 -0.330616 0.00545519 -2848.65 129.396
29 83.565 0.759462 256.135 -60.547 6.56393 -0.257426 0.00444504 -4541.4 190.013
30 82.0006 0.762924 27.943 -0.116658 0.665947 -0.00897134 0.000696099 -2919.33 133.576
31 84.2217 0.854529 250.886 -61.5013 6.96276 -0.285947 0.00506184 -3092.33 140.561
32 22.296 1.4506 -61.069 5.4024 0.723653 -0.0369401 0.0014844 -2716.71 123.416
33 30.8647 -0.393927 50.0425 -20.9843 2.79085 -0.11809 0.00279217 -5312.08 217.221
34 40.9675 1.57842 -86.6035 17.1736 -0.34662 0.0036048 0.00090147 -1398.65 76.9712
35 18.7116 0.633475 -167.918 28.7769 -1.34594 0.0383335 0.000555834 -3671.01 158.735
36 18.0956 0.94895 -64.5106 7.53659 0.24495 -0.00893337 0.000934284 -3457.21 151.142
37 38.1948 -1.36583 250.131 -67.9556 6.68354 -0.251266 0.00430671 -2732.16 124.076
38 24.1922 0.941081 -445.126 105.176 -8.72654 0.345004 -0.00413325 -1505.74 78.7429
39 19.1972 0.708081 162.145 -48.913 5.10105 -0.185822 0.00322471 -3117.9 136.45
40 13.013 1.46957 -170.667 32.3633 -1.97242 0.0749521 -0.000214042 -1986.21 96.5674
41 20.3357 0.595342 -14.9469 -13.9367 2.89571 -0.135219 0.00301589 -3811.98 164.266
42 22.198 0.255589 13.9978 -17.3761 2.82137 -0.125282 0.0028454 -3076.92 135.796
43 19.039 0.620017 571.284 -159.395 15.9685 -0.641582 0.0100586 -2897.46 130.265
44 22.8856 0.960071 -399.865 90.784 -7.28553 0.289108 -0.0033904 -4041.12 169.187
45 13.987 1.12223 33.7673 -16.1793 2.22179 -0.0854715 0.00210308 -4012.77 169.32
46 22.2312 0.805313 201.881 -70.4913 8.30123 -0.356223 0.0062182 -2788.07 126.843
47 27.4262 1.03265 156.257 -50.2047 5.84402 -0.241861 0.00441913 -3411.45 147.179
48 21.8873 0.453157 -881.752 221.767 -20.2848 0.834079 -0.0115036 -2469.24 111.847
49 29.807 1.09909 -332.758 77.2713 -6.00219 0.229328 -0.00238461 -1538.46 80.1528
50 28.2359 0.918403 -119.667 20.8132 -0.819022 0.0296316 0.000406334 -3558.16 153.316
51 19.2645 0.478061 -287.793 68.1999 -5.98286 0.258583 -0.00315548 -2827.7 126.282
52 20.1514 0.622979 -85.8507 13.5376 -0.49818 0.0296608 0.000222251 -1880.23 92.1344
53 41.8739 1.10641 -355.59 85.9032 -6.78888 0.256716 -0.00256986 -1357.67 74.4418
54 21.7061 1.11328 50.9529 -18.3983 2.32321 -0.0755693 0.00162096 -3689.1 155.102
55 25.6581 -0.394441 436.085 -116.982 11.1757 -0.426476 0.00679042 -2921.12 130.426
56 32.737 0.882602 27.0635 -13.6309 2.15938 -0.0811954 0.00186071 -2157.23 102.69
57 24.4517 0.637539 45.3669 -17.8065 2.17578 -0.0636013 0.00132262 -1986.39 95.1197
58 46.938 0.7082 51.9694 -20.2825 3.07227 -0.125584 0.00257814 -3531.94 152.27
59 21.534 1.25196 -173.276 34.4031 -2.01458 0.0701785 -8.6498e-05 -3225.49 138.282
60 35.918 0.858957 -61.7708 8.45656 0.28668 -0.0151351 0.00110427 -3127.27 135.802
61 33.3889 0.661092 189.225 -54.9066 5.87648 -0.223701 0.00384724 -4677.37 193.857
62 34.1217 0.62794 377.354 -102.801 10.3545 -0.404048 0.00649278 -4370.94 182.212
63 28.7761 1.1724 -113.487 23.5751 -1.35573 0.0600478 -0.000216033 -1300.16 70.4354
64 35.3018 1.59017 -196.926 48.4124 -3.54665 0.136945 -0.000999263 -9590.66 346.375
65 57.2715 1.34255 -339.129 89.3304 -7.44211 0.301418 -0.00361348 -2144.37 102.595
66 78.7194 1.62588 226.844 -46.5905 4.91804 -0.179672 0.00319998 -2961.44 135.191
67 79.7791 1.35841 138.958 -27.6365 3.44598 -0.133845 0.00269283 -3343.5 148.875
68 50.2126 1.37094 -535.212 132.764 -10.9549 0.421452 -0.0050498 -3376.77 147.927
69 59.2587 1.0551 -231.095 64.4822 -5.30867 0.218218 -0.00242115 -2277.15 106.889
70 70.4295 1.21625 -230.992 64.8367 -5.25271 0.220792 -0.00258714 -4403.62 179.953
71 57.7042 1.46023 -268.874 74.5605 -6.26761 0.259886 -0.00299029 -1827.12 93.3245
72 49.8122 1.28228 -133.299 36.1259 -2.68668 0.119072 -0.00102778 -3680.05 154.55
73 59.6778 1.18797 -256.439 60.7769 -4.10102 0.141956 -0.00091566 -3421.14 149.573
74 37.2731 1.38897 -200.177 52.1644 -4.18166 0.174428 -0.00181325 -2284.19 106.954
75 59.8266 0.673517 -366.327 94.9055 -7.79087 0.305388 -0.00346316 -2425.71 113.139
76 60.4424 0.972161 -11.4612 -2.39604 1.66466 -0.0794716 0.0020947 -1839.14 93.5429
77 44.5227 0.991944 113.16 -28.5182 3.2677 -0.114213 0.00218007 -2327.35 109.472
78 40.4651 1.38782 -67.1237 16.043 -0.655254 0.0299811 0.000321445 -1917.95 94.5353
79 74.3667 1.06449 -211.043 57.5346 -4.26035 0.163867 -0.00145256 -3148.97 140.159
80 54.2969 1.08766 -82.1885 18.4895 -0.528743 0.0116975 0.000789895 -2752.71 125.56
81 73.33 1.12549 -322.547 83.9661 -6.56398 0.251942 -0.00271143 -2898.27 128.767
82 31.3652 1.00149 290.172 -76.5516 7.54016 -0.276549 0.00438002 -3804.34 159.438
83 69.6963 1.1558 -437.281 117.07 -9.88934 0.386191 -0.00457005 -1665.92 87.0503
84 72.4101 1.21376 53.5555 -4.50775 0.937347 -0.0194785 0.000863855 -1923.28 95.3205
85 56.3958 0.722072 343.7 -88.456 9.02174 -0.34943 0.00563737 -2977.86 132.466
86 58.4922 1.03626 75.5968 -13.2329 1.57301 -0.0346063 0.000896214 -2866.95 130.104
87 38.284 1.17301 -208.97 51.764 -4.15032 0.18173 -0.00208211 -3964.99 165.411
88 41.1734 1.03662 -231.732 55.2662 -4.14422 0.164545 -0.00157947 -3378.09 145.445
89 38.8004 0.86111 291.09 -78.9134 8.20156 -0.323865 0.00536577 -2554.59 116.569
90 78.2854 0.817518 84.6968 -17.8983 2.61754 -0.0984337 0.00207529 -4655.12 192.638
91 59.0265 0.870528 -119.752 29.2186 -1.56739 0.0555591 0.000135995 -2023.91 100.646
92 77.8902 0.739892 628.197 -162.935 16.6342 -0.679473 0.0108177 -3412.12 151.255
93 50.765 0.55442 249.226 -64.2166 6.48522 -0.237189 0.00393638 -2639.56 120.804
94 62.7 0.684319 -25.2895 11.729 -0.67392 0.0496242 -0.000177496 -338.512 39.9717
95 62.9903 0.719146 -25.2895 11.729 -0.67392 0.0496242 -0.000177496 -338.512 39.9717
