0 29.7253 2.13161 -55.9259 13.7858 -0.389956 -1.40087e-05 0.000984755 -2039.08 95.1381
1 16.1625 2.04559 58.028 -14.1653 1.66032 -0.063046 0.00170111 -2511.46 111.709
2 22.475 1.8226 -17.1036 3.65016 0.195415 -0.00633292 0.000802707 -2185.36 99.4718
3 42.6945 1.93767 55.9119 -8.60347 1.3676 -0.0607645 0.00179697 -2011.58 95.7027
4 39.5208 1.05569 -95.85 32.0925 -2.94287 0.138504 -0.00156853 -2148.45 97.2978
5 17.2871 2.40996 -179.449 45.5423 -3.48409 0.12092 -0.000531488 -1379.17 73.5886
6 35.1626 2.45465 48.7039 -10.605 1.78875 -0.0804799 0.00207053 -2609.99 117.088
7 32.1172 2.58446 -83.4704 22.4137 -1.16844 0.0290352 0.000599424 -1291.21 69.1259
8 21.318 1.56359 -372.258 98.7135 -9.01678 0.370792 -0.00463628 -1316 67.5464
9 23.5354 1.37822 281.845 -75.0848 7.64627 -0.30824 0.00524757 -900.187 55.1542
10 24.708 1.47156 162.598 -41.1809 4.18497 -0.156483 0.00279998 -2106.26 95.0477
11 105.187 -6.81853 123.258 -32.4523 3.4423 -0.137246 0.00270163 -2047.44 92.7285
12 26.0655 1.47369 15.7532 -4.55146 0.974458 -0.040492 0.00135968 -1929.94 90.3878
13 35.4228 0.0372159 28.4858 -6.63578 0.908055 -0.0287961 0.00108666 -1837.37 87.5883
14 25.975 2.07498 124.984 -32.8607 3.8624 -0.164545 0.00320988 -1706.64 81.8158
15 21.4147 1.51814 -134.302 29.0989 -1.74672 0.0525986 0.00025067 -2382.95 107.005
16 25.0935 1.63383 102.553 -25.2509 2.68199 -0.0954471 0.00193009 -1861.31 87.9672
17 29.6148 1.48961 221.87 -52.1456 4.87167 -0.171135 0.00284596 -1140.24 60.988
18 24.6488 1.77215 56.5077 -15.5541 2.07474 -0.0843168 0.00196694 -1878.51 90.1241
19 32.5787 1.84533 410.241 -107.466 10.9244 -0.450117 0.00745553 -2530.23 113.667
20 22.024 2.15959 -165.129 44.0803 -3.59641 0.139892 -0.00111502 -2271.77 102.32
21 23.918 1.25105 144.09 -38.6069 4.15155 -0.166075 0.00313672 -1821.67 86.7427
22 127.317 -8.8704 178.748 -42.9329 4.02676 -0.144903 0.00260589 -2197.39 97.9095
23 27.4869 0.844432 25.1222 -2.26943 0.229614 0.0025083 0.000673609 -2019.94 93.8545
24 26.3926 1.04087 282.345 -75.1633 7.61201 -0.302797 0.0050339 -1369.56 70.5183
25 45.7616 2.01084 97.707 -21.9818 2.82557 -0.120579 0.00259188 -2217.06 101.386
26 82.6784 -4.59947 99.2164 -24.7205 2.69467 -0.114964 0.00269411 -1302.35 69.8112
27 51.5699 1.65611 312.521 -70.9415 6.86682 -0.266609 0.00455643 -1184.83 65.7331
28 34.3431 1.56699 241.206 -65.1835 7.12158 -0.302657 0.00531706 -2346.6 106.327
29 127.562 -8.89749 58.828 -4.4622 -0.225731 0.045578 -0.000264482 -1582.88 77.368
30 28.7714 0.679678 213.726 -54.3668 5.29219 -0.198426 0.00339187 -2281.18 100.991
31 26.239 1.31362 -126.343 34.1953 -2.88557 0.124598 -0.00118239 -3622.15 149.134
32 134.377 -5.59046 457.357 -105.17 9.9335 -0.38364 0.00607961 -2488.05 112.158
33 100.276 -2.2472 215.633 -38.8239 3.4716 -0.127375 0.00255357 -1949.3 91.4553
34 67.3726 1.6356 -272.851 81.3371 -6.9516 0.270691 -0.00305696 -1931.49 91.2943
35 146.982 -7.46716 202.567 -35.9588 3.25909 -0.11753 0.00237235 -2082.17 96.8746
36 112.693 -3.64237 94.6189 -7.80857 0.685881 -0.0250065 0.00123866 -1121.19 63.1599
37 84.932 -0.744443 216.472 -46.4106 4.90531 -0.205605 0.00390611 -1684.61 82.8792
38 66.5867 1.02871 131.333 -23.0894 2.53466 -0.0963695 0.00206756 -1700.04 83.1513
39 97.9951 -2.04242 24.0469 5.09069 -0.123872 0.00417339 0.000778546 -1971.96 93.63
40 89.2996 -1.82098 104.022 -3.44004 -0.39842 0.0433447 -9.15213e-05 -1570.75 76.9326
41 66.7052 2.23586 -92.3673 38.3363 -3.24923 0.136141 -0.00131214 -1454.58 73.6745
42 132.417 -5.70195 146.21 -27.4738 2.96582 -0.122785 0.00266409 -2605.8 115.708
43 65.0303 1.11746 -21.2989 15.1304 -0.890064 0.0320485 0.000386886 -1860.25 89.5293
44 76.4922 -0.191843 255.633 -52.7985 4.93594 -0.179216 0.00312004 -2227.62 101.947
45 76.9688 -0.328172 243.583 -51.0854 4.97364 -0.192077 0.00349768 -1434.94 74.015
46 104.562 -2.72592 145.852 -19.8299 1.64166 -0.0554232 0.00154269 -1604.56 78.5032
47 69.1356 0.473555 66.159 -0.443713 -0.200628 0.0315525 4.40283e-05 -2248.55 102.17
48 85.7981 -0.614458 178.095 -26.4985 2.05901 -0.0630903 0.00153464 -2523.1 112.562
49 86.7063 -1.49562 230.392 -43.2041 3.77043 -0.127472 0.0023332 -1857.9 89.145
50 67.3896 0.656162 270.98 -56.2268 5.28767 -0.197308 0.00347634 -1577.25 79.6834
51 140.468 -6.01679 579.637 -128.978 11.3956 -0.418406 0.00629766 -2368.38 105.106
52 68.6703 0.742798 330.308 -66.8599 5.80783 -0.196097 0.0031375 -2960.4 129.823
53 66.9024 0.786771 35.5903 3.976 -0.261989 0.0214437 0.000384387 -2203.85 101.189
54 76.196 -0.243551 422.964 -92.9852 8.44752 -0.311587 0.00490062 -2923.62 124.261
55 71.2799 1.1427 165.298 -26.1844 2.46735 -0.0847015 0.00192389 -962.283 58.4018
56 81.712 1.37541 120.138 -5.02205 -0.223543 0.0547762 -0.000626048 -1652.12 81.18
57 81.5498 1.31955 424.798 -87.9211 7.82233 -0.273548 0.00417982 -2115.5 98.5922
58 69.0553 0.706192 225.578 -41.5582 3.64353 -0.121716 0.00235064 -1838.18 90.6666
59 75.6426 1.1034 482.801 -103.369 9.14582 -0.324101 0.00482247 -1916.1 90.5905
60 107.883 -3.26947 223.184 -40.5987 3.54107 -0.123096 0.00244483 -1917.08 92.2033
61 117.581 -4.35113 316.511 -64.6497 5.6901 -0.202074 0.00345072 -1256.75 67.6792
62 71.3588 1.23391 108.898 -9.25888 0.587358 0.00713944 0.000218387 -1552.79 76.9097
63 75.1868 1.23777 195.377 -30.1262 2.54112 -0.0734795 0.00150831 -1048.97 59.3625
64 75.8737 1.83045 36.711 4.89211 -0.0109381 0.00106243 0.000778224 -1266.87 69.1772
65 61.9008 2.35495 27.0245 4.92629 0.00792656 0.000586565 0.000738 -1380.11 72.2647
66 60.6368 2.83237 -120.258 40.9546 -3.09547 0.116554 -0.000852001 -2164.31 100.488
67 42.742 3.47747 -55.3157 23.4704 -1.61572 0.0613358 -0.000107742 -1846.18 88.2672
68 44.2294 3.29259 -191.514 58.9005 -4.97147 0.197449 -0.0020535 -936.269 57.0239
69 33.0689 1.78603 -4.38491 5.75168 -0.206796 0.0149093 0.000407991 -2534.02 110.287
70 52.7285 3.31054 -359.514 107.462 -9.70672 0.389837 -0.00482497 -1095 61.3521
71 60.8731 2.48349 -105.038 41.2636 -3.59194 0.15251 -0.00157486 -980.646 56.6274
72 104.194 2.82553 -64.2153 42.5646 -3.63027 0.147599 -0.0013072 -1765.81 88.1132
73 62.3744 2.34509 95.0374 -12.4994 1.61884 -0.0605154 0.00148576 -2241.91 101.534
74 73.711 1.2369 276.974 -55.592 5.302 -0.198939 0.00341626 -2263.59 103.281
75 42.9672 0.966339 -93.2513 26.9443 -1.8689 0.0663667 -4.79535e-05 -2647.27 115.735
76 61.7389 2.316 218.24 -41.321 4.02378 -0.151518 0.00287611 -1715.96 84.4525
77 46.5294 1.95632 -29.6314 17.0975 -1.35834 0.0635174 -0.000252635 -2532.34 113.61
78 74.7388 0.74194 133.684 -22.3727 2.4482 -0.0935302 0.00202817 -2199.81 100.762
79 67.0905 2.20361 38.7229 3.01816 0.151223 -0.00226997 0.000728285 -2153.87 99.4606
80 55.1658 1.24334 124.827 -17.1703 1.28411 -0.0211458 0.000684652 -2269.76 102.487
81 55.3523 1.62986 250.611 -53.0342 5.1218 -0.193888 0.00344833 -2949.3 128.399
82 41.9429 2.22129 -214.4 60.2259 -4.90144 0.182288 -0.00163206 -300.04 33.1946
83 57.9601 2.28516 -9.31082 15.6167 -1.17592 0.051482 1.08745e-05 -2928.94 127.329
84 42.94 1.22168 59.3891 -1.52444 -0.388084 0.0561116 -0.000571886 -1968.85 91.2738
85 44.5154 2.07033 161.686 -35.851 3.88725 -0.157396 0.00306861 -3241.22 137.29
86 81.2212 1.46059 170.531 -18.6851 1.06858 0.00450936 4.91011e-05 -2437.4 110.04
87 43.4644 2.02564 -36.3105 21.8012 -2.18358 0.111887 -0.00117593 -2350.7 104.322
88 60.3386 1.88058 161.13 -29.7135 3.14328 -0.12411 0.00257824 -1580.61 79.6332
89 71.2763 1.79039 138.788 -15.7525 1.12833 -0.00980924 0.000444331 -1750.59 85.4634
90 42.8763 1.42776 257.177 -57.0166 5.23641 -0.184928 0.00308556 -1388.92 71.2528
91 61.1997 1.51354 127.336 -22.3586 2.40693 -0.0841337 0.00171754 -2415.38 109.068
92 42.8729 1.59117 103.278 -16.414 1.43425 -0.0329532 0.000907799 -1409.48 71.9344
93 64.3681 1.84359 442.483 -100.25 9.488 -0.363435 0.00581436 -1819.56 88.8397
94 62.3373 0.74838 553.801 -130.273 12.1661 -0.470567 0.00739702 -2190.55 102.145
95 60.5437 1.04849 -295.883 96.7124 -9.75845 0.435094 -0.00608156 -524.11 40.4113
