0 39.0108 1.30318 -481.494 139.101 -13.3849 0.562598 -0.00754136 -1277.15 68.2515
1 73.5434 1.12006 -144.316 55.4934 -5.06516 0.207506 -0.00204262 -1818.53 90.2207
2 73.2867 1.39703 -87.3824 30.7804 -1.62645 0.0231938 0.00121855 -3199.45 140.606
3 55.5844 1.28685 -66.969 25.5015 -1.74654 0.0608275 9.8523e-05 -2191.03 103.228
4 62.9063 1.06227 -53.3591 24.4291 -1.79873 0.0678862 -9.10153e-05 -884.744 55.0767
5 58.7823 0.922475 -229.891 63.1282 -4.77024 0.159833 -0.00102525 -2598.93 117.639
6 40.5287 1.18647 -307.47 86.9728 -7.81023 0.313138 -0.00368168 -1665.13 81.2354
7 39.0153 1.37601 -112.279 36.4303 -3.06028 0.121582 -0.000813059 -3023.13 130.642
8 40.9112 1.11858 -147.218 46.346 -4.14763 0.171697 -0.00162722 -2442.28 111.241
9 54.2492 0.91838 -45.1982 23.1448 -2.01112 0.0901511 -0.000534369 -1888.74 91.3968
10 32.7154 0.707906 -101.967 26.6408 -1.84665 0.0613889 0.000183091 -453.058 39.249
11 48.1252 1.08802 -160.473 51.1006 -4.57932 0.188426 -0.00187138 -1660.79 83.9539
12 65.4387 1.07677 -67.7668 29.7059 -2.3255 0.088 -0.000336403 -3143.14 136.641
13 24.1005 0.943668 -148.873 42.4522 -3.89201 0.167566 -0.00171713 -2282.54 102.777
14 40.8844 0.940898 54.7278 -8.11684 1.06988 -0.0407684 0.0014514 -297.814 32.8653
15 69.7116 0.681613 175.622 -31.6528 3.21373 -0.123873 0.00257422 -2539.25 114.147
16 27.759 0.798635 -199.221 57.8051 -5.5589 0.245767 -0.00302774 -1607.91 79.369
17 24.8732 0.877795 -246.033 63.2294 -5.34717 0.205897 -0.00199715 -2353.42 105.2
18 37.3682 1.28237 -26.1712 10.7958 -0.487074 0.0160842 0.000630438 -1960.44 92.7496
19 46.8975 0.862469 40.7718 -3.36421 0.668293 -0.0264655 0.00125062 -2900.32 127.273
20 26.5394 1.10724 -7.18821 5.99473 -0.414022 0.0271633 0.000321872 -2103 97.7797
21 38.774 1.0062 109.542 -27.834 3.42878 -0.152968 0.00321694 -1637.03 81.5902
22 79.7402 0.995077 111.255 -14.7496 1.78261 -0.0654207 0.00163218 -2859.72 126.891
23 45.9336 0.729764 172.185 -38.0653 3.84557 -0.150202 0.0030181 -3266.09 139.848
24 63.2196 0.910557 93.6867 -17.6216 2.4642 -0.114869 0.00273219 -2730 123.266
25 48.13 0.93764 123.86 -28.3676 3.4364 -0.155518 0.00340509 -1257.29 69.0379
26 32.4382 0.819663 141.041 -39.8222 4.74209 -0.215205 0.00431901 -2472.59 112.536
27 39.8453 1.22819 -171.711 51.5774 -4.57742 0.190549 -0.00200917 -2382.95 108.676
28 49.1687 1.08206 10.2346 8.69602 -0.789607 0.0460795 -4.29069e-06 -789.1 50.1188
29 57.2175 0.995196 88.4683 -12.849 1.49551 -0.053698 0.00155183 -3172.67 138.092
30 49.0075 0.94332 -154.927 46.4822 -3.96337 0.165492 -0.00172018 -3410.17 143.706
31 57.3828 1.17521 -13.5085 10.7587 -0.293281 -0.00209076 0.00109905 -3083.44 133.943
32 33.8789 1.36939 -474.511 127.736 -11.5765 0.466185 -0.00583132 -2401.3 110.064
33 36.6257 1.28092 -26.3346 6.25052 0.436462 -0.0400504 0.00174548 -3185.93 136.879
34 34.1831 1.79047 -58.9722 10.6035 0.549754 -0.0668558 0.00246676 -2614.23 119.614
35 32.2543 1.57602 -445.997 117.86 -10.2611 0.395185 -0.00461703 -1085.79 61.2704
36 32.7976 0.959645 -286.281 72.1034 -5.61964 0.192538 -0.00141668 -2646.26 118.63
37 39.3523 1.62873 -382.992 102.677 -8.78565 0.335222 -0.00371278 -2637.62 118.542
38 42.1917 1.16008 -138.003 34.0281 -1.94559 0.0440582 0.000686853 -2544.71 114.952
39 28.629 1.33855 -351.99 85.1949 -6.60642 0.226861 -0.00185863 -4985.67 202.508
40 24.7981 1.19649 98.8247 -32.1056 4.25134 -0.19907 0.00400495 -3795.38 157.318
41 48.2482 1.59516 -113.028 31.3822 -1.68764 0.0259303 0.00126143 -1735.53 86.7158
42 30.3458 1.72939 -374.874 103.519 -9.45712 0.387025 -0.00485922 -2119.94 96.5951
43 46.5219 1.64827 -163.884 48.3557 -3.83823 0.145204 -0.00109927 -1818.42 90.5391
44 47.6213 1.51491 11.7035 1.6223 0.669414 -0.0429878 0.00175393 -2931.47 128.487
45 42.3117 1.04901 -56.7806 24.9094 -2.56697 0.137916 -0.00173923 -2260.29 101.798
46 36.8024 1.2553 134.369 -35.1654 4.1844 -0.184227 0.0037669 -2425.08 111.572
47 28.6001 1.17261 69.2934 -17.7098 2.20766 -0.0885991 0.00208196 -3399.2 144.462
48 39.6333 1.1789 -172.5 49.6434 -4.27369 0.177407 -0.00180239 -436.331 39.7363
49 33.684 1.04237 -198.57 51.6353 -4.18067 0.162856 -0.00149613 -1196.4 65.1199
50 41.2803 1.35164 -240.464 69.0191 -6.11726 0.251221 -0.00287073 -2344.7 107.136
51 37.7447 0.935188 130.603 -36.6367 4.44163 -0.196067 0.0039 -3802.99 160.193
52 73.8195 0.834171 -92.2746 36.2983 -2.86596 0.108486 -0.000541502 -2069.04 99.2404
53 38.9862 1.13666 85.7368 -24.576 3.43985 -0.163788 0.0035902 -2795.52 123.8
54 39.7729 1.25085 18.2532 -1.23989 0.657394 -0.0258339 0.00116098 -3035.48 131.892
55 39.1 0.791798 328.912 -88.2307 9.44256 -0.408255 0.00718651 -2701.68 122.413
56 59.5045 1.23504 -281.002 91.0327 -9.03309 0.405918 -0.00573819 -32.1778 21.8954
57 47.4192 1.02575 253.234 -59.7863 6.02043 -0.238783 0.0043085 -2054.13 98.7725
58 43.1454 1.34625 203.84 -53.9899 6.24502 -0.280887 0.00536453 -2735.59 123.892
59 31.9453 0.938179 -23.2602 7.7256 -0.242589 0.00776491 0.000840696 36.9884 22.8733
60 45.2772 0.555944 -5.27487 6.88951 -0.295706 0.0150148 0.000590242 -3340.33 142.85
61 41.5468 0.978894 1.19407 5.76662 -0.325871 0.0247172 0.000319203 -1694.13 83.591
62 33.5034 0.556376 195.888 -51.0368 5.31882 -0.213864 0.00393532 -2372.53 108.264
63 44.5006 0.975696 85.5571 -16.1413 1.86681 -0.0692905 0.00178035 -2168.91 101.624
