0 47.2687 1.0248 -33.709 16.864 -1.27699 0.0575046 -2.99506e-05 -2576.27 116.638
1 37.9939 1.2042 -88.4678 33.8451 -3.39411 0.167379 -0.00203906 -1376.94 72.8849
2 45.9878 0.982394 83.995 -18.5454 2.44943 -0.108282 0.00259479 -2816.27 124.351
3 46.8193 1.08292 -19.0772 9.81641 -0.222974 -0.00287187 0.00112373 -2144.76 102.488
4 61.1715 1.17071 222.578 -46.7904 4.80698 -0.191185 0.00358413 -683.076 48.8368
5 52.6704 1.15458 -6.2216 11.813 -0.834291 0.0426769 0.000141059 -1459.32 76.0623
6 49.6972 0.86613 -18.4756 12.0245 -0.814213 0.0396104 0.000254384 -998.252 61.5209
7 42.8158 0.868142 -125.373 44.0192 -4.55333 0.225946 -0.00308345 -521.567 40.3636
8 65.831 0.666595 -40.8869 6.9185 1.37511 -0.120134 0.00300032 -1951.16 82.9106
9 28.0206 1.05468 -529.862 145.193 -13.7855 0.578006 -0.00781828 -648.332 44.5547
10 57.3115 0.837388 -154.859 55.901 -5.58541 0.255116 -0.00322144 -1916.43 91.4162
11 67.5228 1.13756 -26.6171 20.9898 -1.83697 0.0926535 -0.00081685 -2184.52 102.218
12 24.4945 1.11799 -80.6691 22.6201 -1.74234 0.0707947 -0.000162673 -2065.13 96.2674
13 35.9161 0.859288 -10.185 3.78113 0.229664 -0.013845 0.00117681 -438.042 40.1282
14 71.1885 0.893374 41.867 1.92083 0.100097 0.0047346 0.000637893 -2474.01 112.096
15 64.7394 1.00424 -106.974 41.9327 -3.91927 0.177088 -0.00196296 -2853.07 124.837
16 48.5952 0.832851 351.478 -86.802 8.61071 -0.342123 0.0056997 -2229.79 104.131
17 66.6888 0.888398 140.964 -20.226 1.62663 -0.0298474 0.00077531 -2167.33 101.463
18 56.798 0.86586 335.57 -76.6969 7.21292 -0.264879 0.00429602 -3257.82 141.768
19 65.8772 1.16215 -205.702 71.9571 -7.05073 0.314175 -0.00404409 -399.516 38.5019
20 24.2613 0.9755 -278.515 75.5124 -7.01461 0.297325 -0.00357662 -2222.45 101.149
21 46.5796 0.855255 325.406 -78.9739 7.84882 -0.317469 0.00559581 -1045.42 63.5217
22 52.3463 0.953015 308.791 -69.244 6.45128 -0.235454 0.00393852 -1750.8 87.2569
23 47.5874 0.641757 423.188 -96.9662 8.59716 -0.30487 0.00478829 -2492.41 113.697
24 63.603 0.792139 127.976 -20.8484 2.00012 -0.0604753 0.00149284 -2106.95 101.131
25 40.321 0.757978 77.4682 -17.7363 2.16095 -0.0873654 0.00219053 -1274.24 71.428
26 44.7657 0.805313 106.151 -19.9336 2.00879 -0.0749659 0.00216126 -3239.12 138.147
27 37.1477 0.947898 -339.261 96.1083 -9.09979 0.388192 -0.00501609 -2217.17 101.103
28 30.2306 0.880318 -54.5937 27.4493 -3.52336 0.204566 -0.00301245 -613.883 43.1178
29 59.5611 0.708851 539.565 -131.423 12.6315 -0.498895 0.00799909 -364.093 38.7948
30 21.95 0.685963 227.408 -62.1695 6.39831 -0.261397 0.00477986 -3209.89 139.639
31 43.1965 0.686213 130.054 -29.2724 3.16194 -0.128892 0.00289157 -2958.92 131.489
32 20.9329 0.375495 -234.044 66.5379 -6.67994 0.312989 -0.00443999 -3144.93 131.316
33 21.7012 0.524217 -145.087 35.7599 -2.8182 0.111831 -0.000741055 -2127.05 99.1429
34 20.3384 0.554728 70.5066 -18.165 1.90409 -0.067239 0.00178271 -1814.65 89.1273
35 38.891 0.742425 -118.154 42.1182 -4.22439 0.202449 -0.00256524 -2417.32 109.152
36 49.0971 0.702859 -310.309 86.4752 -7.648 0.307145 -0.00357812 -2181.12 102.013
37 52.0553 0.909215 -336.24 93.6882 -8.28068 0.336112 -0.00414133 -2634.02 116.889
38 65.7631 -3.93622 -217.493 57.1556 -5.27319 0.223497 -0.00261228 -1370.39 68.4019
39 35.0882 0.764938 -338.139 88.2032 -7.72223 0.311079 -0.00367098 -2248.22 104.189
40 44.9265 0.685987 82.1442 -13.8778 1.39113 -0.0334932 0.000900288 -485.835 39.6388
41 29.8041 1.07055 8.04094 6.51751 -0.846714 0.0667587 -0.000592753 -1169.76 63.9285
42 19.9887 0.553911 -131.124 33.7644 -2.98756 0.135373 -0.00137629 -2991.31 128.896
43 23.101 0.641557 30.5757 -6.29993 0.753195 -0.0155962 0.000820927 -970.666 57.0023
44 35.7491 1.15503 -158.94 49.2936 -4.71014 0.211338 -0.0024757 -974.602 57.7589
45 60.4377 0.887004 212.1 -42.4879 3.95353 -0.135962 0.0025124 -1541.51 78.6696
46 6.55173 1.92696 -143.142 38.8539 -3.68691 0.167341 -0.00185136 -1691.39 80.9654
47 54.524 0.807192 188.407 -43.98 4.79503 -0.202432 0.00397858 -2697.26 121.566
48 44.9767 0.872732 198.839 -46.7671 4.72828 -0.18067 0.0033326 -1616.64 81.2895
49 46.6736 1.06316 83.853 -12.1183 0.993548 -0.005459 0.000317804 -3680.08 152.342
50 20.1655 0.431692 15.7037 -7.44654 1.17366 -0.0478378 0.00154015 -2248.69 101.801
51 21.1261 0.701806 95.7306 -28.6333 3.28178 -0.135341 0.00280394 -2212.07 101.067
52 48.3936 0.932093 -1.05753 8.66298 -0.626477 0.0375376 9.09146e-05 -1767.24 85.3979
53 34.0644 1.11076 -367.016 101.878 -9.48968 0.396971 -0.0051362 -947.589 55.0464
54 39.4236 0.782599 71.6153 -12.4414 1.26254 -0.0362967 0.00119472 -2281.91 104.795
55 23.7001 1.02974 111.095 -28.9492 3.11535 -0.120991 0.00253609 -2628.78 115.634
56 32.5959 1.01529 144.941 -32.0642 2.96453 -0.0945132 0.00180714 -2249.35 101.414
57 60.7592 0.683561 339.063 -78.6622 7.62329 -0.290831 0.00475042 -2022.11 95.8841
58 20.9635 0.500099 170.887 -44.1608 4.21082 -0.148716 0.00265569 -1737.64 83.3152
59 35.186 1.07295 -1.22389 6.74585 -0.57062 0.0377735 0.000131529 -2229.65 103.276
60 18.9295 0.572516 -114.608 31.0611 -2.98254 0.141931 -0.00153055 -2299.89 103.273
61 26.7484 0.829298 205.946 -47.4603 4.16556 -0.133298 0.00225845 -2162.17 98.0475
62 44.0132 1.39399 160.77 -34.5 3.44728 -0.122488 0.00236985 -590.354 44.5876
63 26.438 0.974874 265.864 -64.0982 5.90278 -0.213533 0.00362745 -2457.15 111.093
