0 67.6218 -3.94332 122.988 -23.8663 1.39407 -0.000788281 0.000347325 -2501.91 116.678
1 71.3545 -4.47767 319.118 -76.3804 6.42379 -0.207583 0.00336715 -3757.76 159.847
2 68.9879 -4.21002 -347.633 90.1246 -8.59289 0.374252 -0.0047127 -1155.05 66.9636
3 89.989 -6.29197 220.868 -53.4831 4.4843 -0.134662 0.00233189 -4038.97 169.398
4 22.229 0.144332 -81.2345 18.4991 -1.64273 0.0952749 -0.000816476 -2214.61 106.791
5 19.7384 0.833712 -67.4252 8.18486 0.208611 -0.0101794 0.00104791 -2477.56 116.117
6 5.16992 2.18325 153.668 -42.0728 4.18539 -0.150457 0.002991 -3159.69 141.041
7 35.0273 -0.869827 113.087 -31.3194 2.96168 -0.087384 0.00176264 -4080.75 174.181
8 19.7501 0.469241 -17.7883 -1.50357 0.662145 -0.0102026 0.000821812 -3078.19 135.879
9 19.977 0.680384 -18.83 -1.38369 0.619735 -0.01405 0.00102713 -3937.17 165.428
10 53.1344 -1.79784 763.294 -181.643 15.493 -0.546985 0.00797802 -3543.22 153.423
11 18.9989 0.709762 43.8248 -21.4363 2.89793 -0.117856 0.00266232 -1761.83 90.7032
12 70.4481 -3.4806 88.6877 -27.8673 2.82935 -0.0944695 0.00205649 -2685.1 121.798
13 17.979 0.791736 -27.43 -6.96485 1.97609 -0.0971885 0.00261538 -5516.46 224.366
14 20.6143 0.350997 -205.36 42.229 -3.01293 0.123628 -0.000967595 -3023.72 134.319
15 27.877 1.10127 87.4163 -31.6002 4.07854 -0.171633 0.0035065 -2310.3 111.255
16 18.3023 0.636099 194.68 -61.8862 6.73619 -0.272644 0.00492545 -2975.47 134.708
17 27.08 0.954186 94.6324 -39.0391 5.13896 -0.222413 0.00425791 -2369.75 112.048
18 16.3116 0.80368 132.297 -38.3469 3.83401 -0.130378 0.00246397 -2480 114.156
19 23.7783 0.846755 214.009 -64.0575 6.80771 -0.261243 0.00443148 -2003.63 98.2462
20 21.8418 0.641228 -55.2906 5.43855 0.164094 0.0102621 0.00043993 -2698.83 122.992
21 78.649 -5.46769 695.067 -179.726 16.5379 -0.625442 0.00951205 -3095.15 137.452
22 20.3845 0.318726 -87.6411 18.4602 -1.59882 0.0962627 -0.000951821 -3756.77 161.952
23 23.9564 0.620549 186.529 -53.0709 5.35765 -0.191482 0.00332545 -1796.82 90.2392
24 64.516 -4.04256 394.221 -100.353 9.02516 -0.320044 0.00502424 -2353.38 110.101
25 27.5599 0.962189 217.354 -59.9221 6.06891 -0.220937 0.00369707 -4444.59 187.053
26 19.3852 0.409614 25.4898 -16.5369 2.23106 -0.0781056 0.00180623 -2405.8 111.27
27 62.9635 -3.56521 587.956 -145.827 12.8375 -0.455862 0.00677221 -3153.37 138.912
28 25.9867 1.01975 656.134 -154.487 12.8886 -0.43705 0.00629297 -2929.49 129.991
29 58.1389 -2.98915 464.403 -119.339 10.9525 -0.404371 0.00633243 -3459.18 151.308
30 19.7511 0.569959 23.8369 -19.0437 2.76046 -0.106894 0.00222395 -3378.63 144.105
31 19.1676 0.577876 -221.693 51.8853 -4.53242 0.207545 -0.00253752 -3156.32 138.48
32 22.9201 1.28158 60.7488 -17.4332 2.12719 -0.0710635 0.00170251 -2585.89 117.375
33 14.1467 1.24212 -138.326 24.8646 -1.23731 0.037833 0.000476318 -2946.52 131.104
34 -0.25366 2.96033 -0.137624 -9.35977 1.77123 -0.0761402 0.00210026 -3720.06 158.68
35 18.6739 0.64238 -374.985 88.6756 -7.54668 0.310673 -0.00387295 -3528.48 150.556
36 20.1109 0.635164 -130.121 30.4801 -2.52609 0.127144 -0.00142216 -5066.08 200.098
37 17.8553 0.629998 58.0424 -25.4461 3.41769 -0.147441 0.00320242 -3243.68 143.145
38 19.0181 0.557678 87.8393 -29.4606 3.40771 -0.129597 0.0026169 -2274.82 105.933
39 26.6953 0.56787 344.986 -92.7474 9.3058 -0.362433 0.00595261 -2266.13 107.654
40 15.1645 1.08493 96.8769 -32.0805 3.64969 -0.142137 0.00283785 -4229.23 175.297
41 32.3061 1.09599 14.9823 -6.8082 1.51537 -0.0639306 0.00188149 -3363.79 148.83
42 19.9771 0.486299 120.756 -41.9109 4.90203 -0.200476 0.00379512 -2834.04 128.419
43 35.8919 0.956167 -348.042 91.0703 -8.1325 0.345944 -0.00443372 -1373.93 74.4511
44 19.0423 0.772791 -228.513 48.241 -3.42501 0.131366 -0.00103275 -4826.19 196.997
45 58.7569 -3.50398 420.818 -98.7113 8.14963 -0.263782 0.00390536 -3177.11 137.314
46 19.4243 0.457578 -53.5941 4.35758 0.40551 -0.0167269 0.00110602 -2584.81 117.994
47 21.9922 1.03997 -279.187 63.2695 -4.91847 0.194134 -0.00196677 -2117.65 101.206
48 16.2882 0.824025 -41.9619 4.62857 0.133371 0.00327244 0.000712865 -4142.7 173.157
49 20.8296 0.332968 269.874 -77.4616 7.84717 -0.302664 0.00506231 -3840.72 163.344
50 20.7304 0.366602 -135.12 23.6194 -1.25978 0.0522326 -4.87584e-05 -3227.61 138.782
51 17.8104 0.80531 441.724 -119.02 11.6341 -0.449694 0.00705671 -2915.18 129.306
52 20.1341 0.252322 -4.09445 -0.757017 0.0255937 0.0325947 -0.000104472 -2393.18 109.744
53 33.3939 -0.694028 -5.46021 -0.0457486 0.0146145 0.0296667 8.66955e-06 -3201.35 137.693
54 20.5258 0.74853 -233.444 51.9832 -4.02718 0.164056 -0.00161775 -2398.81 109.275
55 30.0304 0.728211 242.291 -71.1003 7.65109 -0.310723 0.00537053 -3342.71 144.367
56 38.4446 0.94114 19.4547 -10.0831 1.85999 -0.0725564 0.00174959 -2013.64 95.9887
57 87.9173 -6.29162 311.454 -83.0747 7.68104 -0.269349 0.00416046 -2614.76 116.643
58 22.8906 1.112 -24.4057 4.67123 -0.0675288 0.0214665 0.000287107 -1411.15 75.5168
59 31.5688 1.16428 -131.932 31.6055 -2.39155 0.112899 -0.00112371 -4455.2 182.456
60 21.7224 0.252013 -15.5373 -7.6626 1.59885 -0.0593058 0.00155727 -2116.46 100.28
61 28.6998 0.665191 156.974 -41.9804 4.21595 -0.144321 0.00251884 -3696.22 155.948
62 20.5065 0.834041 -85.6649 14.0119 -0.47338 0.0217033 0.000452575 -5361.22 208.083
63 35.6904 0.717894 201.967 -58.3713 6.43365 -0.256363 0.00438322 -2811.63 124.5
64 74.8587 1.06213 581.884 -143.266 14.3694 -0.580698 0.00940086 -3218.74 145.462
65 76.4086 0.947527 225.532 -49.0152 5.17153 -0.192399 0.00339627 -1873.17 94.5819
66 39.9203 1.40327 -64.2052 16.2 -0.692518 0.0301641 0.000400389 -4356.02 181.807
67 46.2889 1.4736 -88.734 25.2039 -1.59513 0.0692436 -0.000238413 -2958.77 132.1
68 75.1311 1.14218 -97.4422 30.2473 -1.73514 0.0593196 0.000176599 -2012.5 100.352
69 70.3267 0.908778 -67.3771 25.349 -1.70956 0.0754486 -0.000351146 -3558.99 152.55
70 61.9314 0.867525 -821.57 214.566 -19.0689 0.756845 -0.00998546 -2483.67 112.926
71 47.325 0.951847 -95.7706 23.7029 -1.30781 0.0536363 1.4355e-05 -4663.9 191.993
72 82.2687 1.48169 -281.88 85.9413 -7.42487 0.305336 -0.00363222 -1772.72 91.2757
73 47.966 1.25103 -214.193 56.8815 -4.52643 0.183523 -0.00185203 -5109.9 205.783
74 60.3466 1.04953 -137.474 40.7453 -3.0933 0.1299 -0.00114818 -3788 161.841
75 88.2591 1.26881 -121.186 41.987 -3.08243 0.127373 -0.00107833 -2759.99 126.471
76 76.0886 0.692693 208.162 -50.1298 5.61476 -0.219518 0.0038526 -2388.69 112.478
77 71.1781 1.1921 -87.7753 30.6051 -2.15232 0.0919547 -0.000564107 -3502.83 153.296
78 34.7512 0.90022 -202.22 49.8683 -3.99914 0.170247 -0.00175085 -3260.71 142.427
79 58.995 0.79534 -145.433 38.181 -2.67516 0.109883 -0.000845532 -1769.47 88.5737
80 62.3209 1.02558 -99.4285 28.5825 -1.84863 0.0766729 -0.000313639 -2683.02 120.967
81 50.3146 0.98663 -124.507 30.3329 -1.8212 0.0690238 -0.000148704 -2776.74 126.084
82 70.8942 1.04941 -64.1475 25.6955 -1.88613 0.0892525 -0.00064293 -2978.02 133.604
83 76.8321 0.783289 229.978 -54.5355 5.93007 -0.230759 0.00400745 -3869.51 164.203
84 79.461 1.00425 -80.5656 34.0233 -2.88384 0.140789 -0.00155715 -2660.89 121.901
85 74.558 0.645499 -83.6317 26.6906 -1.67588 0.0727618 -0.000352567 -1686.85 86.9518
86 65.3078 1.00125 135.993 -30.5096 3.459 -0.122206 0.00232752 -2879.89 129.34
87 86.2574 0.61564 183.328 -40.726 4.69273 -0.184298 0.00341506 -2873.91 129.212
88 91.623 0.655675 210.544 -47.7517 5.47268 -0.219871 0.00397656 -2305.29 110.157
89 65.835 0.704438 233.679 -59.8874 6.56463 -0.262276 0.00458697 -3225.98 142.065
90 63.2098 0.984338 41.8473 -2.73819 0.664493 -0.00701441 0.000674975 -2167.58 105.242
91 68.9839 0.638131 541.567 -135.457 13.2933 -0.514618 0.00794069 -3026.4 134.846
92 49.0171 0.726647 14.2199 -9.7887 2.18497 -0.0988203 0.00235021 -1339.34 75.1428
93 89.3769 1.03864 322.26 -68.4125 6.72391 -0.246685 0.00410241 -2256.37 109.111
94 51.6218 1.50488 62.7797 -13.1956 1.99692 -0.0741192 0.00182445 -4370.69 183.195
95 117.596 -6.37344 62.7797 -13.1956 1.99692 -0.0741192 0.00182445 -4370.69 183.195
