0 53.8553 1.21862 -255.096 60.0017 -3.96755 0.130595 -0.000682189 -2519.89 117.079
1 29.2543 0.930618 54.3706 -12.6139 1.33028 -0.0189309 0.000601626 -3367.81 146.992
2 39.8667 1.09523 93.0769 -25.999 3.30529 -0.132592 0.00279776 -3409.72 150.816
3 35.4141 1.43016 -129.938 24.9789 -0.891576 0.0158579 0.000857129 -3833.72 165.326
4 31.1752 1.01007 120.16 -39.7575 4.95518 -0.211948 0.00406348 -3145.96 139.027
5 17.9768 0.763514 -652.681 159.731 -14.1185 0.567579 -0.00735075 -1383.11 74.0603
6 17.6733 1.20703 158.874 -49.7558 5.61395 -0.225232 0.00409336 -6324.63 243.698
7 21.9368 1.11994 -85.84 7.89741 0.818729 -0.0555798 0.00191475 -2945.41 132.428
8 35.3507 1.38688 -188.405 41.2198 -2.49617 0.0822011 -0.000112718 -3251.72 141.925
9 20.287 0.878755 75.7998 -29.8309 3.72013 -0.141929 0.0026375 -4068.81 171.743
10 21.7723 0.955581 154.436 -47.3044 5.27142 -0.206191 0.00373134 -2725.49 123.852
11 35.2226 1.20489 -74.3785 19.1306 -1.20108 0.0609793 -0.000231828 -3812.64 163.823
12 31.9513 0.754094 -27.6387 1.50608 0.52791 -0.00545998 0.00060581 -1083.97 63.3722
13 21.3732 0.935032 33.5354 -23.6958 3.83287 -0.180545 0.00377755 -2432.43 113.061
14 15.0094 1.02264 397.325 -111.466 11.0905 -0.431112 0.00685721 -4300.9 177.022
15 34.3836 0.923331 55.3286 -22.1747 3.12961 -0.125479 0.0025506 -2914.82 129.323
16 41.656 1.01798 -413.885 96.2717 -7.36519 0.26836 -0.00272067 -1257.75 70.6944
17 39.6057 0.980523 560.656 -150.445 14.9312 -0.585489 0.00897257 -3788.29 160.715
18 25.1767 0.866517 -24.8705 -7.57213 2.03607 -0.0892334 0.00211435 -3971.3 165.443
19 9.94293 1.59852 145.222 -47.0883 5.08333 -0.191748 0.00335386 -3728.71 157.589
20 37.113 0.745716 969.205 -253.067 24.1558 -0.94028 0.0138488 -3845 161.533
21 19.23 0.65543 -27.2509 -8.50818 2.24974 -0.107991 0.00263374 -4770.35 197.02
22 47.3829 0.895951 252.25 -67.7414 7.10922 -0.272284 0.00454848 -2431.96 113.751
23 23.6693 0.843408 93.3345 -36.2346 4.46399 -0.17581 0.00319655 -2846.35 125.448
24 39.7642 -1.82164 225.433 -61.8441 5.90109 -0.208492 0.00348088 -3644.78 155.439
25 24.9601 0.932475 -178.826 35.4661 -2.31219 0.0972102 -0.000737882 -2678.48 121.549
26 19.3783 0.513112 -68.9812 9.38305 -0.282648 0.0269763 0.000178316 -4131.93 170.967
27 44.616 0.695809 110.798 -36.5171 4.52159 -0.177682 0.00320734 -3381.8 147.623
28 31.4504 0.659715 198.811 -59.0938 6.39837 -0.248654 0.00426233 -1622.1 83.7754
29 45.84 0.514481 172.62 -49.0804 5.44459 -0.209473 0.00365418 -2651.46 120.234
30 23.9206 0.896104 -78.4172 7.23819 0.607712 -0.0336571 0.00137456 -1822.61 89.7885
31 23.9094 0.336995 257.904 -73.118 7.30936 -0.270859 0.00439833 -2299.71 106.765
32 29.1371 1.1996 -142.228 27.8875 -1.46878 0.0564265 3.32078e-05 -2710.85 122.343
33 25.0189 1.4529 -352.608 80.4235 -6.30165 0.2493 -0.00279206 -4039.45 173.395
34 28.8229 1.06289 -103.33 12.9948 0.553056 -0.0543889 0.00208587 -3713.78 162.667
35 41.4746 1.27915 -190.027 48.2945 -3.69608 0.155872 -0.00151911 -3687.95 158.563
36 46.025 1.00539 -159.388 32.407 -1.45529 0.0355186 0.000638038 -3378.52 147.244
37 10.4396 1.63187 -17.7242 -5.58403 1.41837 -0.0539594 0.00159023 -3029.16 135.717
38 17.9019 0.717525 -166.136 36.7199 -2.82655 0.124592 -0.00109293 -1480.6 78.4752
39 52.6257 1.22091 160.844 -48.7616 6.18553 -0.269698 0.00500266 -2544.7 119.648
40 43.8005 1.0461 49.1755 -22.638 3.65654 -0.163938 0.00336292 -3140.57 139.999
41 23.6271 0.817478 -387.679 91.7234 -7.57787 0.301405 -0.00347664 -2965.44 132.668
42 39.1384 1.38633 -373.728 92.9109 -7.58048 0.2979 -0.00339484 -2838.64 128.074
43 28.7156 1.17587 34.4666 -17.5352 2.85544 -0.123059 0.00270808 -2842.51 127.389
44 19.8935 0.501971 -406.715 90.3529 -7.1745 0.277536 -0.0030673 -3312.84 145.857
45 37.4362 1.19625 -120.013 24.7347 -1.31538 0.0564242 -5.19288e-05 -2883.89 130.109
46 61.3927 0.698924 -35.1573 4.58239 0.80741 -0.0348607 0.00126898 -4312.32 178.401
47 19.3091 1.2997 -197.397 40.4956 -2.59961 0.0949817 -0.000461334 -2545.22 116.83
48 21.2354 0.274367 -58.4444 7.54405 -0.162001 0.0247986 0.00016413 -1483.75 77.323
49 45.844 0.631806 -111.176 22.6818 -1.11325 0.0499389 -5.62576e-05 -1966.63 95.1502
50 49.4832 0.860756 49.2559 -14.7349 2.13751 -0.0706851 0.0015273 -2908.45 129.901
51 40.2079 1.04685 33.3056 -12.6739 2.08681 -0.0796325 0.00190821 -1650.27 85.7446
52 39.5914 0.79499 114.568 -37.3103 4.61894 -0.18713 0.00343405 -3517.41 148.706
53 16.723 0.812559 -117.671 17.8443 -0.658642 0.0221324 0.000568148 -2562.62 116.274
54 25.5929 1.19973 -58.2055 5.17247 0.654925 -0.0305526 0.00125101 -2021.69 98.3039
55 24.8947 0.861508 -62.4209 4.99133 0.669066 -0.0295511 0.00118463 -2835.07 125.177
56 19.9927 0.420522 74.791 -30.2521 3.62628 -0.13562 0.00253859 -2554.89 113.055
57 40.625 0.771793 130.515 -46.7285 5.9425 -0.253532 0.00455894 -2898.7 130.142
58 21.1834 0.961109 58.0461 -18.6988 2.16689 -0.0605487 0.00124679 -3666.07 155.087
59 31.3366 1.03705 424.718 -115.673 11.6106 -0.452088 0.0070148 -1712.58 86.1291
60 53.0651 0.490128 43.0641 -12.5494 1.84489 -0.0569271 0.00133174 -2352.5 108.723
61 20.6858 0.633323 245.378 -72.406 7.34049 -0.269493 0.00425049 -3244.24 138.987
62 48.3288 0.837477 234.157 -66.4471 7.30479 -0.290915 0.0049192 -2841.74 128.45
63 35.6 0.708376 414.678 -112.511 11.228 -0.43459 0.00682787 -4368.68 184.548
64 85.5727 1.18108 151.126 -30.0423 3.69248 -0.145919 0.00290698 -3866.76 166.686
65 77.2287 1.17256 -266.164 72.7797 -5.6094 0.215503 -0.00223302 -3248.02 142.466
66 76.4684 0.89777 -161.047 44.1478 -2.90098 0.108526 -0.000682614 -4073.51 172.674
67 99.7322 1.30058 -121.507 42.4909 -2.9262 0.114305 -0.000802287 -3973.46 171.633
68 58.2915 1.506 -10.1666 9.06071 -0.207399 0.0165034 0.000559252 -2989.86 134.909
69 84.5994 1.20687 -129.557 42.3051 -3.05269 0.122266 -0.000954127 -2700.36 122.894
70 72.7987 1.26358 -163.04 44.7759 -3.02581 0.114282 -0.000814347 -1746.03 88.1089
71 88.0792 1.8757 35.7175 6.01866 7.51093e-05 0.0153603 0.000323655 -4423.87 182.673
72 100.299 1.29819 87.8892 -11.6199 2.11523 -0.0868398 0.00210624 -3758.96 162.698
73 55.8782 1.29762 -23.764 3.27995 0.947631 -0.0500027 0.00165991 -3288.33 143.168
74 87.6993 0.955042 -47.8672 21.7733 -1.14729 0.0454245 0.000149043 -1784.65 91.0219
75 79.3138 1.09573 272.145 -61.7569 6.53984 -0.256373 0.00445718 -2464.7 116.54
76 95.7171 0.714322 -19.9094 10.8383 0.186353 -0.0152227 0.00108509 -3048.38 135.984
77 48.911 1.25385 -3.94365 4.77342 0.131205 0.00513608 0.000599456 -3817.93 161.451
78 99.8261 1.19442 239.646 -41.9303 4.15694 -0.143068 0.00258367 -2773.97 127.825
79 75.0544 1.21565 412.316 -95.9646 9.45292 -0.36171 0.00579386 -4208.84 178.387
80 81.6042 1.11061 808.749 -198.891 19.2903 -0.764687 0.0117467 -3180.05 141.69
81 73.6978 1.06655 188.287 -40.4179 4.37705 -0.164221 0.00301373 -2961.92 132.062
82 63.3122 0.775531 149.256 -37.6086 4.41797 -0.173723 0.00320388 -2394.97 110.788
83 66.0173 0.311832 660.058 -169.67 16.6492 -0.660056 0.0102003 -3140.83 138.742
84 74.7318 0.646605 -210.002 59.087 -4.75544 0.201894 -0.00232018 -3848.08 163.465
85 78.1344 0.819999 47.1651 -10.3396 2.2333 -0.101656 0.00238878 -4577 189.535
86 82.7793 1.01218 -58.8705 21.8491 -1.04756 0.0396082 0.000256238 -2499.77 116.441
87 57.6391 1.01291 170.68 -40.051 4.3954 -0.166029 0.00305608 -3837.16 162.881
88 81.8747 1.24307 -8.01758 13.7639 -0.694709 0.0392094 8.93438e-05 -882.782 58.0743
89 96.0628 1.24291 268.371 -56.5955 6.10267 -0.241765 0.0042774 -2065.22 102.111
90 63.9161 0.491911 -145.477 35.8601 -2.20023 0.0805834 -0.00025481 -2854.57 129.384
91 86.7682 1.02389 225.986 -50.9395 5.78545 -0.235607 0.00421084 -2568.45 118.429
92 48.5389 1.12574 -1152.23 300.627 -27.1839 1.05963 -0.0137639 -2579.42 118.036
93 66.0188 0.635879 -217.2 55.7822 -4.12145 0.160835 -0.00149422 -2518.44 115.312
94 89.1019 1.10118 199.318 -40.8657 4.50533 -0.167618 0.00296963 -2499.21 116.001
95 87.5906 -4.87742 184.31 -42.1969 4.38726 -0.17809 0.00204078 -2499.21 116.001
