0 18.935 0.865517 26.2357 -7.91407 0.728763 -0.000309339 0.000532486 -1774.91 88.2124
1 34.5974 -0.695954 555.234 -145.989 13.68 -0.513408 0.00775325 -3266.9 143.462
2 17.4604 1.00196 294.836 -84.604 8.50784 -0.32546 0.00528327 -2814.72 126.646
3 31.0479 1.29005 -68.6047 8.5161 0.422711 -0.0244909 0.00126935 -2786.2 126.187
4 30.4844 1.27232 29.2816 -15.0496 2.50333 -0.105459 0.00240438 -1631.23 85.0241
5 18.6873 0.646787 -195.142 40.4337 -2.86344 0.114562 -0.000842391 -2142.27 101.353
6 18.9142 0.582615 -366.835 88.5656 -7.73843 0.321701 -0.00389927 -2227.63 104.66
7 36.2746 -1.16171 -9.66418 -3.80042 0.842098 -0.0220277 0.00099781 -3304.81 144.002
8 21.2164 0.567933 -60.2866 3.39666 0.920728 -0.0476322 0.00164413 -2480.09 113.544
9 19.111 0.558602 -94.9159 17.0857 -1.01307 0.0553878 -0.000230915 -3752.82 158.58
10 13.5692 1.39387 -26.9517 4.55088 -0.299586 0.038836 -7.41689e-05 -2225.85 102.796
11 9.23112 1.67827 -65.1554 21.1828 -2.56716 0.16013 -0.00224562 -2203.7 103.23
12 19.6026 0.509658 -56.3125 9.85621 -0.741779 0.0620055 -0.000590203 -2807.9 121.578
13 17.486 0.841964 -49.4786 5.46379 0.204309 -0.00143055 0.000715213 -1851.11 90.276
14 73.01 -4.74599 101.109 -19.4896 0.940322 0.0248762 -0.000384587 -3488.93 146.298
15 36.0397 -0.813766 70.9454 -19.7567 1.79366 -0.0369153 0.000851048 -1603.09 80.1473
16 19.4712 0.577211 -53.3421 4.30189 0.419156 -0.01188 0.000834894 -5045.86 203.433
17 20.132 0.580954 370.934 -101.515 9.81566 -0.369011 0.00576561 -3423.15 146.719
18 48.5154 -2.20247 119.244 -33.6862 3.21138 -0.0997341 0.00186948 -1930.69 92.4451
19 19.5378 0.961845 -305.644 69.5742 -5.66265 0.234838 -0.00271175 -1709.68 85.801
20 42.0879 1.09395 133.606 -36.6804 4.12758 -0.152347 0.0027938 -3156.27 138.773
21 22.0229 0.887819 -373.273 84.6763 -6.8155 0.269345 -0.00309188 -3206.2 139.414
22 18.1887 0.754797 -218.534 48.2947 -3.85852 0.165506 -0.00176617 -3401.7 144.389
23 14.8555 0.787404 377.045 -101.203 9.5141 -0.346271 0.00531987 -2653.02 118.5
24 20.0046 0.572531 172.646 -53.6975 5.71914 -0.218015 0.00375479 -3527.42 150.697
25 25.7012 0.00930775 -66.4423 12.1363 -0.860139 0.0565412 -0.000302009 -1339.85 71.0257
26 43.5144 0.636112 530.827 -138.862 13.4996 -0.520175 0.00798566 -2838.91 126.432
27 26.6322 -0.256991 -24.9649 2.41994 -0.0372532 0.0250144 0.000189949 -2631.66 117.522
28 20.1355 0.451389 343.773 -94.0033 9.03143 -0.333515 0.00521184 -1575.97 80.4653
29 21.2378 0.77086 230.814 -65.5904 6.57465 -0.240363 0.00392885 -1988.76 95.8006
30 20.8633 0.328019 61.6597 -25.1761 3.05978 -0.114112 0.00232954 -2157.17 102.27
31 19.1195 0.521346 336.166 -87.4874 7.96229 -0.274099 0.00410817 -2382.99 107.657
32 39.4182 -1.49914 200.186 -55.7932 5.5291 -0.197228 0.00339182 -3575.06 154.974
33 28.1852 -0.128516 -595.169 137.422 -11.3353 0.428421 -0.00493159 -1988.53 98.4728
34 28.3496 -0.376504 -354.744 82.9475 -7.01639 0.284535 -0.003237 -3172.22 140.365
35 72.1221 -4.49112 238.631 -67.3807 6.69782 -0.249012 0.00419604 -3048.06 134.861
36 61.1948 -3.56722 787.804 -201.43 18.3622 -0.683596 0.00993562 -4012.94 167.25
37 18.5393 0.717613 -60.7269 2.76271 1.05442 -0.0529525 0.00172121 -1843.66 92.3328
38 83.3852 -5.26315 148.023 -40.0398 3.81278 -0.12785 0.00245225 -5287.24 213.65
39 16.2941 0.868585 7.24259 -12.8182 2.17953 -0.0876295 0.00215281 -4039.41 171.953
40 18.963 0.586614 -138.87 21.0689 -0.607404 0.0105672 0.000871476 -2584.23 120.045
41 76.7716 -4.94692 29.6307 -15.7953 2.15521 -0.081321 0.00203004 -3933.05 168.365
42 13.4738 1.27274 223.27 -63.6561 6.44497 -0.244988 0.00427889 -2984.48 134.2
43 19.303 0.830298 -25.296 -3.8639 1.44241 -0.0609754 0.00178004 -2888.77 130.482
44 26.8769 0.143681 -99.2748 21.9016 -1.73297 0.0876357 -0.000618992 -1146.38 65.8191
45 19.214 0.523938 -345.68 83.1464 -7.21191 0.302916 -0.00370432 -2364.67 111.147
46 27.01 1.10347 -548.191 120.973 -9.17599 0.330018 -0.00351301 -1785.47 90.4638
47 25.292 -0.20056 135.027 -45.7031 5.13903 -0.202369 0.00367709 -3486.15 150.222
48 37.8158 -1.41066 535.941 -138.423 12.7155 -0.474137 0.00734241 -3494.25 149.716
49 34.8958 -0.203274 406.956 -93.16 7.52488 -0.236352 0.00357879 -2110.65 101.138
50 30.7377 -0.487049 -148 31.1423 -2.3792 0.107277 -0.000820863 -949.442 59.384
51 20.3743 0.818157 -130.157 21.0222 -0.767263 0.0255467 0.000498607 -2407.29 111.932
52 35.3027 -0.913747 432.208 -119.562 11.6664 -0.450017 0.00710323 -3561.5 151.437
53 31.0796 -0.194286 577.964 -146.709 13.3479 -0.494491 0.00757392 -2994.83 133.499
54 19.2182 0.579447 257.545 -81.2622 8.88775 -0.367138 0.00628585 -3990.96 169.052
55 19.4817 0.597119 -67.2913 4.88747 0.667608 -0.0281915 0.00125707 -3644.93 157.066
56 34.0372 -0.53599 444.635 -110.221 9.72502 -0.340694 0.00518316 -3714.09 154.989
57 20.6893 0.678889 172.129 -60.4006 7.29215 -0.321574 0.00594242 -4188.03 177.86
58 42.5963 -1.64623 91.6141 -15.3866 0.35283 0.0603987 -0.00102479 -2904.78 126.389
59 43.1792 -2.03616 -105.204 27.8015 -2.98371 0.169137 -0.0022189 -4349.64 180.533
60 15.3816 1.06646 -373.643 100.226 -9.85591 0.439315 -0.00595202 -2978.95 132.362
61 67.5477 -4.09292 -360.631 91.0652 -8.63091 0.383733 -0.00515738 -5140.97 209.963
62 93.4925 -6.38298 210.252 -50.599 4.25474 -0.126673 0.00225252 -2729.42 124.784
63 20.0607 0.452113 325.513 -94.2828 9.55069 -0.370584 0.00604671 -3518.75 152.79
64 92.8011 1.30612 -104.904 44.0095 -3.66044 0.164654 -0.00177636 -3625.05 159.533
65 91.0179 1.31927 -406.133 118.849 -10.3968 0.421041 -0.00530105 -730.051 68.228
66 95.1851 1.28016 37.3927 3.03492 0.676789 -0.0302855 0.00131818 -3427.17 150.61
67 128.036 1.21548 268.529 -50.6785 5.71041 -0.227144 0.00408139 -2933.91 136.593
68 127.724 2.75609 -7.31432 22.0691 -0.843307 0.0184416 0.000871779 203.2 24.9839
69 117.595 3.31474 216.41 -32.512 3.69868 -0.140958 0.00278104 -2735.68 126.75
70 101.581 1.21641 -120.35 46.4956 -3.47149 0.134682 -0.000977576 -2889.88 132.816
71 102.277 1.18073 151.408 -26.2643 3.31878 -0.125781 0.00242904 -2763.98 125.087
72 83.8755 1.30827 -773.624 209.689 -18.7429 0.752962 -0.0101006 -1861.04 92.3924
73 131.99 0.824565 88.2667 -3.32252 1.18428 -0.0448297 0.00137896 -2820.14 128.817
74 96.4656 1.13588 -340.003 96.9855 -7.81994 0.295994 -0.00321685 -1262.57 72.4782
75 114.694 1.3764 -67.9912 29.3266 -1.42264 0.0464454 0.000221415 -3969.03 170.89
76 109.038 1.1411 -76.7916 30.7622 -1.49369 0.0382007 0.000561574 -2103.24 104.075
77 121.456 0.866931 16.0825 8.61162 0.523791 -0.0368555 0.0015261 -2784.6 127.585
78 98.157 1.08393 -69.7931 22.8557 -0.524522 -0.00759423 0.00126652 -3294.07 144.578
79 103.551 0.955798 -79.8198 28.6339 -1.2913 0.0343196 0.000522644 -3800.67 165.655
80 94.4564 0.710699 366.137 -89.4445 9.62611 -0.395819 0.00662801 -3425.47 150.027
81 116.18 0.783558 658.149 -157.348 15.8438 -0.639857 0.0100657 -3369.66 148.185
82 93.3322 0.521445 173.822 -39.1747 4.86895 -0.203687 0.00383234 -2849.42 128.71
83 101.399 0.813269 200.819 -41.006 4.81792 -0.197005 0.00373143 -3158.3 142.642
84 97.751 1.32112 81.2145 -6.33672 1.24822 -0.0357499 0.00103281 -2747.14 125.69
85 107.302 0.847658 103.541 -12.513 1.96242 -0.0723249 0.00172254 -2141.32 104.373
86 79.1598 1.06867 319.818 -77.0662 8.25744 -0.335324 0.00571473 -2888.84 130.445
87 116.031 1.03949 148.757 -22.5911 2.96088 -0.111732 0.00226302 -3202.72 142.906
88 91.9149 0.727209 194.78 -45.2936 5.50206 -0.231022 0.00424462 -3990.72 170.432
89 78.9322 0.810336 261.191 -67.0852 7.61115 -0.3184 0.00554059 -4730.81 193.909
90 83.4091 0.761773 -19.0892 10.9929 -0.0772907 0.00445261 0.000702978 -1985.57 97.4153
91 89.4082 0.794522 119.74 -26.0114 3.67085 -0.156208 0.0031378 -4868.07 198.867
92 109.768 0.866651 170.59 -28.9272 3.61262 -0.144449 0.00289535 -3538.33 155.656
93 110.915 1.02786 60.9588 -3.32893 1.3928 -0.0579697 0.00161324 -3393.98 149.819
94 116.194 1.27021 -388.448 125.971 -11.7445 0.511589 -0.007221 -3211.33 140.995
95 109.659 0.0582326 -388.448 125.971 -11.7445 0.511589 -0.007221 -3211.33 140.995
