0 24.0298 1.49508 -78.4142 13.6624 -0.395182 0.023236 0.000427323 -3727.94 161.218
1 37.1627 1.33959 142.975 -41.0651 4.85924 -0.197178 0.00383184 -1824.9 95.2601
2 42.1221 1.02718 -254.574 50.8056 -2.67556 0.0659205 0.000521975 -2782.17 129.117
3 18.7834 0.919024 -591.349 145.649 -12.949 0.530219 -0.00682272 315.935 16.0126
4 21.556 1.45005 -119.837 17.5282 -0.064941 -0.0224119 0.00156422 -1825.1 93.3922
5 32.6786 1.21189 -259.123 58.0182 -4.16945 0.158228 -0.00125743 -4657.95 190.122
6 18.646 0.714049 -556.759 133.466 -11.562 0.465033 -0.00581255 -3829.5 167.055
7 33.7114 1.34356 40.4799 -19.3474 3.1908 -0.145719 0.00330094 -3835.13 165.567
8 24.0793 1.61372 163.659 -48.3815 5.62524 -0.237496 0.00461369 -3513.46 155.725
9 56.7539 1.05517 -6.52086 -0.693427 1.22046 -0.0531616 0.0017199 -4485.84 190.811
10 52.483 1.36435 -35.8731 3.08579 1.2449 -0.0687544 0.00211936 -3933.68 171.147
11 30.3955 1.03858 41.7635 -22.3517 3.47237 -0.152919 0.00323872 -2416.49 114.393
12 54.2195 1.13844 653.877 -169.908 16.9086 -0.681498 0.0108392 -4304.84 182.077
13 31.8179 1.65171 -201.894 48.2893 -3.56559 0.141875 -0.00116152 -2995.41 135.019
14 40.4369 1.50983 -282.795 63.2112 -4.19529 0.137231 -0.000651148 -7153.15 274.447
15 43.3066 0.944681 292.591 -84.596 9.41546 -0.400318 0.00705502 -1953.23 100.503
16 49.8108 1.29656 -10.7003 -5.24889 2.11616 -0.1101 0.00279732 -5348.8 215.189
17 28.6052 1.09315 3.57775 -16.9895 3.3807 -0.165979 0.00369431 -3023.78 137.265
18 47.2476 1.17161 191.48 -54.0446 6.2393 -0.255602 0.0045875 -2279.71 110.011
19 27.3585 1.44648 192.961 -56.5974 6.25428 -0.247754 0.00436196 -2887.3 129.173
20 49.079 0.22821 46.6528 -16.4587 2.54634 -0.102557 0.00233457 -4156.74 176.763
21 41.6151 0.755957 20.5572 -13.6862 2.57505 -0.118085 0.00280498 -3498.52 155.338
22 41.0764 1.072 395.651 -112.893 12.0239 -0.496928 0.0082187 -3513.44 153.331
23 17.2916 0.658795 334.599 -93.7854 9.30829 -0.357943 0.00578643 -2968.69 130.879
24 28.6024 0.92938 92.6715 -33.0077 4.12986 -0.165909 0.00321178 -3896.97 166.829
25 71.9553 0.971441 549.135 -138.669 13.9047 -0.551435 0.00868483 -2852.51 130.887
26 29.9713 1.42146 -95.6423 24.5923 -1.85572 0.0937294 -0.000702122 -6530.86 252.293
27 46.2682 1.11608 123.569 -28.2536 2.94717 -0.0896654 0.00173235 -3606.59 156.91
28 20.2739 0.341123 89.4887 -34.5514 4.12326 -0.164877 0.00329378 -4828.65 198.986
29 37.1371 1.22981 -221.141 48.6892 -3.30863 0.123846 -0.000832256 -2716.28 124.813
30 23.937 0.878833 15.8888 -15.5335 2.58892 -0.107925 0.00243962 -1859.38 93.1343
31 38.7063 1.21411 221.529 -64.4356 6.9918 -0.272095 0.00459503 -3273.76 144.398
32 80.8385 1.75809 884.11 -214.483 20.5059 -0.791245 0.0117425 -3862.84 168.396
33 47.4856 1.47218 205.035 -58.7426 6.95606 -0.293564 0.00534394 -4690.08 198.842
34 88.7642 1.5452 248.935 -57.2692 6.85479 -0.300921 0.005727 -4229.13 186.476
35 53.229 1.75644 -466.171 123.711 -10.6307 0.425889 -0.00517137 -1992.52 101.896
36 64.0131 1.31825 -136.09 30.0117 -0.869336 -0.011022 0.00191889 -794.704 60.9343
37 69.7498 1.06173 75.4947 -15.9585 2.75293 -0.128332 0.00316659 -4508.77 192.478
38 76.1262 1.1301 65.0749 -14.2928 2.7912 -0.133138 0.00311689 -3487.05 154.376
39 76.5108 1.22106 162.361 -37.9023 4.7773 -0.202035 0.00407887 -3521.04 157.699
40 62.9512 1.4506 -432.86 107.165 -8.17921 0.293021 -0.00284018 -2396.12 116.259
41 57.9563 1.19012 71.1924 -19.8921 3.11642 -0.133971 0.00300766 -3788.82 166.662
42 86.5897 1.12111 -67.5257 21.6732 -0.627022 0.00839487 0.00101951 -2042.75 103.709
43 71.4872 1.18563 50.0251 -8.88612 1.91052 -0.0814681 0.00219818 -3306.74 150.655
44 78.887 1.1684 -460.736 117.406 -9.05149 0.317956 -0.0029093 -881.254 63.1036
45 57.2007 0.80351 -199.546 49.0373 -3.37728 0.127432 -0.000861707 -4413.69 183.462
46 66.0048 0.179881 -135.874 30.9319 -1.32174 0.0284552 0.00084768 -2676.45 127.15
47 57.483 1.21881 87.7012 -27.6643 4.18553 -0.194957 0.00413287 -4380.24 186.742
48 85.6019 0.934295 23.4001 -10.8859 3.23678 -0.177425 0.0041085 -3607.4 159.914
49 61.5424 0.961215 73.9301 -20.6381 3.19176 -0.136823 0.00298454 -2018.75 102.319
50 80.5128 1.13397 -216.358 65.1658 -5.51785 0.245244 -0.00311759 -1816.76 91.7256
51 72.445 1.83828 109.221 -26.3082 3.82417 -0.16518 0.00341602 -6063.96 247.051
52 57.0663 1.04606 -175.355 46.5832 -3.515 0.150524 -0.00146651 -2815.23 130.319
53 64.227 0.971196 -80.4958 25.4375 -1.63658 0.0787851 -0.00045716 -4732.73 199.468
54 69.4596 1.05402 -227.134 55.3418 -3.60696 0.122064 -0.00055957 -3921.17 170.13
55 80.9497 1.2834 105.152 -20.8427 2.97434 -0.116765 0.00251171 -3736.22 163.26
56 65.3802 1.07684 65.2556 -17.7782 2.96756 -0.13096 0.00290302 -3243.44 145.757
57 55.1876 1.20462 309.354 -77.2718 7.92661 -0.303904 0.00510939 -3346.84 149.994
58 69.4324 0.842544 -145.164 35.8051 -2.05534 0.076649 -0.000209604 -3377.25 148.663
59 55.5371 1.16817 368.636 -96.6331 10.1292 -0.405741 0.00670484 -3104.37 141.2
60 66.3241 1.13124 -125 28.8212 -1.14808 0.0269443 0.000736099 -3526.66 156.198
61 81.3813 0.510587 -85.7756 24.3574 -1.09629 0.0390096 0.000377257 -1781.76 93.4206
62 61.8943 0.693412 68.0919 -20.6334 3.12436 -0.127428 0.00274171 -2160.54 107.355
63 65.0234 0.829084 291.181 -75.227 8.12725 -0.327547 0.00564179 -3720.07 162.618
64 19.7135 0.52148 -123.414 24.3797 -1.59823 0.0762324 -0.000388222 -2869.44 129.051
65 18.3731 1.23033 -271.47 57.44 -3.9906 0.140847 -0.000840524 -3322.34 146.22
66 26.9771 1.62193 -226.793 53.4977 -4.02706 0.158502 -0.00135518 -6143.19 242.202
67 19.0962 1.23484 178.83 -53.3557 5.94829 -0.241062 0.00446347 -3155.38 141.787
68 23.9268 1.12956 -64.8605 1.7543 1.54485 -0.0941766 0.00278005 -3709.71 161.331
69 17.4531 0.956906 -25.5986 2.79953 0.0774311 0.0224873 0.000188233 -2772.28 125.871
70 17.4033 0.91524 -232.484 52.4788 -4.18406 0.175139 -0.00178717 -1967.42 95.976
71 27.2618 0.963457 -28.0662 -1.17432 1.18299 -0.0488649 0.0015788 -4398.8 184.034
72 20.0736 0.663337 -179.574 38.5315 -2.77181 0.117214 -0.000881922 -2635.69 121.177
73 23.8687 1.23832 -193.97 42.1051 -2.91467 0.110708 -0.000489144 -1720.35 91.0735
74 42.6798 1.19078 134.284 -40.3382 4.97094 -0.207459 0.00394321 -2127.45 103.819
75 23.0987 1.29278 -173.962 39.8832 -2.95829 0.125828 -0.00100692 -4809.28 196.509
76 37.6347 1.24168 174.299 -46.0582 5.00201 -0.190214 0.0035763 -2887.66 132.887
77 18.244 0.737405 -97.8152 12.4111 -0.0149651 -0.00940332 0.00119547 -3597.2 156.063
78 22.9526 1.28457 94.5435 -35.2052 4.55306 -0.19429 0.00386215 -4239.32 177.479
79 22.8595 1.43319 -189.695 42.0951 -2.97541 0.119373 -0.000832811 -2840.61 130.588
80 20.1988 0.42624 -186.068 33.2344 -1.81994 0.0595727 0.000183631 -3493.7 152.381
81 32.1496 -0.74637 281.818 -81.8256 8.21365 -0.315385 0.00527867 -2193.63 105.393
82 19.5869 0.665955 133.219 -48.9621 5.89604 -0.246131 0.00454042 -2937.82 134.272
83 29.1089 0.924409 379.065 -107.366 11.0473 -0.442025 0.00722883 -2735.11 125.584
84 18.829 0.71649 -115.828 21.3932 -1.22071 0.052268 0.000187028 -4478.64 188.939
85 18.7797 0.957466 -4.14081 -8.07345 1.76722 -0.0735657 0.00200014 -2749.84 124.291
86 29.8284 1.01426 292.383 -82.1549 8.53303 -0.33351 0.00559388 -2646.07 122.791
87 29.1335 1.03062 -183.352 39.2263 -2.67025 0.109906 -0.000819167 -3436.25 150.911
88 21.7352 0.287984 115.741 -45.5412 5.60505 -0.238976 0.00451647 -2883.66 131.075
89 33.4932 0.94223 24.0974 -14.5824 2.66933 -0.119406 0.00279455 -4955.56 205.731
90 25.5027 1.1906 -523.438 123.634 -10.2822 0.403445 -0.00488671 -5079.2 207.787
91 20.8274 0.359079 -265.183 55.7027 -4.17373 0.1653 -0.00147358 -6969.95 266.054
92 41.3493 1.28875 342.383 -85.7084 8.27314 -0.299071 0.00475584 -1166.66 70.8852
93 43.6037 0.983437 119.869 -36.7556 4.48849 -0.176137 0.00331681 -5206.56 213.632
94 35.097 1.30924 -36.0803 10.2863 -0.551664 0.0449206 -5.18947e-05 -2474.19 115.359
95 31.5053 0.878232 -36.0803 10.2863 -0.551664 0.0449206 -5.18947e-05 -2474.19 115.359
