0 14.2766 1.42784 50.0551 -13.936 1.35631 -0.0246627 0.00085803 -2793.96 125.028
1 48.0865 -1.9317 -271.802 75.6623 -7.70364 0.365913 -0.00517698 -2476.9 113.532
2 15.0726 1.49005 101.564 -34.2093 3.96238 -0.157815 0.0031681 -3099.27 138.257
3 42.6661 1.6466 -201.545 49.1434 -3.48617 0.131842 -0.000908782 -2961.63 132.545
4 20.5002 0.949076 -187.764 43.3096 -3.48374 0.156063 -0.00166756 -1167.26 66.7608
5 17.808 0.714758 221.297 -65.1735 6.79808 -0.262054 0.00450746 -4033.82 169.659
6 22.3715 1.17324 129.407 -37.8858 4.19295 -0.155428 0.00289902 -2967.23 132.642
7 28.3449 1.36083 -36.9281 4.95699 0.285082 -0.000967585 0.000669059 -3695.47 158.398
8 33.6543 0.991341 79.8033 -25.9004 3.17346 -0.112043 0.00216535 -2870.55 127.44
9 19.1852 1.50104 215.821 -62.2826 6.68498 -0.263554 0.00457744 -5005.72 199.915
10 18.2984 0.75484 6.94829 -9.58144 1.53452 -0.0526579 0.00151629 -2099.49 101.369
11 20.1798 1.00379 -282.051 64.0958 -5.10813 0.208661 -0.0022623 -2467.86 112.12
12 52.0967 -2.7037 259.056 -54.5902 3.66249 -0.0632789 0.000687725 -3333.66 145.065
13 19.4091 0.520291 -251.829 54.7831 -4.33148 0.183703 -0.00199587 -2619.94 119.309
14 40.2491 -1.14946 374.092 -94.3994 8.4578 -0.296003 0.0045941 -3914.95 163.509
15 20.6338 0.996835 338.898 -95.7203 9.75845 -0.383837 0.00624123 -3801.92 162.566
16 28.3893 1.46707 186.14 -52.2723 5.65533 -0.217951 0.00381971 -3119.72 136.963
17 19.7563 0.837781 327.142 -93.5126 9.48306 -0.367215 0.00589554 -3824.3 163.061
18 28.693 1.12386 188.156 -56.5827 6.29359 -0.254887 0.00456636 -2653.42 122.559
19 30.5594 1.38346 -10.6337 -3.8638 1.31636 -0.049468 0.00143759 -2211.69 104.7
20 22.3165 1.02091 39.749 -19.2547 2.67396 -0.10253 0.00221156 -2848.22 128.165
21 43.4894 -3.05925 301.443 -70.7574 5.69509 -0.171259 0.00262126 -2854.55 124.091
22 22.4926 1.25075 167.854 -49.3054 5.24571 -0.194402 0.00336751 -2128.16 101.128
23 23.2989 0.770011 58.9783 -28.3205 3.82808 -0.159426 0.00315304 -2135.29 102.018
24 30.726 0.886609 -116.142 20.2202 -0.760638 0.0265736 0.000422103 -4444.95 184.053
25 24.1211 0.124702 492.254 -129.871 12.2239 -0.460664 0.00707898 -2436.31 112.08
26 19.6852 0.482187 111.682 -39.8628 4.54809 -0.176435 0.0032387 -3012.71 132.648
27 19.3086 0.641106 383.266 -103.947 10.1335 -0.38713 0.00615932 -2967.34 132.625
28 19.3977 0.642518 254.72 -68.6954 6.59942 -0.236822 0.00386905 -2101.95 99.8288
29 30.3219 0.763786 119.414 -37.0255 4.20182 -0.159494 0.00296086 -3670.15 156.096
30 34.5016 0.763157 -83.2658 15.5598 -0.609798 0.0299318 0.000246373 -2208.02 103.677
31 34.9841 -1.44675 455.601 -119.494 10.9897 -0.396053 0.00589261 -2512.01 116.727
32 54.4974 1.29192 365.147 -96.036 10.1976 -0.416936 0.00691787 -3179.05 142.001
33 18.0039 1.24662 -248.574 49.8949 -3.03883 0.0912425 1.83871e-05 -2775.2 126.918
34 20.6082 1.38613 -175.412 42.0642 -3.15719 0.126107 -0.000839453 -1761.26 90.8853
35 34.2616 1.36713 49.3775 -20.7934 3.36123 -0.153664 0.00337015 -3721.53 159.923
36 56.6109 0.838446 108.457 -26.5883 3.30892 -0.124298 0.00249497 -4152.36 173.835
37 19.1098 0.589001 -24.048 -5.57477 1.67438 -0.0758163 0.0020821 -3940.69 167.855
38 56.996 1.0613 54.9327 -9.50658 1.63156 -0.0594576 0.00162544 -3741.52 160.056
39 30.4269 0.625165 -150.689 25.7221 -0.962684 0.0234349 0.000689988 -3315.94 146.5
40 36.4216 0.836368 47.7405 -12.1394 1.7873 -0.0642342 0.00170158 -3728.68 162.088
41 38.9424 0.708938 111.64 -35.726 4.42637 -0.179591 0.00341 -2294.44 107.83
42 30.9735 1.09269 -390.615 92.9 -7.43823 0.284002 -0.00304992 -1893.84 94.264
43 42.0958 1.22691 -13.8972 0.650248 0.919062 -0.0352141 0.00130213 -3047.81 137.161
44 61.7975 0.742338 157.702 -36.7229 3.94693 -0.134821 0.00241959 -2679.8 123.774
45 27.3837 0.892805 -56.7889 4.08924 0.904851 -0.0481213 0.00168436 -2148.41 104.262
46 44.9612 0.814631 138.435 -38.2494 4.52404 -0.180285 0.00341583 -3239.64 143.156
47 28.4434 1.20145 -331.459 77.7415 -6.18105 0.244308 -0.00268495 -2781.79 126.891
48 20.3251 0.569956 -181.44 30.7192 -1.27232 0.0256671 0.000823415 -3880.64 168.329
49 46.4468 0.790259 363.896 -99.5543 10.3723 -0.412226 0.00663388 -3520.08 153.54
50 43.5564 0.311243 -141.407 31.2803 -1.95381 0.078782 -0.000322113 -2199.58 104.976
51 55.364 1.00948 -98.1608 18.6732 -0.256911 -0.00839825 0.00124132 -3658.03 157.925
52 44.9993 1.19009 502.719 -126.996 12.3751 -0.479341 0.00760979 -3406.85 149.048
53 75.1211 0.992888 585.84 -144.755 14.3583 -0.577121 0.00921083 -2871.16 129.775
54 45.4847 0.746739 -550.432 144.407 -13.0365 0.535947 -0.00682706 -2780.5 128.052
55 27.054 1.25074 171.97 -52.5595 5.91643 -0.233687 0.00404519 -3994.4 167.454
56 31.9502 0.664085 -33.0407 2.10833 0.630563 -0.0193646 0.00102 -2180.67 103.879
57 50.4336 1.08833 253.889 -64.1344 6.69876 -0.25541 0.00432767 -2690.61 123.525
58 42.2895 0.751386 299.039 -79.5951 7.9779 -0.290736 0.0044601 -2201.48 104.149
59 36.5233 1.24198 69.0931 -19.5467 2.51734 -0.0881466 0.00191813 -3101.34 139.185
60 38.759 1.10202 336.356 -87.796 8.82508 -0.339108 0.00554205 -2248.54 107.44
61 48.7751 0.808383 363.634 -91.8411 8.89718 -0.323113 0.00491921 -2705.29 124.051
62 37.0064 0.794706 -419.212 107.383 -9.6433 0.412249 -0.00548727 -3791.74 163.898
63 52.5647 0.68731 -109.182 28.4807 -1.87084 0.085304 -0.000631888 -2444.39 113.181
64 72.5785 1.34441 15.5642 -0.545691 1.16608 -0.0538504 0.00173154 -5695 227.76
65 66.9571 0.789271 67.5839 -15.8564 2.66765 -0.12108 0.00279099 -3054.79 136.163
66 30.4586 1.34144 -228.93 58.0154 -4.80931 0.203125 -0.00225981 -2815.26 126.941
67 64.7792 1.39551 265.606 -62.6811 6.60335 -0.254522 0.00429771 -3458.64 151.151
68 75.7258 1.2631 47.4465 -6.98675 1.70398 -0.0746837 0.0020241 -3464.99 152.143
69 48.5875 1.13294 60.7935 -12.8343 1.74411 -0.0561104 0.00137235 -1891.43 92.6875
70 71.2986 1.18484 100.589 -14.7495 1.7253 -0.0470271 0.00120508 -3949.47 170.391
71 57.7966 1.24388 33.5648 -0.800851 0.408886 0.00967601 0.000290051 -1728.87 88.6267
72 49.3022 1.47972 -93.1325 27.8138 -1.92997 0.0842718 -0.00045785 -1574.77 82.8017
73 87.2288 1.05472 236.05 -51.3928 5.59554 -0.217365 0.00383595 -3203.06 142.349
74 54.1614 1.29939 -11.7009 4.21869 0.557401 -0.0251057 0.00121917 -2330.65 109.641
75 64.4222 1.1565 -290.265 80.1057 -6.75144 0.280292 -0.00342671 -1510.2 79.6167
76 79.5774 1.20055 -121.872 41.878 -3.26986 0.142336 -0.0014488 -2248.66 107.194
77 58.3494 1.29095 136.116 -31.052 3.63408 -0.138586 0.00271317 -2794.69 126.255
78 60.1875 1.06513 -39.5676 15.1774 -0.759486 0.0396111 0.00011317 -2998.87 131.491
79 61.8766 1.21498 126.394 -25.6819 2.83001 -0.0909686 0.00175053 -2264.7 106.364
80 88.1865 1.03314 94.9209 -13.4358 2.13187 -0.0952348 0.00240513 -2442.09 115.985
81 35.8164 5.91369 780.503 -128.68 6.37994 0.01016 -0.00136956 -4937.43 234.542
82 99.9674 0.950349 296.512 -58.8496 5.70658 -0.197918 0.00318634 -3369.99 146.133
83 62.4911 1.00669 170.59 -37.63 3.96831 -0.13914 0.00249793 -3106.81 135.557
84 68.0345 0.887989 84.4755 -17.2418 2.30396 -0.0786923 0.00164538 -2215.15 103.778
85 65.0238 0.709033 380.767 -95.576 9.59749 -0.369998 0.00590462 -2946.17 130.604
86 56.7572 1.11967 -82.3429 23.0454 -1.36055 0.0608464 -0.000203334 -912.115 58.2559
87 58.7408 0.80843 34.0234 -8.31718 1.63536 -0.0614003 0.00160217 -3269.95 141.909
88 75.8056 1.71292 354.925 -79.2522 7.80029 -0.288819 0.00459707 -2484.41 116.064
89 58.4002 0.861358 200.805 -49.305 5.19467 -0.18923 0.00319919 -3390.08 148.358
90 53.357 1.36044 59.4975 -13.9605 2.07453 -0.0746592 0.0017059 -1891.22 92.5429
91 66.3953 1.02536 -71.4168 19.1364 -0.717208 0.0269157 0.000395227 -2206.44 105.85
92 61.9102 0.613519 -47.9349 14.9026 -0.745812 0.0425088 -1.91862e-05 -1722.4 87.1532
93 65.4153 0.657443 307.778 -72.195 7.07298 -0.258949 0.0041775 -2331.9 109.912
94 82.2188 0.721671 96.0082 -18.3716 2.55166 -0.0973079 0.00212307 -3883.5 166.961
95 73.4899 -0.215532 96.0082 -18.3716 2.55166 -0.0973079 0.00212307 -3883.5 166.961
