0 38.9131 -0.758188 235.401 -40.6204 1.83442 0.0159659 -0.000331511 -5327.7 214.148
1 8.26389 2.03582 564.266 -148.401 13.9396 -0.524611 0.00798981 -3907.8 164.992
2 43.7706 -1.33842 949.489 -222.855 18.7637 -0.65957 0.00940096 -2339.11 109.504
3 55.7896 -2.96853 654.118 -164.079 14.8206 -0.550611 0.00833264 -2469.69 113.583
4 67.5361 -3.7212 201.791 -43.5331 3.13351 -0.0636258 0.0009906 -2252.08 103.001
5 47.9619 -2.1872 161.274 -45.8464 4.50017 -0.159383 0.00292472 -3657.89 157.516
6 39.4146 -1.74318 -5.23116 5.97986 -1.11398 0.0968747 -0.00120747 -2244.33 104.326
7 49.1548 -2.25155 318.199 -69.5357 5.21509 -0.139814 0.00205744 -5314.33 213.757
8 49.1548 -2.25155 1439.88 -328.424 27.0154 -0.944627 0.0130446 -2923.03 129.642
9 49.1548 -2.25155 1468.58 -331.649 26.9556 -0.930395 0.0127322 -2966.99 131.923
10 50.7468 -2.00172 537.655 -125.089 10.2579 -0.337803 0.0049438 -2556.92 116.166
11 22.9472 0.150666 220.786 -66.0933 6.88359 -0.271038 0.00481184 -2467.75 116.381
12 37.5951 -1.45182 441.594 -102.691 8.26043 -0.255552 0.00366929 -2089.95 100.31
13 94.5112 -6.94184 339.095 -86.7171 7.75266 -0.265089 0.00411352 -2898.09 127.836
14 -10.1225 5.35369 743.207 -167.802 13.4685 -0.446747 0.006278 -4351.66 176.801
15 -10.3725 5.3237 793.882 -185.269 15.4419 -0.530839 0.00755269 -2560.63 116.147
16 13.2168 1.44912 467.915 -120.52 11.035 -0.401559 0.00618195 -2417.9 112.082
17 13.2168 1.44912 385.514 -67.9901 3.66868 -0.0497227 0.000645024 -2296.34 106.501
18 17.1979 2.18744 605.611 -143.212 12.0163 -0.412921 0.00607619 -3053 134.097
19 17.1979 2.18744 477.733 -73.5001 2.49556 0.0687399 -0.00218079 -2512.57 111.79
20 17.5003 2.23489 544.102 -125.351 10.1904 -0.332471 0.0047765 -2865.9 125.497
21 14.2219 1.62689 536.71 -125.785 10.2609 -0.326087 0.00444508 -1882.62 90.0199
22 13.6068 1.52259 225.163 -55.4353 4.55474 -0.122849 0.00183803 -1859.39 90.8817
23 62.2348 -3.56913 -185.057 41.186 -3.70315 0.171481 -0.00189171 -3853.92 161.633
24 107.172 -8.30672 397.218 -105.548 9.84709 -0.364011 0.00574826 -3420.8 146.376
25 107.172 -8.30672 1064.26 -232.553 18.2092 -0.60432 0.00833508 -3074.41 134.467
26 31.1174 -0.764813 297.257 -67.8653 5.24744 -0.149236 0.0023075 -3988.31 165.385
27 157.26 -12.1007 516.756 -136.712 12.7756 -0.477528 0.00726682 -2773.21 123.738
28 154.66 -12.3533 536.011 -110.44 7.58475 -0.179604 0.00192793 -3099.8 133.686
29 2.83901 4.19365 840.708 -189.087 15.2113 -0.509513 0.00713907 -2848.23 125.504
30 15.8295 2.0395 1195.79 -270.321 21.7476 -0.724239 0.00952876 -5317.03 210.805
31 15.8295 2.0395 1315.54 -309.423 26.2533 -0.94493 0.0133885 -3471.68 149.09
32 15.8295 2.0395 549.4 -108.906 7.12928 -0.158612 0.00170526 -3061.22 132.024
33 10.914 1.371 934.012 -195.262 14.229 -0.417146 0.00519884 -2714.17 121.558
34 10.914 1.371 537.472 -112.39 8.10801 -0.232004 0.00329316 -2474.33 111.91
35 10.914 1.371 1954.85 -393.845 28.3208 -0.860238 0.0104152 -1877.31 90.4825
36 10.914 1.371 1256.86 -278.778 22.1817 -0.745906 0.0101123 -3725.44 157.07
37 17.007 2.50097 631.208 -127.546 8.67172 -0.212864 0.00243098 -1788.01 88.2228
38 17.007 2.50097 1435.36 -310.573 24.0893 -0.787755 0.0102621 -5151.95 203.932
39 -41.7398 10.7074 110.299 -19.6451 0.835953 0.0211064 1.44609e-05 -1979.44 95.131
40 51.0542 -2.51539 274.671 -60.2533 4.49898 -0.116552 0.00183861 -3151.21 136.374
41 59.7354 -3.56913 565.489 -135.711 11.5733 -0.402396 0.00598905 -3004.62 132.055
42 38.6531 -1.04524 555.877 -134.566 11.6019 -0.406664 0.00609088 -3408.79 148.541
43 38.6531 -1.04524 1695.5 -359.206 27.3964 -0.891101 0.0115517 -4211.4 174.462
44 36.9535 -1.21035 290.673 -68.0855 5.57249 -0.170811 0.00275524 -4423.22 181.071
45 35.4134 -1.45202 795.454 -182.572 14.8186 -0.494522 0.00689471 -3162.93 136.328
46 35.4134 -1.45202 1181.08 -232.016 15.8234 -0.435048 0.00505723 -1289.21 69.1007
47 70.5576 -3.74177 174.083 -37.7544 2.69564 -0.0509298 0.000917797 -1500.02 77.9775
48 70.5576 -3.74177 2189.18 -487.946 39.3568 -1.36012 0.0181904 -1500.02 77.9775
49 70.5576 -3.74177 826.768 -164.036 11.1216 -0.291088 0.00335764 -2005.27 94.1941
50 70.5576 -3.74177 848.575 -163.392 10.9266 -0.298796 0.00387631 -5093.27 200.8
51 70.5576 -3.74177 291.878 -50.9138 2.45319 -0.000177329 -0.000186811 -2232.32 104.105
52 70.5576 -3.74177 1206.4 -260.8 20.1051 -0.647776 0.00846802 -3262.52 141.724
53 70.5576 -3.74177 960.609 -219.485 18.0838 -0.636816 0.00924057 -2798.8 125.1
54 70.5576 -3.74177 1508.86 -325.818 25.2347 -0.829593 0.0108933 -2587.2 115.667
55 70.5576 -3.74177 516.293 -111.097 8.32996 -0.248881 0.00362642 949.518 -1.52963
56 -30.5759 9.34772 354.244 -71.7615 4.73862 -0.0979721 0.00118702 -992.389 58.8375
57 -30.5759 9.34772 1001.92 -226.945 18.4756 -0.634627 0.00890528 -3444.16 146.233
58 59.298 -3.52664 256.635 -58.6355 4.53089 -0.121788 0.00194364 -3432.14 144.933
59 59.298 -3.52664 1472.04 -316.86 24.4438 -0.798678 0.0104692 -3850.22 162.195
60 59.298 -3.52664 735.964 -140.455 8.98912 -0.215129 0.00252611 -4210.21 175.172
61 59.298 -3.52664 529.455 -121.891 9.89798 -0.335323 0.00519541 -3712.41 158.277
62 59.298 -3.52664 871.326 -195.956 15.6429 -0.520283 0.00720197 -2244.96 103.979
63 59.298 -3.52664 1071.14 -213.258 15.2027 -0.466036 0.00625553 -4399.15 175.327
64 -31.0601 8.51331 2234.33 -563.065 50.3958 -1.81863 0.0258406 -7267.84 328.683
65 53.5416 -2.73228 289.427 -70.3446 5.97848 -0.190022 0.00310246 -3282.25 142.177
66 17.9303 0.80102 -299.339 70.7558 -6.10432 0.257225 -0.00295783 -3501.63 152.699
67 17.9303 0.80102 505.433 -107.436 7.86257 -0.225285 0.00319907 -3068.18 134.312
68 43.3798 -1.4182 25.9326 -5.66472 0.260741 0.0320418 -0.00015245 -3832.24 160.623
69 -10.8011 5.507 2214.08 -545.612 47.5578 -1.68858 0.0237054 -5938.85 273.44
70 86.8258 -5.61045 190.344 -52.0661 5.00779 -0.174854 0.00303256 -3405.74 145.774
71 18.1869 0.593852 85.467 -38.3739 4.946 -0.213575 0.0041597 -3792.87 162.697
72 100.549 -7.79963 197.858 -51.8124 4.81189 -0.163881 0.00297525 -2846.29 128.565
73 36.6498 -0.837062 547.102 -124.247 9.96196 -0.319979 0.00460278 -2937.23 129.364
74 57.3958 -3.04434 181.214 -47.6194 4.45227 -0.155382 0.00294449 -2648.21 121.01
75 57.0142 -3.08141 607.481 -145.649 12.4924 -0.442735 0.00676415 -5105.5 206.5
76 49.3213 -2.37942 493.943 -117.405 9.72397 -0.310932 0.00434931 -3965.4 166.451
77 63.9228 -3.41815 869.461 -225.49 21.0939 -0.821838 0.0125614 -3366.14 147.718
78 19.4642 0.478011 -19.6351 1.93079 -0.0913032 0.0366054 -7.8147e-05 -1575.37 82.09
79 36.7674 -1.40493 316.07 -74.3444 5.91705 -0.167508 0.00242011 -3799.93 156.587
80 34.9415 -0.917776 936.168 -228.718 20.0599 -0.731965 0.0105744 -3523.56 151.773
81 82.6539 -5.55428 541.927 -139.062 12.6159 -0.456455 0.00680619 -3496.29 149.355
82 34.5394 0.883562 150.738 -42.1345 4.44074 -0.155911 0.00280683 -3663.96 159.877
83 47.8582 -2.34302 304.974 -85.1186 8.22769 -0.306423 0.00503708 -2336.68 110.439
84 69.3638 -4.1496 317.303 -78.5365 6.72983 -0.214622 0.00328954 -3884.81 163.412
85 85.0042 -5.76159 534.897 -132.151 11.5088 -0.39818 0.00580244 -2714.35 121.919
86 96.89 -6.88939 505.539 -127.852 11.5225 -0.418774 0.006447 -2367.29 110.547
87 59.1953 -3.44166 -30.3422 0.255532 0.413308 0.000643989 0.00065048 -4701.24 194.996
88 59.1953 -3.44166 586.698 -144.664 12.6158 -0.446085 0.0065918 -2527.14 115.322
89 59.1953 -3.44166 392.941 -81.3183 5.63164 -0.142725 0.00204035 -3149.64 136.339
90 57.3097 -3.73757 707.394 -166.931 14.0649 -0.487128 0.00710522 -4297.77 181.21
91 57.3097 -3.73757 748.379 -171.955 13.9937 -0.468828 0.00660383 -2845.93 126.538
92 59.6411 -3.33672 558.975 -135.423 11.5185 -0.388061 0.00550988 -3605.46 151.553
93 33.4918 -0.679834 723.082 -176.069 15.2138 -0.534535 0.00766838 -3218.84 140.161
94 56.6424 -3.12299 857.601 -209.691 18.1207 -0.637281 0.00892951 -3871.82 161.367
