0 59.0875 1.59328 227.101 -51.7423 5.35798 -0.193923 0.00324388 -3040.06 134.406
1 82.2448 0.961539 200.655 -46.1987 5.36482 -0.215 0.00385199 -3656.98 160.489
2 69.4388 0.984508 144.744 -39.473 5.20081 -0.229371 0.00444674 -3398.96 148.383
3 55.8973 0.934005 -218.899 50.6953 -3.21405 0.10952 -0.000551344 -2363.46 112.142
4 69.6907 1.00172 -290.49 81.0769 -6.78665 0.278534 -0.00332315 -2634.71 122.325
5 59.6656 1.18166 -209.838 56.0041 -4.28232 0.172602 -0.00171382 -2598.85 119.076
6 49.5016 1.29442 -406.411 109.254 -9.57692 0.392525 -0.0048824 -2490.21 115.491
7 48.4432 1.04709 104.796 -23.9367 2.85709 -0.103221 0.00215466 -2604.13 119.043
8 48.7904 1.35514 102.44 -23.3638 2.84555 -0.106869 0.00232617 -5132.65 207.621
9 64.1381 0.80868 -161.334 46.1181 -3.54528 0.150157 -0.00147062 -3391 150.116
10 78.7896 1.29101 170.915 -37.1779 4.52443 -0.189375 0.00369892 -5006.86 203.78
11 68.1905 1.07025 -180.841 50.847 -3.75292 0.144242 -0.00112964 -3075.66 136.873
12 74.4179 1.46151 -341.321 92.9772 -7.64053 0.304293 -0.00359007 -4021.57 168.51
13 59.6723 1.06778 -153.7 40.8978 -2.8386 0.112881 -0.000834744 -2047.01 99.7302
14 32.9533 1.117 -281.04 65.0477 -4.94242 0.191367 -0.00188818 -3549.92 153.019
15 59.6229 0.680475 131.438 -35.3704 4.27054 -0.166119 0.00304515 -2231.67 105.878
16 18.3843 6.35267 2839.45 -665.276 56.3532 -1.966 0.0269223 -5638.91 265.369
17 100.057 1.04469 113.386 -16.8671 2.41908 -0.0914894 0.00205061 -1499 81.9757
18 86.6477 0.944585 300.641 -68.1123 7.16498 -0.282134 0.00483057 -1860.3 95.0292
19 89.6253 0.981521 230.734 -44.7566 4.64098 -0.165342 0.00288376 -3906.83 166.235
20 48.6068 0.713432 352.756 -92.1314 9.31996 -0.363249 0.00593249 -2153.76 103.562
21 47.955 0.932924 -66.4685 14.3539 -0.389979 0.0162136 0.000528932 -2207.86 104.196
22 92.4591 0.731358 400.801 -93.8522 9.43059 -0.362889 0.00580262 -2999.93 135.332
23 43.2421 1.19879 100.761 -24.3263 2.6874 -0.0839498 0.00161156 -500.243 41.8557
24 71.3412 1.19182 57.0818 -7.57665 1.27701 -0.0336263 0.00100632 -3379.37 145.661
25 67.4467 1.02031 -111.28 35.3922 -2.73483 0.121584 -0.00109551 -669.191 49.9469
26 71.6203 1.47457 -44.9934 19.3843 -1.02364 0.043233 0.000193059 -1083.9 66.6237
27 65.6711 0.645928 381.536 -94.6816 9.50881 -0.365851 0.00590883 -3538.46 155.708
28 60.014 1.18827 235.319 -52.5383 5.17927 -0.182294 0.00307865 -5634.92 220.933
29 69.6388 0.632315 583.843 -145.411 14.2214 -0.560685 0.00885372 -3097.51 139.684
30 84.4629 1.15229 272.432 -62.7684 6.69129 -0.260391 0.00442396 -2373.15 112.188
31 63.7914 0.95742 306.997 -79.551 8.46619 -0.341288 0.00574461 -1836.08 92.6809
32 20.3975 1.04478 102.095 -35.5956 4.53098 -0.194542 0.00395869 -3777.85 162.669
33 43.8227 1.09274 -269.561 71.6252 -6.02607 0.250612 -0.00284053 -3732.78 163.248
34 19.4607 0.652868 13.432 -5.24753 0.871224 -0.0168457 0.000913935 -3864.76 165.754
35 44.2535 1.09371 1168.3 -303.665 29.4424 -1.18556 0.018138 -5257.39 216.955
36 20.0136 1.37716 199.057 -51.0073 4.99357 -0.169303 0.00281812 -1778.87 90.5539
37 27.649 1.36465 -309.894 81.7347 -7.28144 0.313841 -0.00394869 -889.461 58.2396
38 24.1648 1.29642 -122.646 29.67 -2.18432 0.0992884 -0.000739878 -1950.85 96.1271
39 7.86278 2.0116 331.088 -92.2643 9.26989 -0.359409 0.00584485 -3248.67 143.42
40 44.2775 -1.59717 -56.2309 10.0143 -0.59311 0.0379885 0.000215887 -2785.03 126.412
41 29.7085 0.409895 -0.322671 -3.54967 0.863773 -0.00975247 0.000579033 -1988.71 96.5175
42 18.6522 0.692614 -189.911 40.5516 -2.88861 0.116063 -0.000800691 -2728.46 123.824
43 8.81763 1.77422 -0.811298 -10.5957 1.94215 -0.0789719 0.0020372 -3160.45 139.484
44 18.4115 0.803207 122.259 -32.388 3.21656 -0.100692 0.00191879 -2048.58 98.6579
45 90.0865 -6.45642 52.4209 -16.5669 1.61768 -0.0329276 0.000927135 -3642.82 157.879
46 38.4378 1.41413 -42.0353 10.9675 -0.444647 0.033978 0.000143594 -2543.53 117.724
47 43.8465 1.54897 -127.284 29.4055 -1.5422 0.0471488 0.000427866 -3539.14 153.982
48 19.5521 0.691676 -11.1523 -5.85735 1.11566 -0.0192403 0.000615705 -3870.94 165.127
49 16.8772 1.16902 46.1346 -17.418 2.11407 -0.0637991 0.00147678 -4113.56 172.051
50 62.0573 -3.42215 17.1479 -7.20916 0.665276 0.00771721 0.00024859 -4399.78 180.331
51 26.3087 1.37557 -16.0979 0.209884 0.610891 -0.00983445 0.000764343 -3873.22 164.651
52 34.8198 -0.77397 124.426 -35.9653 3.56474 -0.118139 0.00227565 -1891.16 93.5342
53 20.0358 0.570484 -53.7699 2.64343 0.803084 -0.0374949 0.00151138 -3669.85 157.647
54 30.6915 1.07888 30.9942 -12.4354 1.96289 -0.0712766 0.00172781 -3471.4 150.435
55 66.3986 -3.67342 744.494 -183.105 16.0865 -0.578406 0.00840543 -2917.09 129.811
56 31.0376 1.197 181.903 -54.198 6.02872 -0.23927 0.00428707 -2013.28 99.3928
57 17.1431 0.857756 948.711 -254.227 24.4837 -0.969363 0.0146446 -2575.35 119.86
58 17.439 0.824954 29.1633 -15.9734 2.19464 -0.0808112 0.00203478 -2606.12 118.796
59 24.3443 0.955149 278.71 -83.2094 8.98104 -0.369766 0.00635379 -3482.21 153.276
60 15.4303 1.00174 407.269 -107.404 9.98317 -0.358705 0.00546802 -4001.25 170.4
61 19.7742 1.48849 289.144 -79.4546 8.01783 -0.307936 0.00514447 -2713.17 124.546
62 20.0245 1.0785 525.419 -144.631 14.2676 -0.557505 0.00868676 -1606.48 84.2824
63 17.852 0.788236 365.113 -100.201 9.78127 -0.369609 0.00588623 -3300.19 142.765
64 57.022 1.57433 -344.266 95.496 -8.35326 0.346339 -0.00425954 -2751.95 125.934
65 64.6268 1.18609 -52.109 23.219 -1.76079 0.0891009 -0.000689848 -2461.87 114.859
66 70.356 1.08897 -79.7205 27.2119 -1.70437 0.0716277 -0.000178485 -3092.5 137.095
67 48.6073 1.47067 -427.299 113.28 -9.78989 0.396568 -0.00495613 -1835.05 89.8665
68 66.3218 1.01153 411.559 -104.178 10.8634 -0.443723 0.0074282 -5215.1 210.834
69 71.3692 0.886674 -207.117 60.2402 -4.93804 0.210411 -0.00243291 -3086.2 135.637
70 79.9913 1.19362 68.8848 -4.67747 0.943507 -0.0241261 0.00102003 -2891.76 132.002
71 92.4361 1.3314 57.7439 -1.66077 0.969534 -0.0359187 0.00133192 -2974.05 135.19
72 70.8186 1.70982 -2.38688 9.66404 -0.232828 0.0210788 0.000316202 -4071.99 172.243
73 40.3003 1.66209 -217.56 58.2343 -4.88598 0.20999 -0.00243669 -1967.92 96.2063
74 65.9226 1.20605 99.2758 -16.4878 1.96569 -0.0585299 0.00134477 -1450.87 78.22
75 79.5527 1.07622 340.178 -81.1529 8.43484 -0.330978 0.00547478 -3991.19 170.287
76 48.9088 0.867548 326.405 -83.4865 8.43709 -0.322839 0.00525627 -2806.23 126.225
77 76.7923 1.22654 127.258 -20.5739 2.35827 -0.0781094 0.00173853 -3157.02 139.399
78 99.9563 1.43401 -202.385 68.7048 -5.77035 0.237298 -0.00259731 -2145.41 105.865
79 88.9276 1.32513 89.0245 -9.36111 1.37019 -0.0355898 0.00109298 -2150.48 104.946
80 69.3971 1.13589 173.951 -31.3479 2.85776 -0.0730419 0.00132608 -3070.3 137.723
81 66.9938 1.38855 853.839 -211.544 19.9771 -0.765888 0.0113369 -2904.61 129.877
82 61.6772 0.904456 366.387 -87.5771 8.34699 -0.297958 0.00455875 -1801.6 89.8368
83 83.3938 0.911833 145.057 -28.9198 3.46582 -0.129373 0.00249994 -2317.25 109.145
84 62.7716 0.817375 -18.2336 9.28976 -0.234061 0.0217102 0.000314839 -1495.31 79.4345
85 70.4505 0.440727 237.983 -56.8856 6.00302 -0.227336 0.0038377 -2021.98 98.0556
86 59.9968 1.43441 122.058 -26.5518 3.00288 -0.0976985 0.00180892 -3347.93 144.861
87 83.9874 0.930226 252.455 -49.1169 4.56219 -0.140478 0.00224622 -2685.34 122.652
88 61.5455 1.62313 242 -53.8383 5.31635 -0.181645 0.00293288 -2793.11 124.888
89 75.1716 1.59783 154.16 -28.8977 3.25033 -0.116633 0.00234275 -3168.87 138.441
90 78.3951 1.30334 248.745 -57.2386 6.09457 -0.233171 0.004041 -1658.93 87.2918
91 73.0167 1.19025 -119.645 36.7353 -2.62518 0.110918 -0.000865135 -3783.2 157.806
92 88.3485 1.05826 502.325 -121.108 12.1498 -0.477429 0.00753576 -2592.7 120.934
93 36.1732 1.40801 -46.8052 9.38354 0.0152082 0.0014851 0.00079603 -1464.25 79.2739
94 50.4468 1.5039 -77.3494 24.912 -1.92938 0.100574 -0.000988965 -3749.73 159.688
95 52.9362 1.84247 -77.3494 24.912 -1.92938 0.100574 -0.000988965 -3749.73 159.688
