0 48.7506 1.09701 -127.397 33.3383 -2.21476 0.0839318 -0.000294316 -2359 110.319
1 56.3453 1.12996 -146.927 40.409 -2.98993 0.123145 -0.000995182 -2291.03 106.948
2 42.3612 1.72369 338.768 -84.9923 8.54708 -0.328751 0.0053809 -3483.78 152.286
3 59.8836 1.44624 335.144 -83.0279 8.56998 -0.334353 0.00542493 -3442.09 148.753
4 66.1921 1.56591 144.662 -29.4412 3.32247 -0.117278 0.00229603 -4226.99 176.581
5 84.7618 1.5736 474.961 -109.175 10.6448 -0.403162 0.00627538 -2672.98 122.384
6 54.3633 1.07077 -179.146 42.1737 -2.64405 0.093179 -0.000381135 -2945.65 130.218
7 58.5173 1.64116 261.092 -57.9603 5.70838 -0.203539 0.00339637 -3506.38 151.339
8 56.7034 1.64935 105.75 -26.5402 3.48859 -0.138164 0.00270566 -4365.9 180.841
9 58.6801 1.33232 -23.6206 4.80408 0.711428 -0.0344243 0.00138801 -2098.48 102.96
10 79.4326 1.17787 -99.4972 29.83 -1.59192 0.0524469 0.000206845 -1563.76 83.1764
11 62.6367 1.38888 455.569 -113.719 11.3454 -0.442159 0.0069881 -1547.71 82.4002
12 42.7171 1.24949 196.502 -50.8592 5.39038 -0.202225 0.00347675 -2855.27 126.919
13 23.4191 1.23396 157.398 -48.0862 5.40052 -0.214958 0.00385741 -3801.69 159.574
14 63.6015 1.15527 51.3273 -11.1791 1.95799 -0.0759294 0.00182546 -2862.42 128.758
15 76.9245 1.50912 -90.1902 29.4533 -1.81127 0.0734863 -0.000264491 -1557.03 83.5077
16 71.4753 0.88705 295.153 -71.6926 7.43681 -0.284566 0.00462931 -2602.11 118.765
17 65.7266 1.16849 55.8684 -18.2792 3.13815 -0.137881 0.00286256 -3291.21 144.715
18 43.736 1.28633 171.624 -47.9741 5.48265 -0.220156 0.00394871 -4167.85 175.759
19 67.2209 1.06189 113.871 -24.9881 3.0947 -0.114691 0.00227575 -2724.13 122.61
20 49.27 0.840318 388.62 -92.8262 8.62585 -0.305219 0.00460283 -2368.13 108.582
21 75.1521 0.796775 210.874 -47.1034 4.96226 -0.182113 0.00316712 -2491.73 115.166
22 45.5455 1.16977 54.1491 -13.2583 1.81769 -0.0566465 0.00136432 -2672.44 120.56
23 70.9154 1.10634 -79.6454 22.5578 -1.0685 0.0415515 0.000166207 -3633.27 156.525
24 63.9383 1.15145 208.109 -50.3131 5.45728 -0.208605 0.00360702 -2333.84 110.058
25 77.0549 0.712988 42.321 -4.04483 1.02021 -0.0293567 0.0010447 -3505.84 151.458
26 73.2164 0.927066 242.314 -55.2619 5.76622 -0.21821 0.00377263 -2106.04 102.014
27 65.6487 0.747371 490.067 -121.722 11.928 -0.463888 0.00736028 -2940.86 132.939
28 57.8613 0.921065 484.948 -122.483 11.9601 -0.459511 0.00712107 -3851.93 163.086
29 86.5955 1.29237 282.683 -62.2168 6.38961 -0.236439 0.0038675 -2904.7 128.794
30 57.0951 0.94467 -40.1334 7.21624 0.473338 -0.0238779 0.00117063 -2605.12 119.405
31 33.5281 0.776616 339.76 -86.7415 8.16994 -0.288086 0.0043449 -3375.67 142.789
32 76.7263 1.68626 -50.3448 18.4244 -0.540499 0.0104525 0.000859531 -3256.66 144.881
33 85.5241 1.80551 -244.009 67.7512 -4.79784 0.16632 -0.00120098 -2595.22 121.496
34 85.3485 1.11896 -39.3371 18.4792 -0.792508 0.033187 0.000244867 -2253.52 107.734
35 74.4645 1.45523 -312.261 80.176 -5.91884 0.215603 -0.00203203 -4303.36 183.671
36 99.6649 1.21101 -142.939 46.6739 -3.24559 0.124476 -0.000950514 -4250.92 180.975
37 81.0999 1.71084 -32.692 18.7865 -0.908006 0.0405139 0.000136681 -3464.52 149.574
38 91.2235 1.40279 289.098 -61.5555 6.38883 -0.243568 0.00409772 -3254.77 142.018
39 71.3286 1.3972 21.6636 -2.73806 1.38258 -0.0588044 0.00163866 -3281.38 145.278
40 84.2744 1.42858 520.108 -125.873 12.7704 -0.516922 0.00836793 -3122.3 139.335
41 74.6243 0.968532 -84.4004 24.6672 -1.18795 0.0437998 0.000114073 -2006.14 97.2649
42 77.1081 1.22814 224.835 -50.354 5.45717 -0.212313 0.00376751 -3030.26 133.301
43 107.327 1.11788 128.949 -22.7894 3.35127 -0.14229 0.00291768 -2265.73 109.255
44 114.71 1.40999 -470.818 131.736 -10.6992 0.399271 -0.00457539 -1567.33 83.8964
45 107.788 1.59243 102.201 -12.2829 2.21832 -0.095785 0.00227916 -2439.81 115.432
46 76.3903 1.39031 -141.898 47.4524 -3.9417 0.176627 -0.00206944 -2119.71 100.599
47 84.371 0.822565 387.238 -91.6567 9.29974 -0.365512 0.0059474 -2641.47 120.766
48 86.5884 1.25557 45.9465 0.296345 0.592629 -0.0127184 0.00081184 -3905.71 163.793
49 87.6622 1.15533 214.164 -48.3985 5.62688 -0.23109 0.00418774 -2483.77 116.073
50 85.9617 0.974451 129.421 -29.1093 3.9333 -0.166816 0.00326976 -3367.28 147.012
51 87.5084 1.03122 139.158 -24.9149 2.97406 -0.107448 0.00214668 -1939.04 97.0533
52 76.147 1.3627 3.80239 6.22342 0.262383 -0.00590422 0.000775051 -3316.01 142.847
53 102.672 1.17096 -124.291 40.7614 -2.44815 0.0803608 -0.000127223 -1922.93 97.4723
54 89.8639 1.10618 109.518 -14.909 1.8858 -0.0580804 0.00136769 -1881.04 93.4908
55 91.4474 0.829119 421.784 -97.2825 9.61231 -0.365057 0.0056719 -3388.37 146.972
56 104.525 0.735742 330.757 -71.4471 7.29681 -0.279527 0.00464888 -1079.45 65.6387
57 70.8048 0.453622 -23.1179 4.42315 0.734745 -0.0320272 0.00120499 -4006.77 166.264
58 86.0759 0.963713 25.9075 2.04279 0.64557 -0.0232783 0.00107729 -3675.54 157.331
59 91.0309 0.495511 311.919 -73.9289 7.774 -0.303748 0.00499913 -2644.6 121.67
60 100.989 0.635828 244.227 -51.3133 5.55679 -0.217483 0.00398016 -1054.66 66.6295
61 61.3792 0.934135 150.026 -38.1928 4.47572 -0.174147 0.00313431 -3136.16 136.281
62 55.9821 0.797751 -50.1134 11.3931 -0.0422035 -0.00239973 0.000879881 -4313.24 179.797
63 70.8779 1.21407 163.713 -33.8702 3.71202 -0.133823 0.00244851 -1670.5 84.4934
64 32.2867 1.06236 -239.137 52.128 -3.45576 0.119171 -0.000647189 -3637.18 156.723
65 33.1466 0.912337 -113.32 21.4115 -0.742796 0.0157563 0.000788037 -2388.89 111.349
66 42.3571 1.36048 -146.83 33.251 -1.87104 0.0636302 5.52684e-05 -2662.91 122.603
67 20.0779 0.711063 -439.54 103.154 -8.49551 0.328656 -0.00368389 -1774.3 89.7655
68 45.8117 1.41936 236.404 -64.4087 7.30268 -0.309556 0.00561976 -4106.97 173.502
69 23.2311 1.28347 42.8465 -15.6227 2.26279 -0.0897968 0.00213223 -3364.09 146.17
70 20.6278 0.577424 368.352 -102.806 10.3457 -0.404319 0.00648688 -3602.62 154.371
71 38.892 1.4791 -78.6361 12.0938 0.375906 -0.0385748 0.00175175 -1949.72 97.4432
72 33.5245 1.39324 -186.295 45.9782 -3.4513 0.141617 -0.00128932 -2358.49 110.133
73 35.9508 1.15219 -14.2064 -5.12442 1.74201 -0.0798845 0.00209969 -2566.46 118.356
74 58.7809 1.2274 -103.164 28.5199 -1.79849 0.0782468 -0.000481403 -2389.16 110.52
75 20.4309 0.835201 -267.612 56.7121 -4.05235 0.150654 -0.00120121 -1714.14 86.6502
76 23.6651 1.24085 120.769 -40.1182 4.83081 -0.196915 0.00365164 -3229.02 141.344
77 32.7996 1.45632 -52.7966 6.95881 0.586844 -0.0378725 0.0015503 -4648.75 192.794
78 32.3422 1.1414 -173.925 34.5759 -1.75538 0.0485047 0.000404467 -2956.26 131.921
79 35.6979 0.747305 502.941 -125.483 11.6495 -0.430499 0.00622744 -1361.35 66.2177
80 79.9997 1.54677 -113.671 39.5368 -2.99622 0.129964 -0.00122674 -4820.76 199.244
81 21.5974 0.849544 -103.852 18.28 -0.866299 0.0389036 0.000195832 -2674.52 121.558
82 21.2448 0.311937 235.284 -69.673 7.15085 -0.276914 0.00471165 -2128.46 101.255
83 62.2008 1.14724 191.661 -43.799 4.62762 -0.167955 0.00299328 -4572.55 191.753
84 29.4069 1.39014 -147.597 28.0855 -1.28227 0.0368335 0.000483631 -2759.42 126.258
85 46.8023 1.1039 -16.122 -2.23637 1.52289 -0.0734243 0.00206352 -2388.04 113.243
86 37.1374 0.981536 94.2773 -35.1617 4.73858 -0.206247 0.00400489 -3013.86 134.805
87 48.9577 0.889314 -64.3406 16.1977 -0.822105 0.0450131 -8.69926e-06 -1974.91 96.8438
88 50.8835 0.834519 -107.369 22.1132 -0.788194 0.0219604 0.000629457 -3314.06 146.617
89 48.2478 0.545003 110.149 -30.4531 3.54315 -0.130102 0.00255988 -4206.88 177.947
90 80.8403 0.538626 138.247 -29.3629 3.51952 -0.133252 0.0026482 -2100.71 103.264
91 31.8735 1.14208 -43.5482 3.70234 0.73005 -0.0333574 0.00137223 -2860.26 129.355
92 28.3959 0.589794 220.426 -66.909 7.17939 -0.281969 0.00479985 -3003.33 132.662
93 34.1675 0.737976 -71.9556 11.4367 -0.0891721 0.00488926 0.000732176 -2323.55 109.804
94 26.049 1.21128 -21.4314 -0.077512 0.799629 -0.0233317 0.00100159 -3084.05 135.184
95 121.637 -8.83784 -21.4314 -0.077512 0.799629 -0.0233317 0.00100159 -3084.05 135.184
