0 60.6034 1.10592 -52.9619 23.6716 -1.78404 0.0739598 -0.00033126 -1826.92 87.8589
1 81.4462 0.871458 -39.0888 24.3697 -1.80452 0.0694121 -0.00010202 -1897.11 92.9413
2 79.9987 1.06158 -264.365 88.3709 -8.30513 0.348398 -0.00440799 -1018.68 59.114
3 53.0557 1.00629 -72.9855 24.2176 -1.57944 0.0569723 -2.50595e-05 -2787.24 120.385
4 87.33 1.18245 137.127 -13.4878 1.2415 -0.0324308 0.00108248 -1557.08 80.2427
5 96.3426 0.965036 -77.0378 41.361 -3.58199 0.146624 -0.00139619 -1649.4 81.1396
6 45.5919 1.11061 -190.431 57.0359 -5.01853 0.203496 -0.00211983 -1455.64 74.7974
7 79.3016 0.852465 185.779 -31.9904 3.08817 -0.104956 0.00199798 -2767.04 121.029
8 67.8273 0.91089 -125.609 42.0153 -3.31787 0.1247 -0.000809475 -829.24 54.3919
9 53.7046 1.4127 -186.71 62.0286 -5.83065 0.250612 -0.00301649 -1100.59 61.7489
10 86.218 0.762315 253.181 -49.1683 4.90834 -0.19094 0.00350783 -1585.6 80.7444
11 84.9092 1.42879 -20.9853 28.6823 -3.0137 0.154278 -0.00185207 -1563.98 79.6084
12 59.6991 1.19392 40.9051 5.41225 -0.701592 0.0501307 -0.000175731 -2121.63 98.7409
13 90.6611 1.08266 -2.41448 30.3684 -3.73549 0.203848 -0.00288098 -1406 73.9395
14 73.2251 0.825896 380.809 -79.6646 7.15456 -0.258322 0.00417397 -2433.78 109.664
15 65.8322 1.04577 -49.8642 26.688 -2.39432 0.110124 -0.000953741 -1354.38 71.3278
16 61.6447 1.07341 134.569 -20.8186 1.93375 -0.0594854 0.00140685 -2983.33 128.725
17 63.0061 1.15417 148.72 -22.4971 1.88398 -0.04463 0.00094678 -2774.93 121.488
18 83.5396 0.731697 268.135 -49.6633 4.5397 -0.1624 0.00290075 -1725.92 84.883
19 67.2488 0.918175 158.196 -16.6672 0.551841 0.0361155 -0.000485841 -2829.35 123.147
20 59.6337 1.04455 -108.149 41.6424 -3.94036 0.17736 -0.00199632 -946.431 56.6884
21 78.717 0.493547 373.365 -75.1308 6.51047 -0.222224 0.00347708 -1036.48 60.1765
22 57.7084 0.984157 91.2044 -9.68643 0.772441 -0.010206 0.000701576 -2340.6 104.968
23 48.2804 1.08854 144.398 -30.3271 3.14939 -0.117719 0.00234118 -1780.79 85.6972
24 71.8474 0.772344 433.41 -95.3163 8.77714 -0.328859 0.00525076 -1690.07 80.9256
25 88.8783 1.03251 94.2121 -3.76454 0.310056 0.0126363 0.00021811 -4033.4 160.667
26 76.7161 0.852324 90.9678 -4.88969 0.261668 0.0166536 0.000176687 -1009.72 59.4141
27 65.8798 0.862423 220.66 -41.0744 3.70366 -0.128404 0.00240878 -1265.82 68.8249
28 83.6153 0.994824 381.903 -80.6733 7.66787 -0.295427 0.0048798 -3446.88 143.831
29 54.7711 1.49068 270.627 -59.1291 5.75667 -0.221441 0.00386979 -2559.86 113.77
30 78.3523 0.687312 454.035 -97.1077 8.69743 -0.313156 0.00483563 -1595.49 80.5871
31 62.6094 1.03518 647.895 -154.862 14.5486 -0.565854 0.00871476 -1993.11 95.329
32 75.8837 0.860784 -86.9389 38.6234 -3.43722 0.148026 -0.00146675 -1540.89 78.1332
33 51.2824 0.90793 -143.638 47.8187 -4.38881 0.192126 -0.00222305 -1398.07 72.0591
34 33.301 0.806517 44.8576 -0.908946 -0.516592 0.0695847 -0.000971043 -2492.99 108.629
35 32.7782 0.90929 32.0429 -4.48377 0.727202 -0.0242483 0.00110291 -2159.34 99.4266
36 64.5432 0.78349 17.5392 11.1761 -1.17028 0.0688 -0.000425908 -148.739 29.1336
37 83.908 1.46471 129.133 -13.7863 1.44522 -0.0460766 0.00131746 -1967.28 94.336
38 58.2743 1.10488 168.989 -29.2742 2.60677 -0.0822493 0.00170647 -2016.55 95.4514
39 69.8051 1.14893 415.03 -91.2119 8.43916 -0.310304 0.0048667 -3496.43 146.692
40 59.2916 0.97382 -195.949 62.4808 -5.62821 0.230679 -0.00255871 -638.251 45.3582
41 55.311 1.09483 -50.4983 27.4069 -2.73273 0.132629 -0.0013867 -2704.54 117.358
42 53.4507 1.06002 211.43 -38.7555 3.20863 -0.0948985 0.00176373 -1755.59 86.763
43 42.6413 1.05113 -109.908 40.1098 -3.93277 0.17817 -0.00198233 -2598.36 116.474
44 46.253 0.882738 -104.989 39.4007 -3.95035 0.185639 -0.00223515 -1789.16 85.2839
45 62.1516 0.460984 292.666 -57.8162 4.97587 -0.170282 0.00265577 -783.729 45.238
46 50.8464 1.06396 304.707 -67.7933 6.28484 -0.228725 0.00377619 -1120.39 63.2011
47 65.794 0.686577 338.674 -69.7863 6.1412 -0.214521 0.00350285 -1644.71 81.9309
48 42.3156 0.779147 304.123 -68.9315 6.2205 -0.221495 0.00363598 -2090.29 97.8331
49 29.3593 0.698155 153.058 -29.0945 2.02321 -0.0338058 0.000644117 -2031.62 93.1957
50 54.0761 0.78851 226.744 -41.0473 3.14264 -0.0796134 0.00134813 -952.429 56.7749
51 59.0796 1.04388 204.14 -37.5558 3.30021 -0.106812 0.00198805 -1923.69 90.8118
52 44.5053 0.741269 384.388 -84.8651 7.29966 -0.25352 0.00405746 -1940.86 90.1972
53 82.2168 1.0245 219.303 -33.4009 2.66224 -0.0715623 0.00136754 -1710.4 83.6547
54 67.6639 0.705901 202.792 -34.1435 2.68207 -0.0658334 0.0011718 -1579.12 78.1106
55 48.7483 0.854018 473.821 -109.441 9.74216 -0.345465 0.00514237 -1947.95 91.634
56 73.7505 1.19576 142.759 -16.3076 1.18906 -0.0170006 0.000629232 -1360.32 71.6954
57 43.008 0.598428 331.194 -74.2197 6.52071 -0.226456 0.00361031 -530.122 40.9133
58 53.0389 0.727481 244.893 -47.2436 3.82451 -0.112256 0.00188596 -2151.11 97.7557
59 61.3444 0.839061 -56.9439 32.4655 -3.52408 0.179085 -0.00229453 -2298.6 103.423
60 81.9133 0.669756 249.094 -37.6685 2.69049 -0.06272 0.00118003 -1000.53 59.322
61 48.4769 0.717816 181.897 -34.9716 2.93486 -0.0807648 0.00139326 -950.462 55.2737
62 56.0203 0.606106 414.35 -91.667 8.03244 -0.278259 0.0041667 -2054.9 95.1321
63 67.8961 0.760742 -168.258 62.787 -6.2686 0.279596 -0.00356965 -550.065 42.9184
