0 67.4966 1.15689 192.302 -44.8823 5.1327 -0.205154 0.00381743 -2562.29 120.355
1 86.4881 1.14219 150.147 -36.0717 4.9862 -0.225531 0.00441936 -2854.8 132.568
2 78.9518 1.1953 358.563 -82.4402 8.47454 -0.331973 0.00550955 -4285.48 178.942
3 100.42 1.14827 -137.735 48.9106 -3.6603 0.149552 -0.00141348 -3580.75 156.553
4 68.9325 1.39459 -139.458 45.1187 -3.6594 0.162745 -0.00173956 -2657.02 122.775
5 86.7422 1.60589 238.441 -46.4317 4.86722 -0.178483 0.00317074 -5036 206.697
6 80.9879 0.983758 180.43 -40.7814 4.82381 -0.189547 0.00338585 -3680.62 159.959
7 93.8299 1.42442 -372.146 109.824 -9.48265 0.382847 -0.00467443 -3812.45 165.749
8 99.391 0.753954 -284.049 77.3108 -5.66377 0.206192 -0.00189074 -2705.17 124.846
9 68.6878 1.39763 -306.812 86.0097 -7.22234 0.294306 -0.0034755 -2539.84 119.15
10 80.3362 1.48463 9.65608 16.9581 -1.76873 0.117868 -0.00154525 -4388.81 177.022
11 114.142 0.980052 354.105 -73.2379 7.42941 -0.278674 0.00453774 -3495.13 153.981
12 71.0937 1.88066 0.440489 12.1106 -0.704822 0.0489613 -0.000183552 -1474.24 79.3589
13 84.4722 1.13006 -102.399 34.3562 -2.30219 0.0975697 -0.000728185 -3297.35 143.933
14 82.8125 1.34562 72.6791 -4.80171 0.732666 -0.000936453 0.000401147 -6601.39 254.938
15 80.8103 1.13631 89.7281 -17.5182 2.73884 -0.1153 0.00252617 -2832.23 129.513
16 89.8341 1.18586 395.646 -93.5013 9.77371 -0.39519 0.00659584 -2557.95 121.162
17 68.0112 1.40193 158.617 -35.3717 4.09898 -0.154193 0.00287128 -2573.89 120.415
18 82.3337 1.65096 316.22 -70.3611 7.40975 -0.296919 0.00522129 -1702.67 91.0245
19 100.851 1.0211 3.72722 11.7161 -0.299835 0.0211005 0.000353013 -2114.15 104.208
20 79.0521 1.13506 459.327 -111.16 11.1691 -0.440041 0.00715491 -2068.72 105.727
21 77.3281 0.851274 -281.683 73.761 -5.57296 0.21154 -0.00209961 -3051.63 137.877
22 104.997 0.777758 132.412 -22.8139 3.04944 -0.118085 0.00243479 -2213.54 108.291
23 95.9756 0.589392 209.916 -47.1034 5.48215 -0.220809 0.00396823 -2834.46 130.197
24 90.8625 0.893254 315.46 -77.3671 8.48474 -0.348419 0.00593497 -1811.53 93.4445
25 98.7451 0.909099 -79.6349 27.9168 -1.29611 0.0374018 0.00047634 -3265.82 144.971
26 99.3423 1.10074 378.476 -86.9217 8.98192 -0.351922 0.00578045 -2867.06 131.516
27 93.4087 0.591414 121.021 -23.2468 3.05762 -0.116098 0.00238867 -1463.54 80.6365
28 63.5359 0.907991 170.321 -39.715 4.31204 -0.153134 0.00264874 -2857.5 127.185
29 65.6537 1.14739 438.684 -112.505 11.6616 -0.472802 0.00766877 -2261.97 107.894
30 74.5356 1.03438 14.7827 0.964887 0.806266 -0.0289045 0.00124513 -3230.88 144.665
31 94.7159 0.78753 -97.1029 34.7375 -2.53071 0.115827 -0.0010982 -3221.24 142.514
32 104.751 0.977393 451.069 -101.657 10.2481 -0.401849 0.0065372 -2098.32 104.959
33 93.3944 1.12028 10.1642 7.16326 0.380247 -0.018802 0.00112505 -2937.01 134.005
34 71.8897 1.13713 14.0069 -2.55589 1.6069 -0.0809558 0.00224987 -4850.03 201.362
35 105.733 0.60125 -23.6045 15.6159 -0.171769 -0.00568621 0.00109399 -4014.58 171.728
36 75.8759 0.831304 278.975 -61.2074 5.99692 -0.206117 0.0031771 -3351.24 147.891
37 69.9734 0.828714 -132.995 36.0467 -2.29898 0.0919991 -0.000540753 -3401.37 149.509
38 73.2751 1.0199 -114.16 34.4175 -2.3256 0.0975053 -0.000639409 -3624.29 158.799
39 83.1773 0.991131 -142.964 45.9266 -3.42382 0.141213 -0.00126785 -3851.38 163.487
40 92.0433 0.915172 -230.82 73.3893 -6.13297 0.247966 -0.00265821 -3732.27 161.006
41 66.4537 1.05251 256.286 -63.9984 7.04476 -0.284905 0.00496442 -3482.55 153.917
42 87.0826 0.940469 -68.2467 22.8401 -0.808943 0.0136189 0.000922069 -3517.18 154.007
43 69.6175 0.932041 45.2533 -4.48458 1.16672 -0.0405222 0.0013026 -3249.4 142.9
44 81.8178 1.07832 292.685 -68.5188 7.3393 -0.290905 0.00495656 -3627.64 158.546
45 77.9937 0.798315 241.499 -67.0409 8.14882 -0.361741 0.00651988 -3397.52 149.773
46 57.829 1.06851 -95.7114 23.8454 -0.947346 0.0213788 0.000756022 -1825.61 92.9436
47 77.9652 1.32375 -137.94 39.7881 -2.52015 0.0922182 -0.000440574 -2882.19 130.551
48 81.7479 0.97815 156.297 -31.8015 3.87593 -0.156408 0.00309854 -2329.73 110.272
49 99.8709 1.21043 0.534592 10.206 0.197104 -0.0154349 0.00115091 -5014.87 204.264
50 105.447 0.643519 521.618 -128.253 13.249 -0.536856 0.00857509 -3350.63 146.908
51 92.0648 0.742008 289.383 -65.7645 6.9965 -0.27363 0.00465137 -5004.82 206.209
52 71.6139 0.993523 380.43 -98.9812 10.5462 -0.430669 0.00705998 -3271.41 143.897
53 80.6937 1.06178 56.5562 -7.70217 1.65759 -0.0669177 0.00177918 -3009.48 135.531
54 79.3708 0.95429 287.642 -74.0802 8.34335 -0.348543 0.00594884 -2029.82 100.43
55 80.9814 0.729458 536.335 -132.482 13.1977 -0.519393 0.00810784 -2675.57 122.284
56 72.2381 0.625963 74.0849 -16.8215 2.52956 -0.100268 0.00219279 -2284.5 107.744
57 96.6848 0.81096 -40.6881 19.0891 -0.829544 0.0377241 0.000144547 -2192.96 105.861
58 73.5914 0.842876 134.528 -30.7198 3.79477 -0.149433 0.00292436 -4849.79 202.35
59 76.3137 0.956054 403.319 -95.8015 9.6124 -0.375305 0.00615884 -3079.39 138.114
60 77.4481 0.872464 58.7795 -10.8062 1.84606 -0.0614929 0.00144376 -3269.19 144.135
61 101.935 0.666355 245.133 -48.2472 4.9596 -0.179218 0.00309242 -2650.99 120.071
62 85.5061 0.95923 221.131 -46.8464 4.97283 -0.18038 0.00309181 -2063.24 100.442
63 95.6975 0.77356 413.502 -98.1719 10.0222 -0.393764 0.00634943 -5051.88 206.259
64 89.0014 1.01075 299.668 -61.9143 6.22717 -0.236283 0.00415866 -4923.81 199.503
65 92.4104 1.30973 221.414 -37.5273 3.53649 -0.103974 0.00175209 -3222.97 142.568
66 58.6152 1.67499 405.295 -98.1695 9.77867 -0.378475 0.00609756 -2858.98 129.216
67 90.4279 0.624298 124.955 -25.4934 3.44769 -0.143769 0.00297137 -3022.09 135.979
68 60.3969 1.38207 -102.103 36.7451 -3.35607 0.169592 -0.00216598 -3579.87 152.315
69 86.8718 1.28867 430.566 -91.8286 8.53903 -0.305824 0.00471697 -2207.26 104.668
70 104.125 1.34794 40.2781 8.32507 -0.317744 0.0289222 0.000197809 -2445.2 116.04
71 71.4859 0.842044 52.1381 -3.8313 0.602969 0.00879939 0.000113635 -2598.44 119.045
72 83.4154 1.08175 237.178 -53.7553 5.82992 -0.223926 0.003844 -2940.55 131.736
73 65.066 1.20101 389.879 -96.8111 9.9928 -0.402195 0.00663009 -2331.66 110.878
74 79.6222 1.49517 115.607 -18.8146 2.44546 -0.0934769 0.0021601 -1806.94 92.9135
75 110.611 0.928564 337.895 -75.0725 8.06319 -0.32541 0.00550783 -2610.82 121.537
76 78.2361 1.21073 137.33 -24.1878 2.6381 -0.0846335 0.00177264 -3853.04 164.156
77 66.807 1.35591 -39.3514 19.4145 -1.36525 0.0721445 -0.000474336 -2179.72 105.075
78 58.4422 1.30899 277.171 -71.5777 7.60766 -0.300837 0.00503965 -2366.8 110.572
79 99.6078 0.883265 141.31 -27.9541 3.69586 -0.151693 0.00300337 -2936.85 133.936
80 85.4427 1.17161 51.0067 -5.11334 1.25378 -0.0408335 0.00116163 -2867.38 127.525
81 77.0662 0.774187 77.4795 -9.45388 1.19813 -0.0247099 0.000811975 -2016.12 97.8332
82 70.9862 0.805286 74.2512 -7.68231 0.74685 0.00590626 0.000195678 -3519.05 149.48
83 119.388 1.47505 396.171 -81.1521 8.11568 -0.308276 0.00497461 -3098.55 137.686
84 75.1663 1.25461 62.1212 -6.22281 1.05608 -0.024931 0.000951726 -3080.43 136.613
85 87.1394 0.980243 161.871 -30.553 3.39101 -0.11832 0.00221576 -3856.13 162.708
86 108.777 0.910881 309.464 -66.7129 7.11726 -0.282703 0.00482906 -2775.23 127.276
87 87.4725 0.918523 271.739 -55.2422 5.24429 -0.174979 0.00284092 -2982.96 131.442
88 70.1736 1.52999 39.4939 0.355547 0.373409 0.0047699 0.000453864 -2793.27 125.465
89 79.475 0.973361 -13.9353 13.7928 -0.876003 0.0571491 -0.000339275 -2718.81 123.663
90 88.9426 1.17984 360.544 -83.2211 8.5283 -0.334542 0.00555976 -2291.4 110.482
91 65.8391 0.876025 448.702 -106.786 10.0982 -0.372274 0.00578082 -3564.63 152.051
92 86.8135 1.39057 619.208 -143.675 13.4837 -0.503515 0.00753238 -2233.03 106.141
93 56.7208 0.625581 321.236 -77.4299 7.44377 -0.268156 0.00424514 -2147.9 101.903
94 96.9195 0.90365 692.708 -163.172 15.4873 -0.592188 0.00899293 -2607.31 121.917
95 95.8751 0.761611 684.079 -163.938 15.4194 -0.598208 0.00845893 -2607.31 121.917
