0 36.8626 1.18178 987.134 -261.374 25.7506 -1.05014 0.0164884 -4741.69 202.567
1 46.7713 1.41643 437.594 -113.868 11.659 -0.469123 0.00768162 -3313.6 148.459
2 67.5059 1.0122 258.165 -68.8109 8.05068 -0.350224 0.00637116 -5367.42 226.375
3 45.022 1.10545 603.1 -161.335 16.445 -0.678479 0.0111405 -4646.56 201.191
4 36.9902 1.26715 356.644 -95.789 10.0959 -0.418688 0.00728937 -4684.46 200.379
5 54.7127 1.41366 903.817 -230.272 22.2822 -0.886723 0.0137539 -3960.99 175.45
6 30.0667 1.39395 709.314 -183.574 17.665 -0.691621 0.0107095 -5055.6 210.296
7 42.9764 1.21531 630.84 -171.849 17.7563 -0.742012 0.0120951 -3819.25 169.112
8 42.865 1.18221 393.866 -106.5 11.2216 -0.464223 0.00788092 -5521.59 228.658
9 66.5704 1.04725 238.985 -60.2564 6.92393 -0.29456 0.00544672 -3984.94 174.747
10 48.7118 0.974777 416.274 -111.216 11.7388 -0.488809 0.00832706 -4187.63 181.625
11 67.9912 1.50721 452.038 -113.273 11.7313 -0.477798 0.00796829 -6420.57 260.287
12 60.8203 1.31362 738.305 -189.219 18.705 -0.75029 0.01177 -4531.36 194.763
13 64.3412 1.27557 787.18 -194.702 18.6405 -0.729214 0.0112924 -3708.42 165.316
14 45.0644 1.19548 338.162 -94.3346 10.3624 -0.441029 0.00768745 -6200.89 256.145
15 37.9254 1.29502 408.08 -114.218 12.2238 -0.517146 0.00887284 -3513.31 157.75
16 43.6816 1.1139 626.603 -162.369 15.963 -0.632507 0.00994596 -4473.24 191.674
17 44.1779 1.43483 450.027 -121.686 12.6562 -0.516914 0.00847803 -5841.06 238.705
18 54.7667 1.23845 228.531 -61.3544 6.98425 -0.291686 0.00529838 -2148.37 107.089
19 43.6482 1.21812 631.536 -168.221 16.9076 -0.683172 0.0108004 -1055.88 67.866
20 75.3807 1.07787 742.732 -191.523 19.4239 -0.803308 0.0128861 -4738.34 201.343
21 56.2479 1.22742 331.099 -86.8059 9.41417 -0.395651 0.00695391 -5917.34 242.276
22 71.0515 1.26261 517.633 -130.819 13.4775 -0.553999 0.00918512 -4449.68 191.477
23 33.5253 1.22536 969.458 -261.396 26.1495 -1.08429 0.0172176 -5238.61 219.2
24 52.8134 1.39974 454.731 -115.128 11.6121 -0.464673 0.0076459 -4131.01 179.578
25 57.6307 1.08697 652.242 -167.132 16.5307 -0.661138 0.0104423 -2601.9 123.103
26 64.6842 0.841854 311.923 -84.9556 9.52024 -0.404768 0.00706887 -4069.43 176.274
27 73.3072 0.904827 768.572 -192.957 18.969 -0.762259 0.0120528 -6311.55 259.009
28 63.3259 0.859103 415.352 -109.702 11.6755 -0.488379 0.00828384 -3882.71 168.473
29 66.0084 1.04466 586.896 -148.931 14.8825 -0.594631 0.00944419 -5163.8 218.078
30 67.5409 1.2094 775.775 -203.577 20.7398 -0.865336 0.0139806 -3078.69 143.272
31 61.0613 1.17211 989.889 -253.195 24.4893 -0.974863 0.0149319 -4912.95 207.93
32 27.1653 1.52698 386.18 -102.894 10.3136 -0.399473 0.00646502 -5526.03 229.824
33 16.6906 1.06141 232.2 -67.8835 7.25978 -0.294808 0.00532171 -4155.4 187.076
34 28.4428 1.60563 549.923 -145.485 14.5334 -0.585229 0.009491 -4729.17 196.778
35 30.4928 1.17857 270.157 -78.0156 8.66601 -0.365887 0.00649355 -5601.11 230.347
36 20.8385 1.58402 229.649 -66.4712 7.22519 -0.291732 0.00514957 -4949.5 206.318
37 17.6158 1.29608 37.7667 -19.3068 3.07009 -0.140844 0.003285 -3690.78 162.91
38 33.9692 1.48547 536.757 -138.955 13.6024 -0.529114 0.00828943 -4229.93 179.854
39 22.9467 1.17189 660.446 -175.424 17.0609 -0.668905 0.0103531 -4614.4 195.145
40 39.0816 1.43898 299.441 -82.8415 9.16989 -0.39344 0.00703858 -5740.02 236.39
41 41.9588 1.57037 436.562 -114.574 11.7973 -0.47904 0.00795347 -7101.01 281.095
42 31.3127 1.46909 705.251 -186.418 18.4337 -0.741955 0.0117235 -4808.66 204.109
43 1.63003 8.30071 649.652 -140.223 12.8602 -0.521261 0.0101799 -6310.02 282.812
44 19.6929 0.961797 279.839 -76.1073 7.3184 -0.26638 0.00435227 -6076.84 244.339
45 46.6739 1.25253 698.953 -184.283 18.4581 -0.751448 0.0120155 -3928.47 171.808
46 21.0696 1.16189 428.23 -125.364 13.3553 -0.561127 0.00936185 -4062.01 177.102
47 41.7815 1.19729 52.536 -14.9225 2.25928 -0.0881591 0.00210812 -4189.91 178.325
48 31.4944 1.38058 751.73 -194.08 18.678 -0.733968 0.0113166 -4358.46 184.805
49 -10.4509 10.7773 1525.86 -374.341 34.318 -1.26543 0.0167963 -253.215 26.8864
50 30.411 1.15755 344.087 -97.0932 10.3387 -0.430161 0.00745132 -5926.25 241.42
51 59.685 1.12081 621.848 -167.197 17.451 -0.736865 0.0121347 -4285.47 186.809
52 33.4056 1.35946 430.447 -114.816 11.5829 -0.458526 0.00744101 -4800.35 201.591
53 19.0496 0.638258 294.052 -83.905 8.51032 -0.330614 0.00554333 -7431.47 295.953
54 24.4927 1.12195 428.235 -117.716 11.893 -0.473375 0.00770104 -4946.97 205.246
55 20.6624 1.38025 380.854 -106.271 10.9509 -0.442591 0.00733892 -5956.11 240.557
56 28.0224 1.16134 256.719 -76.243 8.38929 -0.347819 0.00601021 -1881.9 93.3517
57 18.628 1.04613 539.672 -150.679 15.2747 -0.622859 0.0101065 -4548.75 191.238
58 51.9286 1.20501 459.929 -115.926 11.4716 -0.446895 0.00718708 -3226.54 145.142
59 19.2295 0.753706 586.485 -160.001 15.8168 -0.632545 0.0100567 -4756.55 199.512
60 36.9775 -0.999556 448.461 -114.308 10.4437 -0.385452 0.00615638 -5566.47 228.25
61 18.8078 0.928382 5.50701 -12.0169 2.19276 -0.0926327 0.00227405 -1191.69 71.1283
62 28.1551 1.36883 677.892 -187.8 19.1504 -0.792725 0.012759 -7462.84 294.425
63 37.5675 -1.27689 749.017 -198.269 18.9562 -0.752398 0.0118381 -4146.42 177.567
64 99.8174 1.89187 707.459 -166.808 16.3819 -0.647911 0.010189 -3761.02 168.503
65 67.3655 1.59424 142.882 -34.1066 4.45803 -0.190169 0.00388157 -4771.2 203.86
66 89.4364 2.10157 130.771 -16.6807 2.03046 -0.0580311 0.00142799 -4718.59 202.854
67 55.0338 2.12935 145.958 -36.5536 4.71059 -0.206903 0.00427383 -8320.21 323.505
68 64.6317 1.824 -128.604 42.9387 -3.49763 0.156782 -0.00152316 -3482.93 155.3
69 68.4194 1.51055 496.197 -117.349 11.3426 -0.431504 0.00690828 -4811.81 202.17
70 85.2018 1.50645 370.121 -85.761 9.00615 -0.361395 0.0062453 -3244.99 149.255
71 81.5045 1.39276 496.067 -118.668 11.9321 -0.469017 0.00758058 -5949.35 247.313
72 64.1606 1.69348 491.201 -125.742 13.0933 -0.539032 0.00895602 -4285.7 186.332
73 95.1294 1.64375 235.048 -47.6971 5.44386 -0.219746 0.00412036 -4233.79 183.592
74 82.1391 1.34023 274.955 -67.5716 7.74331 -0.326126 0.00586433 -3656.38 162.666
75 39.8452 1.6366 50.1661 -14.4189 2.35397 -0.0985916 0.00251994 -3278.24 148.858
76 80.4661 1.30208 56.6612 -11.1465 2.37801 -0.108784 0.00270478 -4913.87 209.315
77 60.7621 0.993392 291.921 -76.6084 8.32067 -0.336754 0.00579091 -3607.12 156.459
78 49.7485 1.44557 506.002 -133.667 13.6195 -0.548366 0.00887757 -4859.84 204.566
79 60.2667 1.87442 343.157 -85.0676 8.88211 -0.354037 0.00604271 -6158.08 251.602
80 62.8804 1.30995 644.3 -164.301 16.1926 -0.637688 0.00991962 -4282.2 182.51
81 87.3283 1.44071 485.522 -115.521 11.6127 -0.454377 0.00727009 -3027.96 138.479
82 75.9561 1.37036 334.779 -81.5484 8.76337 -0.358605 0.00629222 -4412.16 191.306
83 73.6493 1.4488 89.6005 -22.0641 3.41494 -0.148039 0.00317756 -3424.42 152.58
84 78.3599 1.05809 540.742 -132.663 13.3789 -0.538496 0.00880482 -4933.73 208.974
85 84.6086 1.42404 597.484 -148.571 15.1468 -0.618066 0.0100284 -4314.83 186.906
86 77.8031 1.41401 340.901 -83.4911 8.96572 -0.363629 0.00623442 -4098.02 179.356
87 71.9921 1.10042 323.767 -83.1107 9.00764 -0.363728 0.00614773 -5299.58 219.904
88 55.4561 1.2352 200.638 -52.3131 5.90553 -0.234861 0.00430274 -3262.86 148.525
89 96.468 1.41769 47.49 -7.07275 2.23055 -0.110995 0.00285988 -5479.83 232.096
90 95.8453 1.07122 168.414 -40.6938 5.46142 -0.240867 0.00469997 -3021.46 141.463
91 58.9762 1.51068 662.969 -170.159 16.9609 -0.679973 0.0106943 -4589.81 193.875
92 79.131 0.830784 204.423 -52.6053 6.29039 -0.265077 0.00493083 -3337.84 152.032
93 84.8863 1.42998 341.659 -91.5514 10.6006 -0.460073 0.00802226 -5349.97 225.035
94 88.4636 1.49629 639.515 -163.002 17.0598 -0.721214 0.0120114 -5040.98 215.985
95 120.221 -3.22921 633.655 -163.522 17.0138 -0.725303 0.0116487 -5040.98 215.985
