0 53.1226 2.33222 -227.421 74.1045 -7.23671 0.35517 -0.00496774 -1561.29 88.497
1 18.9492 1.25218 -378.408 100.593 -9.56067 0.441308 -0.00603518 -1802.39 96.7968
2 52.8634 1.42257 -251.568 74.0754 -6.80021 0.317303 -0.0040655 -1825.4 99.4496
3 53.1414 1.46619 -251.568 74.0754 -6.80021 0.317303 -0.0040655 -1825.4 99.4496
4 50.5272 1.14947 -534.473 138.537 -12.1415 0.50833 -0.00662176 -1954.02 102.232
5 22.7633 1.42739 -476.257 117.722 -10.3167 0.437574 -0.00556866 -1377.27 79.7882
6 50.9589 0.973945 -243.599 73.1822 -7.2337 0.364199 -0.00508344 -2404.94 122.02
7 17.6801 1.07133 -435.917 116.052 -11.429 0.538784 -0.00763425 -2160.05 112.442
32 75.902 2.33443 143.59 -9.52938 -0.00181361 0.0962647 -0.00155849 -1585.39 93.8425
33 54.2792 2.75207 -103.594 47.5195 -5.28812 0.301562 -0.00426761 -2119.91 114.574
34 73.4775 2.18302 270.531 -44.6632 3.34404 -0.041085 0.000536733 -1648.72 96.6012
35 67.0667 2.07387 -397.394 117.18 -10.7171 0.475237 -0.00638397 -1877.11 102.105
36 59.3818 2.01651 -366.046 113.128 -10.8286 0.496448 -0.00691765 -1853.72 99.6683
37 91.8121 1.70431 18.6227 17.1091 -1.78806 0.140392 -0.00198051 -1915.64 102.381
38 70.5665 1.56641 -42.4721 22.4581 -1.64105 0.102942 -0.000988469 -1849.74 100.164
39 72.7999 1.9806 -42.4721 22.4581 -1.64105 0.102942 -0.000988469 -1849.74 100.164
