0 41.3247 1.64399 -25.0456 17.8677 -1.78029 0.0958081 -0.000951286 -725.522 47.9461
1 46.7134 1.50473 -6.3191 10.7314 -0.836416 0.0459927 -5.23337e-05 -2082.85 96.6447
2 50.8813 1.43968 -249.884 77.1015 -7.2547 0.3126 -0.00402561 -1409.01 72.9476
3 46.6472 1.52203 -266.544 80.1144 -7.20617 0.283482 -0.00300916 -2397.68 109.541
4 22.3232 1.60392 -154.167 41.3364 -3.39614 0.132139 -0.0010337 -1844.37 88.5215
5 24.5211 1.15998 69.5305 -17.4412 2.0965 -0.0857504 0.0020727 -1642.97 80.4705
6 37.1001 1.77336 -50.1975 20.8498 -1.74125 0.0788925 -0.000502483 -2016.67 93.0058
7 28.7795 1.56191 -51.4545 19.937 -1.77756 0.0835091 -0.000535607 -2822.11 122.387
8 52.4192 1.30531 -6.4534 16.9773 -1.92798 0.109817 -0.00124985 -2001.07 94.1872
9 19.0562 1.09433 -151.902 40.8356 -3.63639 0.154507 -0.00147556 -2720.63 121.825
10 60.4536 1.19512 -67.477 36.5666 -3.92142 0.191512 -0.0023626 -556.229 42.8175
11 18.7306 0.841843 -804.471 213.007 -19.9486 0.802557 -0.0105303 -694.037 48.6435
12 52.6764 1.36926 -71.5416 33.992 -3.55719 0.178685 -0.00233644 -3341.57 142.749
13 30.2928 1.18684 116.266 -23.4356 2.09849 -0.0634031 0.00143073 -2710.81 117.949
14 53.8285 1.32872 -40.0342 26.7127 -2.8432 0.140548 -0.00147295 -1603.95 80.8482
15 26.9055 1.58336 6.83497 5.60939 -0.668144 0.0500742 -0.000195984 327.974 10.1617
16 23.4737 0.952633 148.909 -30.4523 2.4159 -0.0644307 0.00131987 -2061.91 94.1078
17 28.8323 1.36226 -83.5732 26.9036 -2.34805 0.101302 -0.000796187 -2124.92 96.2637
18 39.1855 1.44285 -45.6267 23.5931 -2.51166 0.13123 -0.00148044 -2666.4 116.364
19 33.9128 1.10735 71.8729 -5.88125 -0.0368271 0.039147 -0.00018951 -738.804 50.063
20 28.0972 0.989176 383.85 -93.2421 8.64572 -0.330304 0.00545636 -3149.35 134.834
21 40.0341 1.18808 366.139 -82.4621 7.24904 -0.250832 0.0037741 -4164.39 164.733
22 64.2309 0.864035 235.764 -37.4878 2.46091 -0.0367726 0.000423667 -851.931 51.9278
23 47.2098 1.38352 -118.567 42.6886 -4.02109 0.172743 -0.00173428 -1387.71 72.1844
24 22.8352 1.21232 355.515 -79.1 6.41278 -0.19572 0.00269177 -1074.17 58.7082
25 42.713 1.07778 402.457 -91.4641 8.18739 -0.300687 0.00486678 -3432.45 142.871
26 20.854 1.3871 140.796 -33.027 3.17083 -0.113002 0.00221746 -1711.03 81.9366
27 18.9589 0.600564 133.077 -26.468 1.75558 -0.022889 0.000443624 -2705.64 114.448
28 28.2417 1.09464 122.347 -22.9836 1.8646 -0.0508728 0.0012774 -2705.64 114.448
29 42.5232 0.8863 102.032 -12.9726 0.699035 0.00568643 0.000389557 -1188.37 66.4158
30 52.8626 1.04669 482.774 -110.802 9.95201 -0.35619 0.00517582 -972.175 55.642
31 28.7083 0.981663 382.551 -90.6939 8.15698 -0.298927 0.00479379 -2228.79 101.416
32 48.4627 1.58401 -126.511 44.3772 -4.09416 0.182602 -0.00211423 -1840 88.0375
33 46.8535 1.54705 235.95 -55.2896 5.81358 -0.241368 0.0044471 -2832.39 124.718
34 60.1165 0.93969 -61.3809 21.9708 -1.32645 0.0454703 0.000264877 -1434.41 75.6943
35 72.1776 0.546342 11.3617 7.81582 -0.152666 -0.000213505 0.000948632 -3812.32 157.371
36 36.3714 1.48278 6.50408 4.65278 -0.216216 0.0184648 0.000384318 -1943.64 91.6784
37 54.6937 1.75341 -155.258 52.9308 -4.70119 0.195341 -0.00212978 -1940.08 91.5727
38 41.6476 1.62862 -189.459 63.7392 -6.33544 0.284974 -0.00375248 -2476.26 109.718
39 40.8411 1.69605 185.421 -41.6148 4.27573 -0.163621 0.0030025 -1779.78 86.1671
40 55.0364 1.3724 97.4215 -12.2275 1.06911 -0.0196585 0.000765146 -1163.26 64.301
41 41.7011 1.4504 165.532 -40.0617 4.366 -0.175515 0.00329811 -2008.27 94.5459
42 56.0096 1.12796 232.296 -45.7216 4.08859 -0.13579 0.00236749 -648.67 46.1653
43 53.937 1.30419 -204.597 64.7035 -5.91363 0.244731 -0.00270466 -3041 131.818
44 65.4603 1.51289 -17.4091 19.7548 -1.80814 0.0924968 -0.000897539 -2317.28 103.649
45 18.4804 1.29908 -253.596 72.0638 -6.98507 0.308329 -0.00404242 -2435.68 106.955
46 53.5878 1.02466 132.799 -23.6599 2.25237 -0.0694191 0.00149464 -2715.66 118.136
47 83.0836 0.998627 163.775 -23.3028 2.18589 -0.0721671 0.0016454 -1054.84 61.2263
48 63.9586 1.35943 103.59 -7.334 0.202326 0.030975 -0.000161 -1898.92 90.5697
49 68.436 1.10731 94.264 -6.20024 0.25625 0.0212529 0.000109229 -1251.88 68.1982
50 47.5125 1.1333 129.687 -24.3672 2.36145 -0.0797539 0.00176774 -2657.51 117.063
51 47.9413 0.851581 161.397 -27.9011 2.1706 -0.0530342 0.001126 -1416.58 72.5233
52 66.493 1.33378 211.894 -37.5465 3.30278 -0.103348 0.00184894 -1528.75 77.1853
53 44.2661 1.46032 -250.321 77.874 -7.54577 0.329862 -0.00427702 -1759.48 85.4485
54 77.4383 1.10109 525.965 -115.836 10.5628 -0.394666 0.00609125 -431.998 39.3253
55 56.7788 1.72796 218.666 -50.7975 5.68908 -0.249305 0.00475148 -2825.82 125.591
56 66.8344 0.902137 119.499 -12.8422 0.84043 -1.21911e-05 0.000320933 -1018.46 58.2659
57 47.5084 0.894929 555.262 -129.112 11.4302 -0.408562 0.00590151 -2236.4 99.0303
58 82.7523 1.05803 403.601 -80.4617 6.92157 -0.230791 0.0034299 -1031.47 59.2041
59 42.9812 1.10654 344.07 -78.0064 7.06876 -0.25689 0.00418168 -2686.14 117.557
60 19.2208 0.659215 337.022 -80.4279 6.98427 -0.243011 0.00388991 -2148.5 98.0538
61 48.0334 1.44882 66.653 -3.85172 0.174654 0.0178693 0.000195516 -1846.98 88.3074
62 67.3373 0.977756 122.932 -15.6497 1.30695 -0.0262086 0.000799001 -1091 61.0589
63 49.2403 1.10307 97.8495 -21.3127 2.76224 -0.125774 0.00258946 -1974.93 88.2099
64 89.9312 0.981143 39.4263 8.22151 -0.372836 0.0127915 0.0006341 -1780.51 85.9363
65 74.0804 1.07751 -88.9425 40.1082 -3.54882 0.146328 -0.00135768 -1794.7 86.5446
66 48.8807 0.928357 -16.922 13.5448 -0.997353 0.0424687 0.000153451 -3804.38 155.755
67 83.2855 1.13744 -57.0639 32.5743 -2.68235 0.106348 -0.000719073 -2520.08 112.432
68 59.8065 0.891857 182.478 -32.6084 2.96734 -0.102986 0.00214343 91.9527 17.9717
69 75.0952 1.06731 116.844 -13.7024 1.4954 -0.0561802 0.0015576 -793.96 52.5814
70 69.1044 0.924402 32.1946 5.41231 -0.286572 0.0200663 0.000339734 -1173.84 63.7899
71 103.575 0.719154 281.788 -47.5831 4.34461 -0.154536 0.00269725 -1490.94 75.4777
72 101.631 0.60353 64.8224 9.3541 -1.13543 0.0752227 -0.000809123 -1985.09 93.5589
73 72.5997 0.888257 259.338 -48.8729 4.4789 -0.163175 0.00291071 -845.682 50.3699
74 78.9743 0.909688 136.833 -12.7546 0.72538 0.00704307 0.000142577 -581.239 41.0301
75 61.5254 0.755444 90.1039 -9.24966 0.891536 -0.0259925 0.00106143 -880.016 52.5426
76 54.0648 1.15683 -3.20159 11.9766 -0.981884 0.0501741 -9.83305e-05 -2416.35 107.325
77 65.6388 0.91302 207.683 -39.0911 3.66319 -0.131099 0.00247417 -731.001 48.4768
78 51.8874 0.900564 -93.0874 43.0712 -4.82209 0.24357 -0.00354199 -281.58 28.2604
79 77.6317 0.611586 489.197 -104.887 9.39282 -0.350217 0.0055945 -2224.21 103.123
80 66.6605 1.00221 583.19 -144.413 14.4717 -0.60618 0.00992116 -1139.44 65.6489
81 76.6827 0.90769 195.172 -29.8501 2.46228 -0.0685418 0.00129898 -1953.23 90.4295
82 82.809 0.665893 231.686 -33.3177 2.27258 -0.0415303 0.000675721 -1284.85 66.6103
83 93.9853 0.743682 223.15 -25.5863 1.28006 0.0103632 -0.000247631 -2107.22 96.1951
84 75.8362 0.949501 155.948 -19.9675 1.56597 -0.0326014 0.000790387 -1619.44 79.6004
85 79.0114 0.580568 460.551 -97.1985 8.55205 -0.302417 0.00457204 -1730.56 83.9911
86 65.6619 0.71191 344.741 -74.4588 6.99004 -0.270481 0.00464649 -1094.63 62.4642
87 86.4084 0.934721 134.335 -11.3297 0.75818 -0.00552111 0.000605452 -1375.26 72.8915
88 71.6932 0.82072 248.626 -42.6564 3.47509 -0.105782 0.00193322 -1093.94 62.5086
89 42.8325 0.989471 247.188 -55.5199 5.27426 -0.199386 0.00353527 -1625.63 80.5334
90 77.782 0.592987 304.864 -58.3244 5.0806 -0.17205 0.00282258 -1624.91 80.5574
91 67.1384 0.776867 161.981 -27.6764 2.67115 -0.0942177 0.00185575 -2306.16 102.303
92 72.8772 0.932103 57.788 7.64879 -1.38757 0.103176 -0.00141396 -1462.54 72.2423
93 88.0757 0.675431 596.061 -132.088 12.1492 -0.464422 0.00715959 -2743.28 119.976
94 54.4859 0.839012 526.379 -117.4 10.2117 -0.361828 0.00537812 -344.223 32.7786
95 81.4068 0.799974 242.841 -36.8384 2.62584 -0.0529145 0.000746221 -2916.17 123.098
