0 22.4654 0.174687 17.8736 -16.5289 2.53736 -0.104062 0.00239353 -2571.74 117.855
1 18.503 0.74152 104.669 -38.4775 4.58569 -0.185883 0.00351759 -2880.29 129.292
2 51.5971 1.42261 147.076 -30.6764 3.1796 -0.10129 0.00194926 -2360.33 112.312
3 20.1227 1.1758 -476.019 113.874 -9.5173 0.372476 -0.00442458 -2775.51 126.509
4 36.1802 1.49899 -341.309 86.2267 -7.20688 0.289789 -0.00331646 -3184.93 142.073
5 25.6263 1.20983 308.01 -84.0561 8.56851 -0.329888 0.00533941 -3824.01 162.42
6 19.8257 1.03699 -158.147 30.4702 -1.83722 0.0757388 -0.000354225 -2928.45 130.463
7 25.951 1.22353 -276.382 60.4983 -4.21881 0.14444 -0.000836071 -3220.31 139.677
8 61.9926 1.14944 -199.788 54.15 -4.215 0.174662 -0.00178679 -2404.83 113.131
9 61.291 1.76201 -97.3712 31.8806 -2.33364 0.106462 -0.000926251 -3529.85 154.376
10 28.6887 0.974972 -41.1343 0.895214 1.06735 -0.049151 0.00158902 -2365.38 110.576
11 31.7657 0.803821 -14.605 -2.33069 1.14895 -0.0457004 0.00144373 -2636.8 119.435
12 52.068 1.52017 254.991 -65.1286 6.95216 -0.270207 0.00450738 -1783.82 90.1999
13 19.0303 0.757568 -281.894 61.1984 -4.58153 0.174977 -0.00159932 -3319.91 142.312
14 22.8255 1.1698 -192.406 45.638 -3.61786 0.152771 -0.00145751 -3729.84 153.728
15 43.7772 1.13835 95.9203 -26.7925 3.3374 -0.12723 0.00251702 -1808.08 90.4237
16 28.2048 1.11002 -125.8 24.9767 -1.41227 0.0609417 -0.000168526 -1539.24 80.1863
17 58.5362 0.612833 435.949 -118.271 12.4328 -0.513355 0.00842129 -2839.74 129.154
18 18.876 0.784697 306.948 -88.0454 9.13875 -0.366552 0.00610551 -1855.79 91.9376
19 30.0056 1.05736 65.7636 -23.4393 3.04418 -0.117173 0.00245525 -3033.38 134.551
20 56.7239 1.01377 70.9847 -21.4973 3.08228 -0.121283 0.00243585 -3469.93 150.775
21 25.9087 0.906832 387.602 -113.441 11.9961 -0.49878 0.0083151 -2382.15 112.318
22 23.7058 1.36743 388.989 -103.396 10.1083 -0.383028 0.00603017 -2394.34 111.66
23 25.7529 0.680561 128.994 -41.7947 4.64684 -0.174585 0.0031299 -2093.96 99.7165
24 52.7661 0.561101 67.4047 -17.7565 2.26182 -0.0743482 0.00162271 -2579.56 116.897
25 23.4663 1.38667 -38.8089 3.41948 0.49404 -0.0122689 0.000821218 -1740.03 86.4518
26 21.1023 0.564123 95.826 -37.2261 4.56889 -0.187416 0.00358779 -2397.16 111.265
27 60.754 1.21726 -57.8607 15.7293 -0.473629 0.0188263 0.000554746 -1930.38 96.5311
28 34.0774 0.513972 -34.1214 3.89238 0.336879 -0.00126508 0.000652866 -4400.39 181.357
29 38.474 0.948817 354.214 -96.0284 9.80283 -0.38567 0.00630062 -2949.19 131.599
30 24.1117 0.563742 154.298 -49.9484 5.64236 -0.225073 0.00402627 -3520.87 152.999
31 32.3419 0.801059 -41.7571 2.4527 0.801731 -0.0342272 0.00134339 -2018.62 98.8772
32 64.8143 0.819804 -110.555 25.4334 -0.922094 0.0198486 0.000704489 -2225.34 106.404
33 76.5627 1.146 -133.831 41.6199 -2.88209 0.114659 -0.000884702 -2497.49 115.924
34 62.4204 1.10534 -455.776 116.247 -9.48406 0.361317 -0.00412118 -1811.59 92.3317
35 69.4523 1.50192 486.759 -124.638 13.0412 -0.538965 0.00879501 -3321.32 146.021
36 94.2475 1.25124 -165.964 53.0438 -3.80906 0.144948 -0.00119573 -2363.58 112.778
37 68.1615 1.63541 5.09304 3.47617 0.80834 -0.040994 0.00147394 -4638.59 189.757
38 35.4735 0.588293 328.508 -91.5792 9.76825 -0.405595 0.00686608 -4351.25 178.234
39 67.9332 1.36756 205.501 -47.7819 5.4698 -0.222897 0.00415439 -2508.43 118.418
40 78.9592 0.7412 -212.922 58.0113 -4.23749 0.161382 -0.00142846 -1637.27 85.7545
41 86.6491 1.14608 -197.902 57.696 -4.22684 0.164958 -0.00158064 -2509.6 117.644
42 32.5576 1.07828 -236.884 47.4162 -2.69469 0.0785197 8.18977e-05 -2233.03 107.603
43 52.0182 1.42514 -60.1143 14.1555 -0.132662 -0.00434723 0.000979919 -3142.2 138.687
44 72.1206 0.996969 -33.7039 13.1045 -0.148772 0.000299494 0.000877057 -3310.09 144.922
45 54.9271 1.01063 159.308 -33.2871 3.36204 -0.107044 0.00191851 -2600.54 116.969
46 70.7735 1.33011 -166.442 49.2192 -3.63946 0.143464 -0.00129327 -3434.66 148.275
47 83.6225 0.873865 -88.7107 30.8438 -1.95742 0.0757066 -0.000275562 -2967.51 130.899
48 56.291 1.00386 53.1476 -12.8518 2.09684 -0.0794098 0.00180373 -3320.19 144.923
49 67.2611 3.89217 4515.15 -1089.65 94.6794 -3.38373 0.0451094 -3905.82 199.889
50 72.1504 0.760286 61.4438 -10.57 1.6632 -0.0511388 0.00128067 -1918.79 94.5462
51 51.3387 4.47889 3677.16 -891.142 77.9084 -2.79508 0.0379502 -4913.85 238.864
52 50.0334 1.04489 86.9398 -19.7078 2.44774 -0.085381 0.00174631 -1703.37 84.3635
53 69.5763 0.933707 -167.432 39.9145 -2.24613 0.0764386 -0.000229278 -2953.07 132.441
54 64.1188 0.837506 -18.6856 7.75013 0.0515381 0.00977645 0.000401779 -1862.46 91.3239
55 44.115 0.848612 -33.213 2.54674 0.888037 -0.0405521 0.00141489 -3030.08 132.938
56 72.2344 0.887402 162.138 -35.8478 4.08355 -0.154637 0.00285604 -2593.41 118.023
57 43.4106 0.581684 106.911 -32.6728 4.08705 -0.165257 0.00317406 -3257.77 140.627
58 81.4938 0.936971 21.6109 -1.87398 1.3532 -0.0592063 0.00163058 -2666.67 121.936
59 54.1262 0.626764 -331.021 82.5627 -6.69301 0.266562 -0.0030538 -937.675 59.0483
60 71.2653 0.600646 214.438 -51.4371 5.56402 -0.210942 0.00359043 -4196 172.435
61 66.7486 1.03784 27.8422 -0.841594 0.601496 -0.00468318 0.000523739 -1971.87 94.9239
62 50.8066 0.737111 -434.441 105.821 -8.49827 0.323504 -0.00365335 -4693.13 192.705
63 81.6229 1.00574 323.371 -78.9706 8.53613 -0.3495 0.0059074 -2290.12 109.847
64 53.4671 0.890513 242.173 -67.0974 7.72038 -0.329923 0.00584227 -2450.01 115.343
65 86.1698 0.602141 -60.0597 17.264 -0.128845 -0.0161284 0.00129659 -2823.43 128.449
66 49.5405 0.738555 -170.543 42.3661 -2.91465 0.112362 -0.000753014 -1106.12 65.8326
67 76.8067 1.23356 -245.606 71.9488 -5.82473 0.233544 -0.0025656 -2698.85 120.65
68 91.9491 0.821992 -384.051 107.302 -8.92897 0.352637 -0.00422507 -1605.8 85.3207
69 76.4484 0.980333 -191.014 55.5205 -4.14681 0.160239 -0.00147203 -3557.28 152.072
70 72.6694 0.854839 -86.0192 26.8819 -1.40223 0.0470227 0.000234041 -4220.23 173.178
71 90.8243 1.03211 -322.713 91.8951 -7.41391 0.284156 -0.00313713 -1407.88 76.6525
72 73.7579 1.10335 487.205 -121.517 12.3906 -0.49611 0.00787933 -2323.68 110.777
73 83.3854 0.943476 -90.4279 31.3932 -1.98573 0.0796999 -0.000404418 -1484.29 79.1373
74 70.3795 1.07678 122.612 -25.4768 3.26145 -0.129218 0.00261584 -1528.12 81.6212
75 76.5599 1.13006 167.17 -34.1986 4.05584 -0.162971 0.00319306 -2323.14 110.998
76 88.6284 0.877463 -74.3022 30.4586 -2.43541 0.129401 -0.00166796 -2683.84 124.783
77 64.1857 1.12753 174.365 -41.7774 4.84604 -0.195319 0.00362057 -2895.31 130.36
78 76.2367 1.17333 299.372 -66.9265 6.90746 -0.268385 0.00456309 -4522.48 185.871
79 40.0978 0.739223 132.472 -40.1435 4.76599 -0.189837 0.00346421 -2467.75 112.857
80 70.7939 0.92942 314.573 -74.7918 7.59767 -0.290776 0.00476279 -1655.82 85.0937
81 89.33 0.600259 559.135 -132.855 12.9326 -0.500912 0.00774718 -2841.22 128.434
82 66.2554 1.12305 199.905 -46.7037 5.12421 -0.1986 0.00354696 -2755.96 125.105
83 76.3807 0.860588 -176.415 51.6148 -4.01611 0.16658 -0.00174747 -1728.38 86.706
84 77.3142 1.6237 -130.352 45.8792 -3.80962 0.174242 -0.00214415 -6379.94 242.701
85 65.2216 0.911402 -4.2613 6.24798 0.143276 0.00213207 0.000611363 -2783.33 123.944
86 69.2696 1.0132 85.0369 -14.5455 1.90755 -0.0578903 0.00134302 -2824.69 126.193
87 78.8846 1.00836 208.324 -45.0303 4.87555 -0.18205 0.0032328 -2638.84 121.303
88 87.4809 1.20533 222.982 -45.5316 4.8723 -0.178875 0.00313485 -3427.49 150.602
89 72.4741 0.828894 148.734 -33.101 3.92461 -0.157971 0.00323476 -3274.73 144.855
90 55.1088 1.35185 198.453 -48.0345 5.06107 -0.181264 0.00308683 -4805.73 195.533
91 63.0993 1.6433 192.213 -44.3165 5.01159 -0.199896 0.00367444 -2703.92 124.36
92 73.8364 0.952657 149.098 -32.3626 3.72438 -0.136029 0.0025477 -2558.18 117.736
93 73.2085 1.04063 -50.9139 18.0454 -0.859434 0.0406362 0.000121212 -1363.7 75.4966
94 94.4204 1.56273 178.163 -30.6491 3.48139 -0.128082 0.00254156 -3723.26 163.16
95 87.4536 0.615254 178.163 -30.6491 3.48139 -0.128082 0.00254156 -3723.26 163.16
