0 66.8436 1.14641 -114.811 33.1502 -1.88409 0.0575835 0.000489555 -3311.62 150.009
1 80.2484 1.33442 228.898 -52.5315 6.12528 -0.257774 0.00486421 -3824.67 168.205
2 60.3852 1.30897 199.899 -50.633 6.08138 -0.265545 0.00516925 -2565.53 124.337
3 76.9029 1.19222 162.836 -34.5866 4.30904 -0.179721 0.00362371 -2599.69 124.877
4 74.2344 1.72 145.179 -32.051 4.30264 -0.191276 0.00394743 -2348.69 114.717
5 88.3754 0.819001 324.861 -75.7998 8.27362 -0.342757 0.0060669 -4029.19 176.911
6 106.702 1.1289 234.293 -53.6366 6.79783 -0.307399 0.00587556 -3248.98 148.938
7 91.9658 1.31706 399.665 -92.6091 9.89732 -0.415887 0.00737059 -5500.81 229.99
8 107.8 1.18464 412.093 -93.3021 9.93021 -0.410562 0.00708198 -2925.93 137.893
9 93.7916 1.28041 299.034 -64.5057 6.95156 -0.278285 0.00498462 -5110.96 218.136
10 73.721 1.38724 451.244 -114.264 12.1935 -0.515116 0.00881015 -2822.31 134.579
11 96.2964 1.4232 117.919 -16.4562 2.40038 -0.0939059 0.00227982 -4173.67 181.333
12 91.2713 1.02463 253.847 -61.4134 7.33335 -0.323773 0.00606285 -3712.38 166.05
13 121.811 1.19572 290.486 -53.5193 5.70048 -0.219966 0.00401694 -4854.68 207.419
14 86.9506 1.06096 47.3296 -12.5689 3.03304 -0.157139 0.00367169 -2356.81 115.652
15 83.5091 1.15871 384.855 -90.3526 9.44264 -0.382251 0.00651249 -3364.47 152.724
16 91.7156 1.11413 367.416 -87.8163 9.48 -0.391216 0.00671053 -3833.14 169.504
17 104.697 1.25586 43.2015 -1.21398 1.48416 -0.0754964 0.00220366 -2239.07 111.059
18 79.385 1.10908 -24.01 8.7233 0.510578 -0.0323485 0.00153526 -4285.57 185.897
19 65.5763 1.25504 343.418 -90.1615 9.98085 -0.427481 0.00749623 -4686.3 199.19
20 79.2348 1.2989 349.413 -83.8524 8.9453 -0.367093 0.00634076 -3067.45 139.615
21 88.8289 0.860423 766.863 -195.041 19.7413 -0.812411 0.0129452 -3839.51 169.573
22 81.4347 1.2981 334.825 -77.1093 8.0391 -0.320559 0.00558962 -3047.18 140.013
23 69.6327 0.853767 -94.5978 29.7492 -1.94032 0.0808599 -0.000364076 -2436.92 115.528
24 104.939 1.36779 187.521 -36.1169 4.55171 -0.19296 0.0038742 -2334.9 115.438
25 85.4182 1.29856 122.174 -22.9117 3.20084 -0.134006 0.00294347 -3670.59 163.679
26 81.0376 0.820781 493.134 -131.719 14.2733 -0.609218 0.0102188 -5526.78 227.966
27 91.7591 1.11515 -196.335 60.4429 -4.61336 0.179647 -0.00156732 -3645.73 163.14
28 64.4836 0.859707 222.105 -58.0671 6.61317 -0.272652 0.00491433 -4725 200.758
29 84.1701 0.989366 215.831 -54.934 6.64463 -0.28397 0.0051796 -3788.33 166.228
30 94.0747 0.903221 864.486 -219.839 22.1781 -0.91647 0.0146121 -5301.68 224.692
31 77.4186 0.964424 158.466 -40.6432 5.23488 -0.226742 0.00439475 -4255.83 181.411
32 71.6338 1.40075 119.407 -35.3727 5.24343 -0.246251 0.00491203 -3917.51 172.323
33 84.4096 1.54004 18.4933 0.189586 1.34987 -0.0710705 0.00212695 -2825.39 130.909
34 67.4928 0.89495 -73.2315 19.1363 -0.414039 -0.000602184 0.00110763 -1651.45 88.0844
35 50.2464 1.56512 -148.244 37.0603 -2.28283 0.0816892 -0.000223366 -2122.31 103.542
36 80.3633 1.22746 151.41 -35.9715 4.70252 -0.201432 0.00393292 -5393.05 222.367
37 51.6521 1.83806 -37.5443 13.3864 -0.306053 0.00878782 0.00071334 -4515.11 185.912
38 42.0444 1.43671 75.0899 -22.7744 3.21198 -0.13247 0.00279653 -1990.48 99.2326
39 78.0736 1.62766 -271.578 76.7925 -6.00588 0.232527 -0.00241403 -2044.74 101.84
40 74.6827 0.604088 603.66 -154.745 15.8268 -0.651742 0.0105625 -4561.25 191.06
41 56.6749 1.31679 -379.599 98.8918 -8.27554 0.333322 -0.00401529 -5851.17 236.157
42 69.1768 1.69886 235.201 -59.5927 6.96613 -0.296214 0.00537127 -3289.17 146.492
43 72.0882 1.38848 -120.098 30.7732 -1.35193 0.0299946 0.000769461 -2607.98 122.707
44 83.597 1.73545 191.919 -36.9443 4.09277 -0.151226 0.00282485 -2426.6 115.917
45 57.4394 1.51304 147.535 -35.0941 4.12336 -0.159356 0.00301219 -2409.14 113.73
46 94.4272 1.39558 120.292 -27.6912 4.15766 -0.18713 0.00379251 -3921.57 169.984
47 83.2282 1.57843 -149.26 47.7204 -3.5761 0.146859 -0.00136247 -4201.85 179.92
48 74.9635 0.757421 -105.229 25.8845 -1.0289 0.0262326 0.000624951 -2011.18 99.9209
49 56.5895 1.02231 -158.227 35.0536 -1.84993 0.0603693 7.2246e-05 -3315.12 144.036
50 65.6989 1.25745 -43.6831 11.2103 0.155838 -0.012988 0.00104882 -3114.77 139.316
51 72.5872 0.870124 382.8 -89.8344 8.80548 -0.330092 0.0053056 -1296.14 73.7964
52 63.8857 0.906398 57.2353 -17.8418 2.97842 -0.127253 0.00270462 -3955.21 170.583
53 59.2094 0.895256 -22.4773 5.3438 0.545466 -0.0243787 0.00124215 -2178.13 106.441
54 70.3177 1.30465 239.938 -58.8438 6.65341 -0.273516 0.00491052 -4263.67 182.293
55 82.8427 0.686342 80.0896 -18.272 3.13025 -0.146504 0.00330187 -3120.15 141.345
56 74.7101 0.87687 28.3448 -0.838059 0.821857 -0.02713 0.00120205 -2686.17 125.227
57 74.5319 1.03841 -131.522 35.9983 -2.11903 0.0752331 -0.00015543 -3220.3 142.722
58 82.1728 0.968723 -236.658 64.5685 -4.77566 0.177651 -0.00151171 -3044.84 137.219
59 84.7308 0.966605 141.673 -33.084 4.39313 -0.187415 0.00365646 -2058.35 102.188
60 50.8729 1.18407 -9.39349 3.8014 0.421612 -0.0107209 0.000935698 -1556.8 83.0523
61 77.2176 0.841998 300.03 -74.5054 8.00508 -0.321472 0.00548977 -3932.9 169.207
62 64.8929 1.16353 350.371 -84.263 8.37192 -0.309669 0.00479531 -2632.63 120.971
63 72.7764 0.712074 420.891 -107.896 11.2075 -0.453322 0.00735582 -2447.17 114.392
64 27.15 1.27883 142.081 -43.809 5.25902 -0.222131 0.00435518 -3523.4 156.04
65 21.8333 1.58157 -136.215 40.4088 -4.13697 0.22471 -0.00330071 -4124.29 175.445
66 33.2096 1.12384 862.731 -236.192 23.908 -0.992349 0.0157517 -2611.83 124.637
67 32.1543 1.1851 382.817 -101.072 10.0108 -0.380769 0.00603609 -3677.81 159.132
68 18.5144 0.779929 -263.394 58.6572 -4.3872 0.166206 -0.00128889 -3965.45 171.594
69 25.0909 1.16104 -172.301 40.6241 -3.13755 0.135044 -0.00115603 -2075.52 100.838
70 23.5168 0.748446 -102.351 13.1949 0.22156 -0.0289489 0.00162795 -4414.5 188.762
71 18.8976 0.973234 141.709 -44.7348 5.15974 -0.207892 0.00391135 -3749.37 160.047
72 19.3803 0.695146 -129.864 27.4407 -1.87562 0.0840564 -0.000362669 -3797.72 158.317
73 38.2701 0.945766 114.727 -29.2184 3.23043 -0.108894 0.002149 -2510.47 117.403
74 50.6356 1.14567 -276.801 73.0357 -6.02526 0.246495 -0.00272748 -1406.44 78.3311
75 36.3697 0.817604 485.85 -134.412 13.8715 -0.567252 0.00923528 -4685.36 197.832
76 35.7452 0.923943 183.924 -50.1593 5.38204 -0.198915 0.00342868 -2423.12 114.194
77 25.9189 0.984687 5.40362 -11.3539 2.37794 -0.112257 0.00275906 -3746.64 161.623
78 14.1998 1.17515 380.541 -108.226 10.9552 -0.435803 0.00717055 -3472.31 153.145
79 22.9362 0.859326 -46.7987 2.73101 0.781821 -0.0352649 0.00144404 -2920.85 132.323
80 29.6093 1.16217 -12.1425 3.69326 -0.122368 0.0352779 -3.45661e-05 -1952.16 96.038
81 44.4554 1.21434 209.558 -54.1395 5.65445 -0.205825 0.00346132 -2222.47 108.823
82 20.7459 0.825194 157.033 -49.8319 5.67272 -0.232556 0.00439474 -3827.82 163.67
83 23.9978 1.15182 -2.96888 -4.60421 1.17819 -0.0388041 0.00134498 -3296.96 144.088
84 36.9489 1.40231 -212.339 52.1162 -3.96982 0.158951 -0.00132808 -4987.94 205.311
85 20.1565 0.456579 270.14 -81.2706 8.43442 -0.328871 0.00550052 -5669.2 228.102
86 22.0737 1.48096 -19.523 -6.09361 1.76479 -0.0777553 0.00212742 -3371.17 149.105
87 41.491 1.11351 278.841 -73.3991 7.39488 -0.274618 0.00456665 -3799.11 163.92
88 19.9856 0.702027 26.1358 -20.0906 3.1216 -0.136803 0.00307819 -2851.12 128.738
89 41.2192 0.470434 -28.7106 5.41482 0.122932 0.0113853 0.000405254 -1214.86 69.6547
90 47.9073 1.40497 163.93 -46.3848 5.45997 -0.223202 0.00425115 -1825.3 97.3862
91 32.505 0.936248 139.422 -41.0753 4.6894 -0.181073 0.00342293 -1978.42 99.4131
92 33.8594 1.18817 400.808 -110.964 11.5313 -0.469282 0.00775383 -2657.91 123.517
93 19.1705 1.36563 18.5012 -7.70593 1.13071 -0.0232081 0.000966124 -1910.2 95.6617
94 27.8051 0.877505 -442.091 107.635 -9.25224 0.374763 -0.00445487 -1282.81 73.3203
95 27.8051 0.877505 -454.878 106.669 -9.32524 0.369248 -0.00487157 -1282.81 73.3203
