0 21.8135 1.77069 250.833 -64.7239 6.53762 -0.245946 0.00429812 -4169.65 176.341
1 26.1969 0.955829 -73.5965 9.21438 0.515269 -0.0420635 0.00192189 -4635.05 194.605
2 56.6228 0.554162 185.628 -36.6561 3.1136 -0.0641451 0.000863536 -3634.76 155.41
3 57.1326 1.10181 -387.053 98.7301 -8.01614 0.312908 -0.00351415 -2213.48 107.853
4 59.0862 0.794948 17.9345 -2.45733 1.15317 -0.0458385 0.00162765 -2755.49 129.151
5 49.7349 1.04075 200.477 -56.5325 6.60198 -0.275869 0.00509272 -3253.24 147.567
6 17.262 1.18008 153.052 -41.5536 4.23055 -0.142448 0.00255683 -2513.22 115.911
7 73.0957 1.49685 -265.052 76.1741 -6.18776 0.247134 -0.00262595 -3528.13 155.47
8 70.3982 1.31033 -318.213 87.0022 -7.13758 0.28624 -0.00325397 -2631.81 123.381
9 47.9758 0.675413 -184.098 42.3991 -2.82755 0.112053 -0.000750897 -5196.26 213.356
10 64.4163 1.43384 -102.569 30.8834 -2.0634 0.0902439 -0.000520839 -3441.82 151.134
11 38.7967 1.02915 -301.518 69.9336 -5.24711 0.201547 -0.0019579 -3903.59 166.328
12 33.3222 1.3119 -5.10109 4.49156 -0.253183 0.0432807 -0.000239797 -2091.23 100.359
13 41.5187 1.14564 -703.338 177.898 -15.72 0.639859 -0.00853285 -1293.08 73.1956
14 28.3618 1.23658 1484.17 -379.693 35.3067 -1.35766 0.0195701 -3677.75 158.114
15 31.9422 1.20994 -185.832 42.5657 -3.07588 0.126397 -0.000970286 -2968.14 132.971
16 23.7398 1.3832 -225.791 46.4519 -3.05542 0.114883 -0.000772814 -1874.17 93.1772
17 63.3273 0.984345 227.953 -58.2456 6.51705 -0.264682 0.0047915 -2630.36 123.684
18 60.2532 1.32635 90.0201 -18.6806 2.39908 -0.0806533 0.00185094 -2812.18 130.014
19 69.0489 1.51895 1.50447 9.49453 -0.560346 0.0513623 -0.000251517 -3517.35 152.057
20 80.5687 0.0019114 14.8089 -1.04276 1.08772 -0.0353434 0.00117993 -3487.8 152.681
21 42.6416 1.13784 -195.776 48.5861 -3.77632 0.164365 -0.00172985 -1321.61 73.9775
22 30.712 0.984358 120.918 -39.1785 4.61759 -0.179354 0.00334674 -4793.27 194.544
23 40.3334 1.09977 202.338 -55.7165 5.89618 -0.216169 0.003638 -2034.51 99.6701
24 39.6916 1.05254 -329.222 80.7605 -6.71879 0.278788 -0.00330962 -2949.33 134.205
25 45.9188 1.28825 457.685 -117.212 11.427 -0.428137 0.00650968 -1931.63 95.6454
26 38.7164 1.00189 329.345 -91.2244 9.51131 -0.37657 0.00618431 -1730.36 90.52
27 40.3446 1.27027 232.373 -64.0698 6.82608 -0.260695 0.00441273 -3329.81 147.175
28 29.4177 0.276739 4.91486 -11.554 2.03421 -0.0754584 0.00184081 -5078.48 207.757
29 48.7137 1.12936 114.715 -29.7747 3.62803 -0.14208 0.00294899 -2349.96 112.881
30 35.2 1.23449 97.5701 -29.3021 3.64736 -0.144751 0.00305064 -3562.22 157.076
31 51.0641 0.913452 1158.42 -314.012 31.4658 -1.2982 0.0199687 -7904.38 304.636
32 55.1226 1.11894 -86.4349 17.8228 -0.125152 -0.0167478 0.00139142 -3307.7 147.256
33 41.1328 0.645546 -483.991 120.265 -10.1879 0.406469 -0.005044 -2538.04 117.829
34 30.9661 1.38023 -221.777 50.7506 -3.59577 0.140372 -0.00119187 -4383.68 185.75
35 48.3717 0.730225 -22.2507 5.08191 0.493813 -0.0205405 0.00118406 -3855.67 165.78
36 56.0165 1.07003 -221.199 58.4122 -4.4349 0.172327 -0.00149756 -1815.88 93.9725
37 31.0158 0.821254 -521.833 129.963 -11.2175 0.450329 -0.00571997 -1393.61 74.1508
38 31.8833 0.92709 14.4429 -9.09996 1.82516 -0.0706066 0.00178014 -2702.22 123.634
39 43.2499 1.15751 0.231098 1.14969 0.702929 -0.0222942 0.00106588 -2508.14 117.615
40 49.2193 0.992942 -75.0834 14.7971 -0.0876084 -0.00628479 0.00101777 -3145.77 139.616
41 48.6209 0.833675 -81.3406 24.4046 -1.71899 0.0820816 -0.000502744 -2407.01 112.185
42 45.7063 0.768952 -146.875 32.3945 -1.71352 0.0543997 0.000283127 -4207.5 178.045
43 47.9978 0.695963 19.6583 -5.82335 1.48393 -0.0585775 0.0016299 -3061.7 135.876
44 41.4268 0.724406 -197.828 42.892 -2.58863 0.0854512 -0.00015249 -2627.81 122.271
45 24.6811 0.713518 -195.031 39.5436 -2.56803 0.100092 -0.000623599 -3220.01 141.5
46 22.753 0.771612 -159.131 31.235 -1.87478 0.0753813 -0.000304888 -2027.43 97.7717
47 58.6837 0.80473 -298.617 76.0782 -6.10386 0.24655 -0.00282362 -1565.35 81.8988
48 42.1944 0.898307 41.3613 -17.4611 2.8096 -0.116337 0.00249792 -2229.91 106.515
49 22.7846 0.330467 79.4126 -24.8345 2.68632 -0.0913157 0.0020357 -3247.09 142.241
50 54.0254 1.17774 82.1795 -20.3033 2.74956 -0.101071 0.00204306 -3229.91 142.833
51 41.5859 0.788772 -223.931 50.9892 -3.58244 0.139479 -0.001218 -3332.03 144.208
52 26.8059 0.753941 -173.574 36.3063 -2.45114 0.102978 -0.000819816 -2284.2 105.894
53 55.5262 1.29728 -549.254 140.35 -11.9524 0.469528 -0.00576773 -2009.73 100.528
54 50.5547 0.462301 128.401 -37.421 4.39162 -0.165109 0.00296096 -3140.83 140.233
55 41.3984 1.28674 -96.2567 24.0085 -1.52675 0.0722164 -0.000415028 -1735.03 87.3371
56 28.5145 0.779032 -101.247 17.5567 -0.746477 0.0375637 0.000109274 -2257.04 106.141
57 29.0452 1.08754 109.542 -36.9227 4.57019 -0.184967 0.00341287 -2068.59 99.4094
58 47.9588 0.682531 -364.648 85.2304 -6.45479 0.239391 -0.0023836 -4018.4 166.255
59 58.659 0.684686 60.0534 -16.5054 2.61033 -0.111717 0.00261145 -2845.9 130.635
60 26.8486 0.48877 237.697 -69.4615 7.36191 -0.290786 0.00495986 -2620.92 119.346
61 55.6648 0.885203 316.567 -81.1677 8.27384 -0.315775 0.00509448 -2012.09 98.4973
62 47.5366 0.930826 208.576 -48.4393 4.59975 -0.144401 0.00230581 -1968.31 96.269
63 32.2728 0.750704 146.696 -43.0265 4.6612 -0.167401 0.00290868 -2808.61 126.004
64 79.7755 1.01161 -31.2604 12.773 0.103543 -0.0222019 0.00150503 -2729.53 128.497
65 70.2087 1.03738 -16.8723 9.27799 0.120973 -0.00705965 0.00105083 -3735.69 160.988
66 88.7651 0.479404 -1.42035 14.3855 -0.917017 0.058947 -0.000250828 -3047.7 139.415
67 71.0981 1.11013 -25.1046 16.1177 -0.947269 0.0507303 2.534e-05 -2351.74 112.823
68 81.2941 1.2654 -140.997 49.0804 -4.10931 0.185709 -0.00209466 -1430.44 79.7397
69 65.5444 0.896365 -213.976 62.8566 -5.39207 0.233212 -0.00273151 -2525.88 117.977
70 91.5432 1.06694 280.85 -59.0378 6.19461 -0.237565 0.00414402 -2859.93 131.573
71 72.4674 2.10106 197.68 -35.3641 3.65436 -0.127797 0.00258625 -1854.53 97.1289
72 80.677 1.16589 -254.754 74.6463 -6.12667 0.247558 -0.00273684 -2757.42 127.295
73 73.584 1.17112 132.79 -21.0067 2.2821 -0.0676033 0.00151981 -3410.74 147.668
74 60.3088 1.33624 81.694 -16.2409 2.28915 -0.0882852 0.0021537 -3573.64 153.244
75 74.5725 1.01075 -211.928 56.1316 -3.89273 0.139939 -0.000904546 -3217.14 144.951
76 68.4599 1.44827 -231.574 64.166 -5.03163 0.20205 -0.00205263 -4669.77 197.83
77 94.7625 1.10324 -114.376 38.099 -2.54979 0.101815 -0.000599737 -1908.15 97.3272
78 67.1556 1.30314 487.273 -120.619 12.1495 -0.486926 0.00795531 -1976.57 101.153
79 55.852 1.43591 -57.3271 17.4521 -0.749746 0.0297724 0.00045397 -2827.26 128.131
80 69.5643 1.15488 208.518 -51.5132 5.87296 -0.237388 0.00428263 -3451.12 152.283
81 59.8149 0.992216 -491.567 142.711 -13.9211 0.620144 -0.00888732 -4093.52 171.151
82 80.3067 1.15243 144.477 -32.5927 4.11511 -0.168472 0.00334517 -2674.84 125.314
83 61.6265 0.696148 411.395 -106.46 10.8048 -0.42578 0.00689641 -2460.05 116.727
84 93.0434 0.992706 227.667 -50.2574 5.56309 -0.213138 0.00375299 -3406.06 151.053
85 94.4552 1.33134 -274.274 86.9464 -7.68543 0.328521 -0.00416165 -5145.45 212.287
86 66.3502 0.865884 3.9774 3.89081 0.254751 0.00444848 0.000589734 -4253.72 179.883
87 108.923 0.744139 458.434 -108.551 11.2102 -0.449822 0.00741524 -2896.59 135.585
88 93.8383 0.938573 -14.7301 22.0019 -2.19131 0.137915 -0.00186977 -3127.28 141.538
89 69.0586 1.13881 137.208 -30.314 3.63264 -0.137748 0.00275517 -2459.84 116.59
90 70.9652 1.44082 178.513 -34.5594 3.53604 -0.116977 0.00228375 -3271.47 145.802
91 71.7437 0.725211 -25.8622 9.5962 0.0786843 -0.00217926 0.000878689 -3534.66 156.976
92 72.8605 1.6413 251.679 -55.3355 5.75282 -0.21374 0.00371979 -3261.68 146.791
93 62.9386 1.30005 -101.738 26.2278 -1.26957 0.0405943 0.000488537 -2742.16 128.871
94 72.2837 1.19969 389.289 -93.3891 9.4176 -0.366935 0.00610894 -4803.24 201.274
95 71.7062 -4.98358 389.289 -93.3891 9.4176 -0.366935 0.00610894 -4803.24 201.274
