0 17.5303 0.899919 -275.566 68.5914 -6.12101 0.261701 -0.00300248 -4182.44 177.302
1 18.7885 0.896148 242.533 -72.3344 7.76948 -0.316221 0.00549645 -2270.01 108.884
2 32.0258 1.34831 62.1644 -15.5094 1.92824 -0.0597404 0.00149931 -2825.17 129.215
3 17.8103 1.30346 -268.125 65.0211 -5.41499 0.224738 -0.00246092 -1773.83 89.468
4 27.0721 1.11071 -189.341 40.0063 -2.43823 0.0792033 3.61391e-05 -3895.82 168.671
5 22.86 0.950129 -261.428 54.3051 -3.59273 0.123624 -0.00069844 -3779.68 161.519
6 29.1919 1.05201 -212.418 49.1355 -3.63281 0.143595 -0.00117044 -2845.35 128.64
7 22.9941 1.4985 215.458 -60.6139 6.45358 -0.253036 0.00444462 -2894.22 131.107
8 17.7261 0.875112 4.969 -6.06574 1.04291 -0.0250557 0.000988708 -3113.37 137.252
9 35.0737 0.495563 254.047 -69.5775 7.16023 -0.274403 0.00464956 -3344.35 144.418
10 18.7452 1.17618 -251.354 62.192 -5.36561 0.234972 -0.00285836 -5032.39 209.354
11 46.2863 1.40645 152.888 -40.7968 4.75634 -0.190589 0.00362239 -2213.28 107.039
12 19.3712 0.588103 -13.4241 -6.29216 1.40551 -0.052051 0.00151935 -3918.95 163.717
13 22.7098 1.17092 -258.205 59.9477 -4.67064 0.181762 -0.00159021 -2994.91 133.195
14 19.7305 0.859555 10.4224 -11.5995 1.94819 -0.0731538 0.00185533 -3884.05 166.334
15 44.8184 1.01359 233.829 -62.8901 6.76816 -0.268338 0.00465094 -4230.59 177.489
16 21.4221 0.198693 45.713 -16.2124 1.62306 -0.0318678 0.000791803 -2417.16 109.948
17 30.1252 1.48575 -114.298 23.1428 -1.09832 0.0403295 0.000271049 -2732.96 124.359
18 22.3549 0.534519 555.263 -149.437 14.4085 -0.55355 0.00845576 -3079.59 135.604
19 26.5608 1.19633 432.959 -116.02 11.4066 -0.436689 0.0068012 -1592.56 84.4367
20 20.1209 0.540811 -7.22553 -10.8346 2.10479 -0.0883453 0.00210737 -1770.16 88.1538
21 33.2887 0.988409 167.258 -45.358 4.78107 -0.176491 0.00326041 -5392.25 222.417
22 50.0707 1.10529 11.6599 -5.62018 1.59353 -0.06829 0.0018758 -3116.75 138.366
23 57.0134 1.14803 255.853 -60.7139 6.07823 -0.219736 0.00366342 -2809.14 125.378
24 19.2198 0.84775 -125.961 27.9315 -2.27235 0.119455 -0.00138014 -438.079 39.9552
25 37.6789 1.50834 132.959 -33.9687 3.75948 -0.134779 0.0024934 -2164.41 103.419
26 24.5313 0.560207 63.8726 -28.7509 3.7977 -0.154021 0.00301762 -3205.98 140.03
27 23.1161 0.684343 452.677 -128.859 13.1608 -0.532262 0.00853609 -2615.2 119.608
28 29.8534 0.774797 -46.7488 10.6617 -0.624408 0.0452511 -6.12813e-05 -2544.37 115.681
29 25.4777 0.907816 190.727 -58.3259 6.30526 -0.242605 0.00408324 -1924.94 93.3
30 50.3442 1.25049 246.47 -65.7678 7.21132 -0.292252 0.00508609 -3271.19 144.148
31 20.1371 0.681454 1.90753 -7.31677 1.31226 -0.040737 0.0012402 -2847.64 125.99
32 45.9902 1.14008 -0.16291 -2.07235 1.33367 -0.0608968 0.0018495 -3085.2 137.86
33 48.001 0.585875 -193.948 54.9335 -4.75626 0.215732 -0.00265614 -1783.54 90.1314
34 56.4006 1.00991 -54.0619 12.3548 -0.0321592 -0.000554977 0.000873771 -4378.96 186.338
35 17.0221 1.05339 -131.25 29.3562 -2.16476 0.0968557 -0.000599847 -3623.03 158.97
36 21.2037 0.473005 -440.938 100.836 -8.03642 0.303885 -0.00329822 -1752.27 88.5674
37 38.7098 1.14164 -644.412 166.974 -14.923 0.606335 -0.00794383 -2217.85 105.166
38 22.1291 1.16678 675.593 -178.659 17.5101 -0.698944 0.0109314 -4105.69 173.068
39 50.5736 0.590019 61.3259 -18.4186 2.85292 -0.119198 0.00261136 -3558.23 155.675
40 28.423 0.992536 -284.666 62.1241 -4.41455 0.165295 -0.00146554 -3665.69 158.555
41 33.7248 1.37517 -144.702 35.8069 -2.67055 0.119103 -0.00104147 -2865.78 130.365
42 20.5177 0.424035 -366.397 79.4185 -5.96234 0.217034 -0.00189045 -3846.73 163.411
43 51.4979 -2.53688 -149.211 34.1642 -3.0106 0.145698 -0.00153346 -1770.53 87.8437
44 21.643 1.0842 -290.091 72.9931 -6.34661 0.270701 -0.00327686 -4022.59 168.368
45 47.1131 1.12296 -10.8962 2.89101 0.549862 -0.0161981 0.00100393 -1828.85 93.7321
46 30.7785 0.99138 -56.1848 10.8951 -0.273624 0.0231277 0.000289019 -2371.24 111.564
47 19.397 0.507028 -278.134 65.8045 -5.68455 0.245634 -0.00295345 -3473.41 150.697
48 28.0835 0.701262 -192.938 43.6957 -3.21299 0.132973 -0.00119465 -3139.72 135.445
49 23.4945 1.07006 -226.86 47.6404 -3.16839 0.116993 -0.000781879 -2717.69 123.573
50 38.0644 0.787265 -218.655 47.537 -3.16824 0.11791 -0.000805898 -3149.08 138.525
51 78.4086 0.970439 -129.847 38.2558 -2.41613 0.0872847 -0.000253859 -2424.11 116.648
52 24.5275 0.290798 1.15019 -6.91894 1.17331 -0.0334344 0.00114498 -1945.4 94.6178
53 24.2973 0.837821 -104.127 22.8169 -1.62354 0.0849749 -0.000685604 -1923.42 93.812
54 46.0253 0.744084 -212.955 49.6027 -3.4963 0.13946 -0.00128745 -1787 88.5742
55 44.129 0.768186 -68.1715 13.0591 -0.286218 0.0167623 0.000483769 -2948.67 131.703
56 20.5283 0.585324 -135.801 24.1949 -1.29352 0.0551031 -7.1289e-05 -2409.47 111.936
57 23.5428 0.513252 -119.01 16.9839 -0.269003 0.000965513 0.000882506 -3041.5 134.01
58 43.9638 -1.54232 364.173 -95.315 8.77726 -0.312245 0.00484529 -3922.36 164.097
59 65.2492 0.905793 13.848 -4.22723 1.49629 -0.058747 0.00159828 -2309.66 110.703
60 51.5685 1.44732 -293.448 79.1856 -6.73435 0.282792 -0.00342791 -1993.72 98.053
61 19.6293 0.478687 -325.574 69.0065 -5.20715 0.199178 -0.00194475 -3069.28 135.4
62 29.5395 0.719722 36.9908 -17.5826 2.49171 -0.0897281 0.00195275 -3651.33 156.081
63 24.2062 0.340458 484.643 -130.055 12.527 -0.472429 0.00715103 -3766.67 159.377
64 25.4822 1.19384 -57.5453 10.0006 -0.0849214 0.0023333 0.000845741 -3169.62 137.566
65 18.5712 0.732258 10.2698 -11.678 1.87985 -0.0694358 0.00169759 -2526.55 115.783
66 34.8621 1.29665 68.3032 -25.0776 3.65481 -0.163043 0.00345287 -1987.4 98.2095
67 19.6158 0.844638 -287.816 62.9231 -4.67669 0.179169 -0.00168906 -3053.9 134.501
68 23.0964 1.33748 -109.54 28.8289 -2.5674 0.137091 -0.00166149 -853.074 54.2232
69 65.146 -4.24539 169.519 -42.5447 3.73388 -0.114915 0.00203593 -1715.66 84.1222
70 19.6729 0.67741 -325.966 69.0397 -5.00341 0.179219 -0.0015103 -3762.2 159.503
71 42.6608 0.756327 -152.21 35.5368 -2.3501 0.0921985 -0.000495059 -5139.15 204.141
72 16.2654 0.891622 -400.052 103.221 -9.87224 0.440484 -0.00620179 -2467.9 111.765
73 22.2284 0.243044 -252.592 54.6623 -4.20746 0.165929 -0.00154234 -3677.26 150.989
74 20.7391 1.10435 -254.133 63.8982 -5.62447 0.244496 -0.00297768 -2956.87 129.923
75 37.9555 1.06536 -120.916 26.5928 -1.54296 0.0656387 -0.000239167 -3103.67 136.39
76 4.32841 2.28159 231.48 -57.9764 5.1835 -0.16793 0.00269735 -1814.76 87.7068
77 30.3515 0.913926 -107.183 17.8892 -0.452755 0.00927653 0.000767482 -2733.43 124.56
78 20.8933 0.443702 508.74 -138.912 13.5085 -0.522665 0.00802735 -2292.34 106.315
79 34.5641 1.00035 -193.5 44.8621 -3.27301 0.131203 -0.00112666 -1284.05 70.3062
80 21.3197 0.272202 161.727 -46.7929 4.63939 -0.159306 0.00270082 -2000.44 94.9673
81 20.2835 0.998509 -3.37607 -9.65182 1.81172 -0.0683379 0.00166745 -2449.22 112.567
82 33.6901 1.55721 -50.8292 10.715 -0.259099 0.0196813 0.000394631 -2971.86 133.156
83 23.5629 1.43941 86.4047 -28.8449 3.53625 -0.135279 0.00260514 -2710.65 120.569
84 19.8017 0.865786 -212.699 45.6235 -3.39363 0.140916 -0.00133708 -1663.43 83.714
85 19.6575 0.608881 -117.972 14.6257 0.0376006 -0.0184484 0.00126985 -1888.05 92.5001
86 31.237 1.00275 -254.044 59.7479 -4.71367 0.190767 -0.00192696 -2241.56 106.754
87 20.9981 0.206276 2.84024 -12.5547 2.09605 -0.0818723 0.00193687 -3074.56 135.907
88 19.8961 0.48475 159.416 -51.6303 5.49262 -0.203214 0.00340517 -2197.29 102.506
89 44.8682 0.721384 139.144 -39.6605 4.46107 -0.166415 0.00297821 -2128.47 101.026
90 35.6488 1.09912 66.3015 -21.0069 2.68678 -0.0950009 0.00192603 -2250.06 105.422
91 21.6653 0.68484 108.449 -33.7759 3.63264 -0.124205 0.00227506 -2583.43 115.762
92 31.4415 0.932258 -43.2609 4.19929 0.509379 -0.0169049 0.000965329 -2660.97 121.023
93 33.8655 1.0741 277.736 -74.5363 7.62216 -0.291817 0.00479559 -2346.86 109.413
94 27.0796 1.14176 179.74 -48.959 5.0495 -0.183215 0.00319581 -1819.94 89.2512
95 27.0796 1.14176 179.74 -48.959 5.0495 -0.183215 0.00319581 -1819.94 89.2512
