0 43.4396 1.03823 -396.915 110.534 -10.0371 0.404531 -0.00506992 -1963.05 90.149
1 38.8603 1.17661 -94.9327 31.3576 -2.65954 0.114694 -0.00101929 -4329.45 173.304
2 71.232 1.15246 -134.8 45.1296 -3.47474 0.132154 -0.00110464 -2249.87 103.024
3 39.8038 1.05455 -242.627 63.1953 -4.94958 0.174627 -0.00134766 -2987.2 131.061
4 50.6731 0.945959 -168.989 51.1817 -4.34604 0.17529 -0.0017951 -1296.18 67.5972
5 43.3592 1.00427 -25.1495 16.9711 -1.73416 0.0956322 -0.0010547 -1690.16 79.6499
6 55.7092 0.732259 -93.3054 32.0933 -2.64758 0.114153 -0.00104414 -1130.67 61.9013
7 52.8892 0.792096 108.536 -25.6024 3.28921 -0.146413 0.00305287 -1957.56 92.7083
8 41.9286 0.785667 -130.709 39.5364 -3.47116 0.151466 -0.00156216 -3381.33 141.747
9 50.3563 1.20797 -303.999 88.3924 -7.91738 0.318492 -0.00381905 -1257.17 66.2312
10 24.8492 1.18886 46.2195 -10.6703 1.44767 -0.0593084 0.00166462 -2850.15 124.412
11 64.8471 0.918027 226.971 -47.7071 4.8118 -0.187401 0.00341882 -3185.36 137.081
12 38.384 0.61353 148.35 -35.4474 3.73964 -0.149539 0.00292499 -742.224 47.6753
13 46.0124 0.933073 33.7201 -3.06753 0.722969 -0.0239771 0.000987687 -2423.37 107.152
14 33.978 0.836621 159.928 -37.4683 3.69517 -0.133236 0.00248015 -1536.78 77.0791
15 69.6647 0.916709 -63.85 31.4546 -2.87438 0.13313 -0.00144691 -1772.01 84.1573
16 40.2984 0.823435 168.124 -34.4949 3.06653 -0.0977609 0.00191202 -1602.61 79.4483
17 53.2843 0.931804 512.089 -124.44 11.8901 -0.465342 0.0072994 -3311.11 139.83
18 39.2635 0.643367 211.962 -47.3226 4.27622 -0.14074 0.00230015 -2200.89 97.5817
19 51.0669 0.788641 358.687 -83.2167 7.8116 -0.292806 0.00469202 -1618.53 79.0011
20 60.0047 0.669025 329.483 -65.7662 5.34704 -0.162512 0.00241904 -270.987 32.4594
21 64.2804 1.14758 100.516 -12.0334 1.13472 -0.0232419 0.000727991 -2747.39 118.65
22 51.5936 0.922756 333.11 -80.0087 7.99092 -0.324063 0.00560331 -2251.27 104.952
23 50.0127 0.756639 273.925 -60.2894 5.60038 -0.205547 0.0035299 -1083.03 61.1714
24 31.269 0.974565 369.222 -90.4126 8.46281 -0.318826 0.00505391 -2456.67 108.116
25 64.678 0.891993 297.885 -65.1728 6.26449 -0.235296 0.00393237 -1218.39 65.5735
26 66.4573 1.07594 186.837 -32.0415 2.86874 -0.0913941 0.00178504 -2218.82 101.477
27 39.6253 0.750592 71.1397 -13.6352 1.52745 -0.0524873 0.00143794 -2328.8 105.03
28 35.5681 1.0059 276.727 -68.5658 6.77875 -0.266945 0.0045749 -790.14 51.8073
29 64.6156 0.670337 205.233 -33.9671 2.55204 -0.0568286 0.000929863 -705.366 44.9296
30 38.8836 1.12724 269.372 -63.0205 5.93698 -0.215327 0.00355141 -1247.89 66.168
31 75.644 0.687581 240.996 -40.7348 3.23419 -0.088067 0.00149065 -632.341 44.4056
32 17.4416 0.981794 -272.843 79.584 -8.20312 0.376617 -0.00528882 -2943.25 123.795
33 19.019 0.585013 -63.5609 18.3485 -1.75875 0.0893786 -0.000738969 -1189.56 63.3585
34 30.5288 0.995474 201.679 -51.4811 5.3148 -0.208632 0.0036691 -2160.6 98.8423
35 45.8219 0.916799 105.933 -24.9039 3.07137 -0.131177 0.00274382 -2340.04 106.493
36 28.7606 1.28145 120.422 -27.9597 2.93903 -0.112581 0.00233142 -2319.89 103.936
37 37.5386 0.645272 -143.085 41.4473 -3.65388 0.157131 -0.00162979 -3624.06 150.841
38 26.132 0.990184 80.7588 -22.3231 2.85548 -0.132969 0.00306667 -2373.55 108.225
39 20.5202 0.987329 105.035 -26.7715 2.75133 -0.0989068 0.00208224 -1995.71 93.9139
40 43.2402 1.36262 -80.2405 29.2779 -2.55308 0.112736 -0.000974619 -605.855 44.3012
41 35.622 0.77233 1.78195 -0.445813 0.801239 -0.045517 0.0017003 -1987.06 94.6909
42 29.3996 0.688476 28.6113 -5.12417 0.650109 -0.0106891 0.000667129 -1973.43 91.7859
43 22.7912 0.462196 183.876 -48.5966 4.79126 -0.178265 0.00316451 -2719.15 118.182
44 17.7863 0.822095 84.0308 -22.9353 2.40491 -0.0872155 0.00195321 -2059.24 95.5275
45 50.7266 0.705712 315.113 -64.7638 5.2474 -0.15493 0.00226014 -3406.39 144.32
46 66.0962 0.743973 313.85 -68.2033 6.41965 -0.236297 0.00382276 -2042.42 93.5196
47 35.6722 1.01651 72.8253 -13.0172 1.32526 -0.0382597 0.00115675 -1753.55 84.2907
48 28.351 1.29745 36.2236 -3.83538 0.404142 0.0025744 0.000448376 -1937.76 90.9329
49 25.2462 0.970449 119.217 -26.8731 2.5174 -0.0854938 0.00194108 -3667.76 151.174
50 42.9988 0.998927 204.928 -39.932 3.23436 -0.0917564 0.00165198 -1093.36 61.6436
51 20.8814 0.437016 -134.567 35.9799 -3.26212 0.143309 -0.0014053 -2147.32 97.5302
52 30.7427 1.05102 264.593 -64.4243 6.13195 -0.229588 0.00389004 -2060.53 95.5222
53 20.556 1.04236 33.4115 -10.7323 1.55285 -0.0664729 0.00186432 -2383.15 107.193
54 23.5751 0.923137 74.3217 -15.5672 1.32772 -0.0250599 0.000764146 -1912.52 89.5173
55 19.9904 0.397653 121.514 -30.863 2.81437 -0.086842 0.00165975 -1935.21 89.8681
56 54.8806 0.843088 283.663 -59.3496 5.22795 -0.175919 0.00284495 -3126.64 134.035
57 20.6163 0.418112 144.419 -36.54 3.38541 -0.113953 0.00210576 -3867.64 154.642
58 29.1568 1.07403 62.8904 -12.7233 1.32864 -0.0391788 0.00119104 -1306.21 68.5629
59 21.9155 0.292331 393.69 -93.7879 8.02975 -0.274084 0.00412971 -3385.6 141.836
60 26.5017 1.32576 82.0739 -17.8083 1.88708 -0.0667192 0.00162785 -1328.98 68.5208
61 62.68 0.925944 389.999 -83.4961 7.383 -0.26078 0.00405139 -1966.89 92.0284
62 41.8351 0.963365 299.846 -64.6421 5.48766 -0.175889 0.00269613 -2564.75 114.372
63 31.2005 0.935119 314.762 -67.0071 5.34019 -0.162436 0.00251548 -1373.84 70.8485
