0 37.2775 1.12669 92.0671 -28.06 3.58471 -0.143857 0.00298218 -2586.44 120.036
1 24.2303 0.571489 117.019 -42.4513 5.0472 -0.201315 0.00373661 -5148.91 212.151
2 55.8514 -3.02926 -193.456 51.592 -5.10442 0.245626 -0.00325877 -876.585 54.2038
3 25.2254 1.05364 -67.6961 9.38575 0.182737 -0.00904738 0.000925342 -4836.38 201.276
4 23.7313 0.146779 -4.61218 -8.76868 1.7103 -0.0636316 0.00167987 -4460.98 185.749
5 15.0159 1.53322 211.437 -64.0376 6.93786 -0.286242 0.00523357 -2853.58 130.667
6 19.9993 0.389294 -16.6321 -7.8266 1.71106 -0.0686753 0.00180607 -2813.67 125.383
7 17.331 0.88354 -129.165 19.9294 -0.547269 0.00374202 0.0011047 -3177.69 142.269
8 19.9125 1.09883 151.088 -43.8935 4.83093 -0.188561 0.0035634 -1971.15 97.8142
9 65.5848 -4.27725 73.5013 -25.0514 2.74018 -0.0888369 0.00180202 -2192.97 102.873
10 48.6577 -2.48499 303.976 -70.8637 5.68556 -0.16684 0.00253198 -2844.61 126.872
11 38.4391 1.22417 -92.734 17.2826 -0.439665 0.00979816 0.000778409 -2901.19 130.45
12 20.1132 0.439963 200.547 -61.4138 6.37159 -0.236095 0.00383986 -2722.84 122.37
13 21.6518 1.48203 78.3255 -34.4589 4.76953 -0.210715 0.00403121 -3120.77 138.55
14 18.1788 0.594534 49.1991 -21.4214 2.74638 -0.106711 0.00238359 -2628.65 120.234
15 25.0051 1.36637 -406.763 98.7992 -8.3749 0.341434 -0.00427152 -1583 79.7259
16 24.6956 1.22213 33.6444 -21.5912 3.52711 -0.16327 0.00348019 -3184.06 139.172
17 21.8273 0.430861 -202.452 47.8122 -4.26378 0.206274 -0.00273478 -3039.93 134.286
18 31.8428 1.44866 -301.125 70.9887 -5.57434 0.22347 -0.0024671 -2116.72 101.077
19 19.3843 0.678263 44.7159 -16.2921 1.72472 -0.0407039 0.00103897 -1882.99 92.0149
20 44.6887 1.20145 23.9682 -8.88616 1.73711 -0.063614 0.00161129 -3546.26 155.331
21 46.3873 -1.99819 711.939 -182.511 16.7057 -0.623389 0.00921913 -3328.87 142.272
22 29.9648 1.22829 61.8584 -24.3112 3.29163 -0.132997 0.00273454 -2795.56 126.667
23 19.728 0.476089 315.869 -92.5096 9.45592 -0.372415 0.00612876 -3618.82 155.301
24 19.9105 0.493818 458.325 -118.722 10.9082 -0.401068 0.00620246 -1755.15 87.5068
25 29.0758 0.810881 354.486 -99.7978 10.2502 -0.406828 0.00661207 -2527.62 116.651
26 23.8953 0.995364 18.6028 -15.8623 2.55108 -0.0996244 0.00217755 -3118.08 137.961
27 35.3071 0.917747 53.2394 -23.5161 3.5142 -0.154542 0.003252 -1589 83.8353
28 20.5249 1.37648 71.7662 -27.4817 3.50554 -0.136637 0.00273815 -2421.17 112.056
29 42.6863 1.03156 381.412 -106.743 11.2976 -0.463323 0.00766858 -3194.46 141.715
30 20.6597 0.397909 758.773 -211.699 21.0465 -0.854265 0.0133945 -3963.49 169.759
31 38.0929 1.04804 97.0601 -27.9657 3.23906 -0.110604 0.00209518 -1690.15 85.8796
32 38.0929 1.04804 465.476 -99.1611 7.3033 -0.210739 0.00309626 -4027.65 169.623
33 38.0929 1.04804 1441.56 -312.349 24.3038 -0.801978 0.0106673 -4179.04 175.416
34 38.0929 1.04804 2766.08 -604.617 48.1625 -1.65897 0.0220368 -2375.33 110.64
35 38.0929 1.04804 712.891 -153.792 11.586 -0.344865 0.00444449 -1989.1 95.0068
36 38.0929 1.04804 1255.43 -245.429 16.746 -0.465192 0.0053848 -3211.7 137.9
37 38.0929 1.04804 1858.85 -369.86 26.1722 -0.777787 0.00922639 -4557.67 185.365
38 38.0929 1.04804 2612.22 -545.487 41.2203 -1.33799 0.016787 -3255.15 138.321
39 38.0929 1.04804 512.468 -108.33 7.80138 -0.207585 0.0026357 -2296.1 105.788
40 38.0929 1.04804 530.985 -110.95 7.80606 -0.198537 0.00234657 -3801.72 158.694
41 38.0929 1.04804 1895.48 -397.075 30.0114 -0.969238 0.0124192 -4834.69 193.557
42 28.94 -0.196753 638.389 -134.881 10.0121 -0.301485 0.00422811 -2311.86 108.128
43 28.94 -0.196753 787.347 -150.497 9.7677 -0.24406 0.00287356 -2064.6 97.0747
44 28.94 -0.196753 84.6798 29.119 -6.92432 0.421656 -0.00679285 -3863.28 160.733
45 28.94 -0.196753 1645 -345.196 25.8701 -0.815441 0.0101728 -2924.18 126.144
46 28.94 -0.196753 2249.04 -473.464 35.9573 -1.1675 0.0147618 -2763.56 121.389
47 -43.8433 9.39119 1197.71 -267.48 20.3939 -0.574832 0.00747145 -6054.98 275.711
48 -43.8433 9.39119 1134.84 -252.396 20.0511 -0.66917 0.00906457 -2233.08 103.779
49 -43.8433 9.39119 732.813 -140.77 9.11895 -0.221635 0.00249747 -3437.22 143.648
50 -43.8433 9.39119 2364.91 -460.852 32.1714 -0.956973 0.0112512 -4308.8 172.438
51 18.2039 1.44465 604.489 -141.809 11.6967 -0.391501 0.00557243 -1979.28 94.0301
52 18.2039 1.44465 1014.2 -182.011 11.1262 -0.268525 0.00303242 -2045.54 94.4119
53 18.2039 1.44465 778.573 -160.655 11.562 -0.333536 0.00416862 -2972.34 128.223
54 18.2039 1.44465 747.545 -157.238 11.6075 -0.348714 0.00465058 -3983.71 163.087
55 18.2039 1.44465 1322.37 -283.517 21.8263 -0.709832 0.00933058 -2911.35 127.778
56 18.2039 1.44465 835.703 -164.697 11.2524 -0.309203 0.0038152 -4499.8 183.457
57 18.2039 1.44465 742.827 -156.621 11.4786 -0.334128 0.00419843 -3010.6 130.868
58 18.2039 1.44465 764.752 -157.982 11.4034 -0.333147 0.00430378 -3042.44 132.509
59 15.5379 1.08207 751.423 -157.082 11.4555 -0.334901 0.00430774 -2637.22 117.779
60 15.5379 1.08207 2722.37 -563.235 42.2541 -1.36412 0.0170109 -1850.95 87.0914
61 16.8403 1.23836 -146.387 36.8362 -3.79969 0.190915 -0.00237277 -2283.98 104.257
62 16.8403 1.23836 3243.4 -712.027 56.7082 -1.93669 0.0250326 -3993.78 167.839
63 16.8403 1.23836 2938.9 -613.126 46.4437 -1.51624 0.0190444 -2826.25 123.921
64 20.6547 0.875339 219.898 -62.3002 6.52626 -0.25421 0.00442699 -2833.27 127.307
65 21.0682 0.915509 285.209 -71.3691 6.4004 -0.222397 0.0037301 -2237.24 106.267
66 19.2099 1.09934 32.8529 -15.5235 2.30463 -0.0905588 0.00217822 -2549.79 118.006
67 15.2463 1.18971 2111.88 -493.574 41.5407 -1.48061 0.0200258 -4688.19 190.669
68 15.2083 4.54837 461.081 -112.662 9.74126 -0.33868 0.00515075 -4361.3 179.087
69 17.9675 0.985195 -2.83053 -11.5707 2.27004 -0.100042 0.00240523 -3640.94 157.842
70 17.7002 0.719402 0.0370904 -11.9074 2.2357 -0.100351 0.00247534 -4179.98 174.381
71 48.9293 -2.3891 480.277 -113.514 9.4769 -0.316069 0.0047325 -3591.94 153.629
72 10.3196 1.58724 67.438 -20.0414 1.96059 -0.0493604 0.00115976 -3074.05 133.836
73 61.235 -2.88929 34.9893 -2.73188 -0.454662 0.0649297 -0.00062425 -1419.79 74.0756
74 15.1527 1.17241 54.6701 -21.6911 2.49392 -0.0811127 0.00172483 -3796.09 160.887
75 175.738 -14.0467 286.791 -73.9097 6.68542 -0.227473 0.00359179 -3279.72 141.257
76 27.8765 0.237942 934.934 -229.604 20.2674 -0.74328 0.0107223 -1560.22 80.7155
77 29.4928 1.01975 127.917 -30.0345 2.25655 -0.0443849 0.000907817 -3271.8 139.154
78 29.4928 1.01975 277.251 -54.5721 3.36788 -0.0535308 0.000696961 -2544.24 114.309
79 55.6758 -2.96906 230.166 -61.0183 5.69693 -0.200592 0.00343753 -3163.79 137.672
80 34.7341 -0.956567 128.553 -33.537 2.93717 -0.0753522 0.00133261 -4157 170.795
81 19.8755 1.49699 437.718 -97.9773 7.69594 -0.238141 0.00345561 -2582.95 114.182
82 71.1491 -4.85057 -146.857 29.3316 -2.27391 0.102309 -0.000757094 -2350.49 108.053
83 71.1491 -4.85057 946.257 -229.795 20.0761 -0.735553 0.0107142 -2776.38 123.036
84 18.5828 0.485299 214.36 -62.911 6.37495 -0.236854 0.00397508 -3382.98 145.735
85 51.6866 -2.41185 400.447 -106.036 9.95659 -0.373908 0.0059795 -4046.67 170.841
86 91.39 -6.36483 286.033 -72.7487 6.56648 -0.23177 0.00391522 -2150.87 102.884
87 50.9563 -2.23071 582.276 -142.136 12.3625 -0.436593 0.00647486 -3207.54 137.783
88 75.669 -4.97129 264.45 -62.4974 5.0305 -0.143004 0.00223579 -2670.61 120.565
89 85.0259 -5.3299 189.116 -53.2827 5.12777 -0.179127 0.00309361 -2581.49 116.79
90 31.6469 0.732684 197.459 -62.5178 7.10263 -0.290479 0.00504748 -3922.26 165.539
91 39.3862 -1.31718 273.845 -65.3445 5.3817 -0.159477 0.00246519 -2475.88 113.077
92 24.2131 1.20282 -165.671 39.7602 -3.26343 0.14829 -0.00141932 -2541.07 117.901
93 94.329 -6.73095 175.984 -52.2259 5.24972 -0.191085 0.00337382 -4951.97 198.37
94 62.8106 -3.48982 782.036 -197.797 17.8908 -0.665822 0.00988476 -3360.83 147.93
