0 70.0303 1.05297 270.925 -63.1871 6.7841 -0.274164 0.00489095 -2929.25 132.811
1 78.918 1.05138 -261.843 68.3493 -4.73208 0.157369 -0.000987492 -2921.34 132.837
2 51.6621 0.967077 461.954 -119.219 11.8951 -0.461482 0.00709226 -2926.38 130.556
3 88.1598 0.940257 31.642 8.44848 -0.58473 0.0547598 -0.000486341 -4539.16 183.524
4 59.7361 0.845411 -52.4277 15.4287 -0.569744 0.0240879 0.000450146 -2162.64 104.018
5 73.1101 1.0149 203.459 -47.3518 5.3579 -0.215688 0.003959 -2758.06 125.704
6 66.6499 1.12425 -9.90817 6.26042 0.385168 -0.0171099 0.00108934 -1904.75 95.4392
7 69.3063 1.33113 -190.917 51.4914 -3.52003 0.125366 -0.000727161 -3391.72 147.753
8 67.3817 1.23919 -236.95 66.5482 -5.25113 0.204735 -0.00203224 -3962.17 169.556
9 53.847 1.26488 -189.259 51.2057 -3.93526 0.159281 -0.00152513 -3272.73 142.67
10 67.1104 1.07649 -117.766 31.7177 -1.79451 0.0608373 7.49971e-05 -1657.34 85.9288
11 79.3641 1.1545 185.412 -39.6465 4.51131 -0.175154 0.00323721 -3299.33 144.567
12 54.7573 1.00907 -134.505 40.7908 -3.38973 0.15507 -0.00171353 -1612.41 82.3941
13 63.5981 1.66395 341.181 -82.857 8.6344 -0.345391 0.00578392 -2700.85 123.769
14 69.6081 0.8347 34.8551 -4.1945 1.27109 -0.049907 0.0015713 -2192.65 106.835
15 60.4047 0.874789 -5.05625 -0.931895 1.29526 -0.0630064 0.00183195 -2842.68 127.512
16 91.218 1.26184 54.3913 -3.25389 1.24318 -0.0523217 0.00160443 -2840.4 129.909
17 57.801 1.01317 -60.5842 13.1037 0.00565119 -0.00970945 0.00104446 -1800.36 91.2975
18 95.3852 0.974072 201.042 -44.1315 5.39596 -0.233483 0.00445276 -3429.68 149.068
19 62.7757 1.05983 230.922 -62.2026 7.13666 -0.301175 0.00535202 -3390.55 148.355
20 61.2819 1.19976 -204.208 55.0674 -4.17613 0.164307 -0.00154847 -4107.62 172.666
21 73.1442 0.833255 268.049 -61.5971 6.26672 -0.232338 0.00386896 -4559.42 189.111
22 72.939 1.17873 182.071 -39.1416 4.25648 -0.154648 0.00278507 -2046.73 100.226
23 69.6918 1.36445 141.473 -29.8198 3.57321 -0.139869 0.00280091 -2534.96 117.993
24 75.0261 1.06599 423.38 -96.7313 9.23854 -0.339733 0.00526375 -2409.9 111.772
25 86.8992 0.905132 144.867 -37.1364 5.12762 -0.234826 0.00461049 -2823.15 128.75
26 55.2678 0.831834 -16.5686 1.35274 0.890763 -0.0340995 0.00121945 -4072.16 171.921
27 49.7173 0.884624 175.062 -49.3669 5.7336 -0.2338 0.00418865 -2353.38 110.752
28 66.7326 1.183 198.422 -40.5939 3.93484 -0.126173 0.00219679 -1335.31 74.273
29 59.7045 0.788582 138.906 -34.6837 3.98517 -0.149515 0.00278013 -2589.24 117.981
30 95.4238 0.799061 76.4757 -10.669 1.89872 -0.0709981 0.0016893 -4311.61 180.134
31 73.863 0.729545 117.251 -28.2201 3.63752 -0.14445 0.00282031 -2744.26 124.964
32 83.5524 0.986202 45.0791 -9.33481 2.39058 -0.11834 0.00291402 -3821.77 167.161
33 77.2396 1.10606 597.989 -147.342 14.7165 -0.590176 0.00947261 -3211.53 146.691
34 74.0118 1.00791 -22.9762 9.19427 0.232215 -0.0106766 0.00099757 -4245.27 177.352
35 59.1878 1.65849 52.8211 -8.22392 1.54992 -0.0554517 0.00164229 -2444.71 118.011
36 80.3298 1.4841 -89.8346 26.5476 -1.0328 0.0234457 0.000734816 -4648.12 195.193
37 89.5402 1.16629 -232.31 69.8031 -5.50448 0.21672 -0.00218252 -4289.94 182.016
38 54.9804 1.41868 -192.122 47.7902 -3.18324 0.11671 -0.000684911 -1797.01 92.4657
39 79.5834 1.45124 377.913 -88.8899 9.22931 -0.367144 0.00614617 -3505.51 155.641
40 53.3217 1.47076 112.354 -25.0097 3.10923 -0.121203 0.00263045 -2992.61 136.379
41 66.4471 1.16575 -266.323 65.8634 -4.62339 0.166719 -0.00132627 -2978.73 136.728
42 63.4349 1.06244 200.487 -48.3501 5.50507 -0.226585 0.00436588 -3259.29 147.801
43 59.9138 1.11525 -103.885 21.8357 -0.385416 -0.0135307 0.00150918 -3143.33 142.375
44 62.9638 0.60499 4.51993 -8.30696 2.38104 -0.115976 0.00280781 -2707.77 126.376
45 50.0617 1.0708 123.834 -33.8586 4.25863 -0.179324 0.00369899 -3254.29 146.126
46 91.0072 1.17998 320.002 -71.8251 7.68974 -0.310238 0.00541114 -3002.75 138.375
47 61.1348 1.198 37.0168 -8.32961 1.82381 -0.0759518 0.00200574 -3986.29 171.958
48 59.6663 1.12891 40.4623 -8.86178 1.81413 -0.0743045 0.0019288 -2664.09 122.661
49 88.9689 0.966138 147.66 -33.4494 4.47677 -0.193394 0.00385227 -2494.52 119.416
50 55.8161 0.791749 428.633 -111.868 11.3631 -0.443956 0.00693977 -3188.8 141.693
51 78.9977 0.774527 284.361 -71.3514 7.83894 -0.319834 0.00555152 -2060.05 103.582
52 89.5857 1.059 -35.7288 13.4239 0.127249 -0.0191924 0.00131659 -2042.9 103.306
53 77.7136 0.862868 343.669 -84.4189 8.88358 -0.353624 0.00590547 -4063.22 174.905
54 64.5448 1.02808 337.888 -88.2799 9.59602 -0.398776 0.00684622 -3376.19 151.087
55 60.0012 0.887779 50.5589 -13.6204 2.30234 -0.0905251 0.00209243 -2936.79 132.308
56 59.814 0.952143 132.023 -33.3483 3.97145 -0.152142 0.00292543 -1827.75 93.2788
57 88.9986 0.729455 126.367 -28.2088 3.87434 -0.161902 0.00326035 -2671.13 124.169
58 76.6879 0.625647 43.1718 -9.24022 1.97149 -0.0806228 0.00202962 -4073.63 174.418
59 72.4373 0.873914 126.872 -35.4998 4.85985 -0.215075 0.00428439 -5221.45 218.125
60 88.6194 0.664579 -12.162 2.71428 1.45951 -0.08794 0.0025406 -2343.1 114.428
61 61.4295 0.730434 402.642 -103.338 10.5049 -0.412728 0.00672662 -3289.25 147.415
62 76.3781 0.759809 -129.732 32.6606 -1.71488 0.0592527 0.000156441 -5007.68 207.787
63 65.7676 0.851129 93.7839 -25.6972 3.5592 -0.14437 0.00292782 -3162.22 141.645
64 40.1363 -1.34344 416.027 -93.5996 7.22304 -0.205486 0.0028093 -3331.66 145.525
65 80.1116 -5.2002 372.318 -95.4082 8.68903 -0.310866 0.00488602 -3451.49 148.385
66 19.6572 0.66215 -142.916 37.833 -3.58651 0.185394 -0.00245388 -3007.32 133.904
67 23.0568 1.3008 642.075 -177.917 17.9935 -0.734296 0.0116379 -4077.57 173.432
68 30.4331 -0.332577 -32.2351 1.78 0.330712 -0.000539864 0.000757934 -2718.59 123.345
69 95.4805 -6.98109 96.6545 -23.853 2.04324 -0.0467587 0.00109103 -2611.99 117.26
70 39.6674 -0.930909 454.549 -109.05 9.25724 -0.310705 0.00462984 -2557.12 115.659
71 66.0792 -3.99971 123.512 -23.4047 1.22652 0.011405 -5.39262e-05 -3501.87 150.208
72 66.0792 -3.99971 1619.35 -374.664 31.2021 -1.10157 0.015067 -3236.32 139.198
73 16.4144 0.681165 134.193 -35.8145 3.25585 -0.0946386 0.00172968 -3707.54 157.263
74 24.2201 0.516616 461.449 -125.917 12.3106 -0.471592 0.00728462 -2350.64 109.808
75 20.8052 0.405847 49.5008 -18.6181 2.0863 -0.0606505 0.00141996 -2620.65 119.447
76 133.039 -10.6448 177.463 -44.6798 3.93049 -0.120164 0.00219646 -3705.05 156.818
77 71.847 -4.56763 128.034 -31.0446 2.50755 -0.0597586 0.00125802 -2976.77 132.65
78 20.5175 0.733671 201.653 -59.0924 6.00427 -0.224851 0.00380427 -1608.23 81.6938
79 20.655 0.327601 461.409 -128.384 12.6237 -0.494983 0.00786293 -3330.58 143.581
80 60.7591 -3.44145 431.891 -100.252 8.14999 -0.2562 0.0036903 -1719.12 84.5544
81 20.3116 0.492444 211.378 -61.4906 6.22737 -0.228917 0.00376329 -2033.58 96.0874
82 20.9642 0.309538 31.4681 -22.0004 3.09856 -0.126743 0.00268021 -2701.38 122.066
83 39.6314 1.27078 126.166 -38.6745 4.6766 -0.187521 0.00346439 -4517.05 186.261
84 30.269 0.805277 -134.904 28.759 -1.91978 0.0862964 -0.000539138 -2135.22 102.048
85 23.8124 -0.345544 -235.723 49.0026 -3.85679 0.167058 -0.00182325 -2387.21 109.106
86 24.7717 0.668187 -341.153 73.278 -5.46082 0.205751 -0.00199457 -4180.91 174.076
87 16.8464 0.942957 219.294 -65.6229 6.81101 -0.261571 0.00444584 -3206.82 140.478
88 21.1792 0.342068 105.982 -39.6108 4.64389 -0.181743 0.0033413 -3823.31 160.892
89 20.269 0.378686 143.122 -48.2462 5.27156 -0.203022 0.0036019 -2821.58 124.719
90 61.5475 -3.61162 503.907 -123.391 10.6929 -0.37004 0.0055201 -3269.8 141.778
91 63.0711 -3.4636 489.199 -121.953 10.7361 -0.374467 0.00558236 -3349.93 144.162
92 57.5984 -3.39067 313.391 -79.4665 7.0786 -0.245492 0.003997 -2555.4 117.226
93 12.927 1.10731 264.044 -73.9837 7.21078 -0.267275 0.00453444 -7106.26 274.993
94 22.8209 0.343696 327.031 -89.734 8.74933 -0.325258 0.00515995 -2486.25 114.442
