0 54.7582 -2.82424 392.697 -76.3196 4.7007 -0.0838088 0.000843954 -996.6 57.8022
1 28.0831 -0.396001 1158.17 -302.754 28.4915 -1.1211 0.0167932 -3703.6 160.101
2 17.6918 0.856718 661.739 -178.806 17.4412 -0.700709 0.011128 -3934.68 169.027
3 23.3775 0.314797 500.839 -110.253 8.52063 -0.260876 0.00375223 -1530.05 78.7149
4 23.3775 0.314797 1926.38 -428.004 34.6392 -1.21373 0.0165939 -2164.56 100.78
5 41.5085 -1.21915 247.113 -64.6489 6.04207 -0.212926 0.0035886 -3320.52 144.987
6 41.5085 -1.21915 271.36 -43.0065 1.59142 0.0311145 -0.000584647 -1972.2 93.4716
7 -48.0024 9.99523 -298.645 114.932 -14.0409 0.711553 -0.00967329 -6141.18 276.027
8 -59.4511 8.88306 928.112 -211.326 17.2288 -0.583987 0.00806624 -2174.01 101.346
9 53.9587 -3.12918 559.729 -136.634 12.0009 -0.428329 0.00645999 -3048.55 134.946
10 75.2067 -4.81903 767.121 -194.742 17.6961 -0.66152 0.0097778 -2521.52 115.107
11 55.22 -2.76816 595.144 -148.482 13.2673 -0.485862 0.00733666 -2849.76 125.911
12 106.697 -8.71846 98.1318 -29.5139 2.95137 -0.0996236 0.00207504 -2209.92 102.672
13 46.8023 -1.96373 12.5779 -4.72293 0.3852 0.0171374 0.00017476 -3725.19 160.097
14 58.7872 -3.39571 146.707 -38.4305 3.45945 -0.107081 0.00202977 -1524.26 79.4046
15 58.7872 -3.39571 95.3984 -2.2326 -1.99483 0.173435 -0.0027603 -2623.97 115.908
16 57.624 -3.55391 479.217 -106.808 8.32175 -0.257102 0.00365943 -2615.72 116.267
17 57.624 -3.55391 1068.97 -230.23 17.7128 -0.571381 0.0075705 -2006.03 93.5949
18 83.3886 -6.4598 639.167 -159.748 14.2779 -0.519491 0.00767341 -2182.56 102.488
19 -14.1216 5.86357 754.705 -171.964 13.9944 -0.47246 0.00668142 -2855.71 125.972
20 -9.83093 6.53687 -140.577 33.6456 -3.18134 0.151424 -0.00161424 -1911.38 90.682
21 -10.1642 6.48457 514.889 -125.639 10.9451 -0.387342 0.0057855 -2196.45 101.501
22 -10.1642 6.48457 574.744 -132.826 10.8866 -0.361403 0.00516924 -3833.02 159.748
23 -4.4989 7.37358 493.227 -123.159 10.9605 -0.397482 0.00608359 -2284.7 105.162
24 -4.4989 7.37358 974.016 -212.046 16.4746 -0.535519 0.00719249 -2410.05 108.355
25 55.7123 -3.22675 396.501 -99.7439 8.88995 -0.315551 0.00489694 -2382.94 108.168
26 53.0481 -3.54646 592.084 -121.617 8.59959 -0.236327 0.00305421 -1693.75 83.0101
27 6.72018 3.47545 793.485 -186.347 15.6745 -0.550108 0.00788878 -2289.92 105.141
28 6.72018 3.47545 819.151 -188.07 15.5833 -0.547585 0.00801961 -4181.83 176.675
29 -25.7437 8.66788 496.705 -115.372 9.32638 -0.295188 0.00407896 -973.08 56.9116
30 -25.7437 8.66788 699.167 -160.624 13.0429 -0.430802 0.00593807 -2900.8 126.046
31 -25.7437 8.66788 535.553 -124.949 10.3489 -0.35341 0.00531619 -3819.39 159.322
32 21.8051 1.10709 -128.198 22.6986 -0.795169 0.0143721 0.000957863 -3316.57 145.569
33 69.0466 -4.02288 402.249 -106.957 10.2382 -0.395456 0.00650044 -4756.87 196.609
34 59.9269 -3.58735 837.594 -215.752 19.9771 -0.77268 0.0117973 -3341.77 146.735
35 49.9344 -2.37009 272.139 -71.4343 6.70903 -0.247936 0.00431234 -2337.15 110.057
36 12.0768 1.6399 -170.455 38.8779 -3.12876 0.137195 -0.00126294 -1282.57 70.7623
37 25.5593 -0.316081 -123.2 25.6698 -1.90106 0.0816136 -0.000205971 -1968.36 97.9208
38 28.071 0.306819 145.934 -40.9789 4.03743 -0.135493 0.00247696 -2350.86 110.031
39 36.4703 -0.897527 257.847 -72.9618 7.30449 -0.283074 0.00494695 -2976.91 134.89
40 20.3204 0.454019 94.4282 -35.0782 4.17128 -0.167542 0.00332171 -3238.04 142.916
41 74.5586 -4.13666 408.819 -108.205 10.2404 -0.383491 0.00608768 -2310.96 108.693
42 20.5007 0.71529 75.3678 -29.2867 3.80575 -0.157663 0.00326214 -3414.62 149.705
43 20.5689 0.727935 434.292 -104.327 8.90329 -0.306593 0.00483917 -3374.14 148.189
44 19.2805 0.492311 70.0262 -29.7792 3.72752 -0.144447 0.00280477 -4001.89 167.835
45 48.8206 -2.39534 380.931 -99.6821 9.29517 -0.349174 0.00575814 -5329.17 214.543
46 15.9497 1.07636 617.338 -168.915 16.6253 -0.671019 0.0108095 -3159.84 142.915
47 -73.1556 14.2344 -859.965 223.24 -19.3966 0.717712 -0.00734662 -5643.47 253.208
48 -73.1556 14.2344 907.933 -215.833 18.2714 -0.63932 0.00903733 -4499.6 186.689
49 52.4247 -2.76183 392.882 -97.7148 8.58026 -0.298123 0.00463068 -1941.19 93.8652
50 10.0169 1.61899 331.9 -89.5129 8.58243 -0.317173 0.00508412 -3137.8 137.794
51 41.3607 -1.47014 385.966 -96.4991 8.51552 -0.291291 0.00441408 -3985.93 167.58
52 19.1652 0.696612 51.7189 -16.9259 1.8284 -0.0452415 0.0011048 -2297.29 107.592
53 56.8958 -3.04509 583.942 -148.258 13.3054 -0.47854 0.00709023 -1898.94 92.9498
54 39.1904 -1.42765 491.368 -119.075 10.2705 -0.358976 0.00551088 -4248.79 175.78
55 13.2197 1.16715 30.8219 -20.2552 2.86407 -0.113975 0.00244156 -2521.53 115.881
56 36.866 -1.27469 294.48 -69.4377 5.66619 -0.171545 0.00269031 -2988.48 131.464
57 51.4348 -2.72791 380.265 -99.6218 9.22297 -0.337735 0.00545426 -3154.16 139.003
58 80.4824 -5.18829 359.407 -97.6016 9.29455 -0.342737 0.00539205 -3260.57 142.886
59 67.7959 -4.20647 428.894 -108.698 9.5834 -0.326155 0.00476127 -1524.74 78.2331
60 18.5405 0.604412 -179.555 34.4588 -2.28223 0.0950619 -0.000665371 -2063.63 98.2397
61 18.1969 0.727452 506.371 -134.873 12.6839 -0.471953 0.00712683 -1852.12 91.1385
62 18.8378 0.789705 734.379 -191.956 18.0724 -0.70701 0.0110789 -4635.75 193.041
63 44.102 -1.67392 464.893 -111.922 9.49776 -0.317688 0.00468319 -3827.07 157.69
64 36.3093 1.20826 488.678 -125.592 12.4056 -0.49148 0.00783493 -4553.14 186.269
65 45.1386 1.34567 91.6848 -24.2979 3.1543 -0.126691 0.00263367 -2180.02 103.307
66 47.3553 1.21639 -57.0484 16.4556 -0.844618 0.0444397 -1.46398e-05 -3294.52 144.828
67 45.7141 1.14686 -122.423 29.6226 -1.82488 0.0725908 -0.00027596 -3337.61 144.444
68 53.3882 1.15028 -148.042 37.6167 -2.48633 0.0942514 -0.000468473 -2175.97 103.752
69 37.6338 1.37651 59.6086 -24.0221 3.72724 -0.176501 0.00373539 -2222.43 106.363
70 49.2068 1.54858 -184.495 49.8265 -3.85929 0.1536 -0.00134032 -2892.07 129.507
71 44.6541 1.34804 -37.3742 8.47987 0.114043 -0.00298818 0.000756224 -3050.25 133.454
72 40.716 1.58027 139.896 -34.5405 3.9198 -0.153499 0.00302056 -2582.62 118.461
73 31.9332 1.26366 -220.527 53.3438 -4.0151 0.153736 -0.00129238 -2007.86 97.4868
74 59.0293 0.995557 -66.6938 20.8613 -1.27911 0.060753 -0.000240795 -1901.46 92.6169
75 30.0763 1.0462 -132.727 31.2922 -2.21212 0.0945643 -0.000638941 -1254.62 69.5571
76 49.7227 1.50117 208.959 -48.5351 4.97538 -0.180693 0.00316752 -8249.92 308.033
77 46.8024 1.12286 -38.9651 10.2397 -0.174293 0.0119065 0.000526796 -3537.89 152.374
78 39.9599 1.10162 15.5786 -7.95011 1.67827 -0.0685554 0.00177378 -2102.72 100.19
79 45.7023 1.37449 -59.8327 13.5315 -0.35968 0.0175483 0.00042286 -3257.25 140.687
80 55.89 1.20039 429.258 -108.197 10.7966 -0.422184 0.00670514 -1375.35 74.7512
81 57.4714 1.03332 228.224 -52.5381 5.14463 -0.179108 0.00303406 -3350.31 145.464
82 34.896 1.30204 -50.2542 12.1279 -0.506519 0.0302928 0.000228608 -3496.07 147.719
83 62.6334 1.17394 -43.309 18.0761 -1.23991 0.0694616 -0.000529094 -3575.73 152.8
84 53.8198 1.28427 143.136 -27.3459 2.53706 -0.0656337 0.00129146 -1517.63 79.8805
85 47.35 0.929461 -145.376 35.4297 -2.32565 0.0851421 -0.00022842 -3340.77 142.877
86 43.9346 0.753625 591.453 -156.929 15.7141 -0.635836 0.010141 -3562.47 155.324
87 53.4499 0.91239 221.804 -57.2653 6.14056 -0.239825 0.00413204 -1896.32 93.3709
88 70.8038 0.977999 142.406 -29.6766 3.31458 -0.115986 0.00220754 -3849.79 163.733
89 36.6888 1.18254 42.8941 -13.7652 1.97188 -0.066843 0.0015379 -3159.26 136.127
90 40.1796 1.382 154.677 -35.7771 3.5726 -0.116219 0.00213873 -2677.34 121.974
91 46.7133 1.01885 130.738 -32.358 3.59511 -0.131404 0.002514 -2520.52 114.069
92 37.8489 1.25627 70.7334 -20.0685 2.49288 -0.0838882 0.00171951 -2838.86 124.703
93 36.891 1.27507 -87.0147 26.0037 -2.19935 0.115369 -0.00126842 -2310.28 105.356
94 18.9619 0.596902 110.013 -34.3422 3.59284 -0.120277 0.00216183 -2262.13 105.179
95 18.9619 0.596902 110.013 -34.3422 3.59284 -0.120277 0.00216183 -2262.13 105.179
