0 33.9301 1.27075 16.6659 -12.7266 2.75835 -0.138773 0.00348159 -3067.25 142.891
1 36.9427 1.05421 71.9481 -20.0905 2.76179 -0.108919 0.00249557 -4755.92 201.035
2 17.9673 1.17264 -351.274 84.3539 -6.91076 0.272738 -0.00291918 -5135.35 214.942
3 17.6813 1.10073 349.188 -96.2699 9.55306 -0.371149 0.00624419 -4676.33 198.575
4 43.5061 1.08733 163.473 -44.5289 5.23038 -0.215144 0.00409289 -3414.92 151.273
5 30.0536 1.26522 -177.532 40.6095 -2.73445 0.106259 -0.000509196 -4181.78 182.236
6 17.6961 0.909282 265.274 -81.7431 9.01997 -0.383551 0.00683029 -3857.25 167.435
7 32.5147 1.15984 229.076 -71.0922 8.37627 -0.36788 0.00674315 -5691.8 232.508
8 19.6632 0.826919 179.215 -58.5744 6.96396 -0.30541 0.00583079 -3954.21 172.595
9 57.7204 -3.53888 530.213 -140.59 13.3684 -0.515493 0.00820611 -5128.13 213.909
10 29.5266 1.34734 125.593 -43.0843 5.70971 -0.261135 0.00520337 -4494.49 194.174
11 37.9818 1.23486 735.793 -194.463 19.223 -0.769762 0.0120222 -4400.33 189.965
12 30.0874 0.787839 299.504 -85.0907 9.2384 -0.387293 0.00683017 -3716.3 163.101
13 21.5171 0.371943 93.1329 -34.7817 4.4251 -0.185757 0.00375338 -5581.67 231.951
14 32.7788 1.18955 -44.6609 3.43452 1.11886 -0.0673801 0.002222 -2946.5 135.506
15 33.9043 1.20569 59.7382 -24.9477 3.76068 -0.167142 0.00357658 -4311.39 184.748
16 49.6234 0.854863 297.257 -85.0243 9.69181 -0.423077 0.00758784 -4592.55 195.063
17 45.1717 1.49183 182.953 -53.7827 6.715 -0.302365 0.00581032 -4591.84 196.122
18 22.5921 1.10102 -430.761 105.644 -9.08588 0.369869 -0.00453261 -6901.7 273.39
19 35.2062 -0.915745 815.076 -206.022 18.5785 -0.689227 0.0101648 -5371.65 220.149
20 21.4836 1.36559 186.308 -62.1596 7.47637 -0.328389 0.00604758 -3626.65 159.326
21 18.346 0.891514 -106.061 14.4812 -0.0244093 -0.0144192 0.00133727 -5410.49 225.658
22 25.6418 1.07456 660.08 -184.433 18.9046 -0.785894 0.0127207 -5025.48 209.993
23 23.2631 0.888776 -60.245 -0.585167 1.78616 -0.102568 0.00282275 -3364.54 149.962
24 19.0768 0.591507 -13.8801 -7.36348 1.73981 -0.0726369 0.00197635 -2425.35 114.852
25 28.6016 1.06474 77.8127 -27.7744 3.60162 -0.140861 0.00282482 -4055.57 174.591
26 28.9634 0.886992 -40.473 -1.16781 1.50654 -0.0743861 0.00216142 -4975.5 209.655
27 44.3264 0.980623 644.128 -179.305 18.7438 -0.793103 0.0129932 -4432.98 189.614
28 43.3545 0.911289 -347.113 92.2169 -8.33791 0.370467 -0.00511957 -2892.35 127.87
29 19.6334 0.485532 324.082 -103.331 11.4364 -0.490555 0.00843532 -3851.89 167.021
30 24.6324 -0.330733 366.151 -108.229 11.3046 -0.469192 0.00802284 -4525.02 190.748
31 33.0165 1.04349 61.7539 -32.2851 4.96504 -0.235421 0.0047833 -5156.8 214.662
32 16.998 1.49985 -69.1521 6.54549 0.923694 -0.0656811 0.00232448 -2828.32 129.908
33 45.0837 2.01429 -354.856 90.9256 -7.27875 0.280708 -0.00303653 -5754.86 237.782
34 26.6939 1.30997 136.402 -49.9104 6.6174 -0.308099 0.00599591 -4744.08 199.022
35 16.7232 1.29711 -40.046 -3.54791 2.01883 -0.114684 0.0031163 -6428.23 260.465
36 47.6116 1.64423 39.2815 -17.3111 3.42948 -0.171681 0.00384511 -3791.55 168.359
37 32.4452 1.58595 97.6895 -36.1684 5.37086 -0.265777 0.00565662 -4991.66 212.101
38 18.6641 0.882116 -159.887 30.1172 -1.31337 0.0188349 0.00128656 -4432.97 191.771
39 31.4556 1.83894 280.757 -72.8907 7.75078 -0.317119 0.0056868 -4770.78 202.555
40 17.6496 0.92992 553.813 -152.135 15.2429 -0.618362 0.0100416 -3788.6 166.137
41 52.044 1.90072 201.157 -52.5032 6.36202 -0.280242 0.0053755 -3580.96 161.111
42 31.0839 1.70468 366.243 -108.693 12.3998 -0.559007 0.010017 -2829.73 135.705
43 36.4115 1.59682 416.432 -115.191 12.4167 -0.530989 0.00916569 -3819.34 169.212
44 66.3091 1.38585 -49.661 8.44749 1.22047 -0.0984252 0.00317304 -4189.23 183.179
45 51.7629 -2.91366 441.177 -115.331 10.9085 -0.416486 0.00679434 -5465.09 225.385
46 33.3886 1.64421 772.58 -210.567 21.6195 -0.913661 0.014927 -5359.4 223.658
47 28.5607 0.806409 239.457 -72.6226 8.13364 -0.342561 0.00609399 -4729.28 199.182
48 24.6696 1.38177 244.239 -72.2972 8.12326 -0.34456 0.00620739 -1803.14 94.2541
49 20.9293 1.11008 108.281 -45.0838 6.1415 -0.287586 0.0057287 -7333.86 285.226
50 50.5284 0.799356 20.6814 -12.6647 2.86021 -0.146307 0.00351061 -2636.56 124.901
51 19.8902 1.28938 317.07 -92.1012 9.86002 -0.405683 0.00682457 -4762.52 199.75
52 21.5035 0.936721 367.944 -109.735 11.9958 -0.513793 0.00883611 -3136.07 143.033
53 35.7821 0.94174 347.119 -105.488 11.9962 -0.530061 0.00933953 -4997.9 211.397
54 32.3759 1.30757 742.491 -203.3 20.8326 -0.875953 0.0142475 -6043.62 245.368
55 27.2129 1.08345 -120.599 19.8935 -0.39337 -0.00439422 0.00125887 -3031.66 139.626
56 32.4296 1.23283 111.014 -36.0259 4.59276 -0.195372 0.0039158 -5628.27 233.23
57 36.2082 0.868987 345.458 -102.35 11.377 -0.490644 0.00854306 -4856.1 207.242
58 16.6988 0.888744 426.579 -121.351 12.5668 -0.520519 0.00873867 -4739.98 201.042
59 47.4641 1.27786 472.531 -124.089 12.6409 -0.506584 0.0081618 -6427.57 262.767
60 30.4969 1.02508 -146.712 26.8322 -0.98817 0.0152695 0.0010223 -4560.06 190.94
61 32.2986 1.27769 334.065 -94.1783 10.2091 -0.433709 0.00755255 -4419.74 186.801
62 30.13 1.13922 448.574 -127.424 13.517 -0.570399 0.00959556 -4670.47 197.322
63 33.7535 1.04447 115.802 -33.5865 3.85387 -0.136292 0.0024345 -5167.16 214.905
64 68.6433 0.00790718 223.842 -58.5949 6.90599 -0.299151 0.00564516 -2824.89 134.08
65 65.015 1.51201 -193.795 48.5072 -2.87128 0.082471 0.00024683 -2440.01 119.552
66 58.2962 1.74509 -172.521 45.492 -2.8673 0.0945483 -0.00011535 -3400.36 153.653
67 81.2073 1.61868 214.524 -50.6603 6.20321 -0.267126 0.00501481 -3844.59 169.357
68 62.9592 0.405525 -161.322 48.56 -3.82081 0.159423 -0.00138243 -3976.05 172.391
69 50.354 1.37254 -219.438 54.5019 -3.81954 0.13673 -0.00077826 -3310.55 148.759
70 58.9518 1.13503 -297.851 80.3708 -6.54088 0.257296 -0.0026491 -6161.39 253.456
71 99.0936 1.16265 95.754 -9.21702 1.67691 -0.0621732 0.00177908 -4475.64 192.664
72 74.178 1.27195 403.611 -99.163 10.4692 -0.430686 0.00736014 -4032.12 176.986
73 64.2284 1.57238 298.551 -74.493 8.28592 -0.352096 0.00644321 -4032.25 177.965
74 79.3393 1.17206 189.06 -44.0384 5.40301 -0.231569 0.00450983 -4363.35 189.316
75 61.7643 1.19144 72.6111 -10.6695 1.58881 -0.0524791 0.00165271 -5479.35 227.598
76 83.6357 1.3387 67.11 -6.56774 1.54447 -0.0662663 0.00203906 -3060.39 140.84
77 78.2852 -0.0512078 -184.723 50.5507 -3.52575 0.132042 -0.000847066 -2704.7 127.077
78 100.395 1.31196 -0.375813 5.30254 1.26376 -0.0839997 0.00265412 -4047.56 180.807
79 55.0692 1.44006 -146.402 36.708 -2.12851 0.0670893 0.000280132 -3669.54 162.986
80 43.2711 1.25789 724.347 -187.264 18.3965 -0.737249 0.0115913 -3756.19 164.14
81 62.8286 1.11004 30.6587 -7.00057 1.70767 -0.0698901 0.00192026 -4590.15 194.976
82 67.2278 1.07744 129.335 -30.6844 3.94381 -0.163797 0.00341562 -1872.5 98.9506
83 85.6056 0.846131 -132.11 44.941 -3.62931 0.162114 -0.00162938 -4608.36 195.587
84 68.0122 1.18888 172.106 -42.16 5.05691 -0.208024 0.00402148 -3593.29 159.53
85 69.6201 1.45295 937.136 -241.223 23.9387 -0.975549 0.0152505 -4098.49 178.439
86 84.0398 1.12926 731.82 -186.918 18.9816 -0.780558 0.0124724 -4672.07 200.236
87 66.2007 0.980621 286.117 -69.1753 7.25245 -0.279823 0.00478895 -4395.01 187.601
88 43.7651 0.771638 -73.1908 9.91519 0.559032 -0.0415474 0.0017586 -3627.27 160.407
89 73.8536 1.13957 460.433 -121.797 13.1253 -0.554794 0.00937714 -4269.28 185.364
90 84.2172 0.794912 416.921 -108.784 11.9893 -0.517216 0.00901629 -3553.58 161.524
91 79.0793 1.03424 342.34 -84.2294 8.96145 -0.356169 0.00593026 -3682.32 161.671
92 74.6895 0.928047 206.603 -52.52 6.33512 -0.272874 0.00516216 -5408.35 227.649
93 67.7049 1.22754 100.903 -26.3572 3.87896 -0.17287 0.00369724 -3995.17 176.874
94 70.5387 1.10187 346.33 -86.4183 9.17335 -0.373149 0.00640303 -2744.93 129.561
95 59.3407 0.0140651 339.493 -87.0824 9.10883 -0.379417 0.00579418 -2744.93 129.561
