0 62.2164 0.961232 -29.1463 19.9203 -1.68784 0.0818463 -0.000563623 -1811.2 88.4873
1 43.4625 0.714028 215.268 -50.6931 5.16635 -0.207849 0.00393777 -1683.56 85.263
2 33.0725 1.11115 -116.368 34.1103 -2.88593 0.124136 -0.00105757 -5180.01 207.793
3 33.6299 1.27498 -14.0823 4.35178 0.361367 -0.0291762 0.00153697 -2685.74 120.684
4 44.2881 1.04599 43.5205 -1.64644 0.141727 0.0156425 0.000135631 -1405.01 69.4629
5 44.7255 0.899625 -70.852 29.464 -2.99602 0.152986 -0.00186126 -1853.74 88.055
6 29.3019 1.02961 -78.7462 19.4401 -1.14356 0.0415101 0.000217208 -1744.97 83.7629
7 43.688 0.763607 -38.0678 15.9294 -1.29362 0.0672305 -0.000407526 -1159.48 63.7558
8 74.8557 0.637588 148.644 -26.2102 2.84989 -0.111145 0.00239174 -2245.95 104.871
9 55.3015 0.602288 342.649 -72.8034 6.25247 -0.20838 0.0032426 -1165.88 64.3437
10 55.5057 0.873229 143.7 -28.0929 2.85617 -0.100126 0.00201122 -1422.71 73.9611
11 37.7813 1.04617 78.4568 -16.7157 2.06996 -0.0883209 0.00221301 -901.513 55.9377
12 64.1251 1.3872 277.458 -63.0591 6.54133 -0.266299 0.00478568 -2210.39 105.077
13 44.126 1.36383 170.343 -32.4558 2.77774 -0.0754772 0.00138404 -2408.39 109.706
14 34.8413 1.08057 163.267 -39.7461 4.10034 -0.155613 0.00290317 -4324.44 175.868
15 53.4474 0.92631 226.894 -44.9299 3.83919 -0.113691 0.00186523 -1229.1 65.8777
16 50.9049 0.896386 391.291 -90.3562 8.37696 -0.316073 0.00519789 -2110.22 100.336
17 43.7128 0.801243 -101.104 30.6905 -2.48498 0.10722 -0.000840059 -1891.97 89.8404
18 42.6295 0.741032 254.511 -54.7993 4.81736 -0.164346 0.00282765 -2467.49 109.37
19 44.1955 1.09199 -118.459 39.7662 -3.68536 0.166552 -0.00197153 -1865.72 86.7808
20 41.7661 0.958891 296.963 -66.8449 6.00088 -0.210181 0.00351398 -1897.16 91.552
21 60.6364 0.951534 391.49 -90.1169 8.47918 -0.316222 0.00499987 -1574.44 79.4474
22 40.2082 1.05233 132.547 -29.9791 3.19622 -0.124499 0.00257557 -2499.91 112.585
23 20.9055 0.744126 0.51515 6.33821 -1.02708 0.0757626 -0.000698667 -3118.63 133.113
24 35.4783 1.08408 103.727 -12.5662 0.437718 0.0285696 -0.000113843 -2055.22 94.7855
25 44.9682 0.994719 100.012 -11.3262 0.474882 0.0223671 4.37541e-05 -3764.23 161.979
26 20.3952 0.648448 244.556 -58.9699 5.17567 -0.168752 0.00266972 -1352.34 69.7053
27 46.1264 1.0872 45.9633 -2.26521 0.211866 0.00903533 0.000521003 -1839.31 89.8604
28 61.961 0.728954 231.863 -45.6827 4.03541 -0.13108 0.00226764 -2901.05 124.608
29 46.2639 0.760605 114.81 -18.5026 1.4301 -0.0253484 0.000826995 -475.631 40.1995
30 36.5216 0.730836 26.8772 3.46856 -0.767349 0.0661353 -0.000492698 -1458.07 74.4233
31 36.3094 0.748035 134.656 -24.1172 1.72308 -0.0271413 0.000692611 -1918.16 90.6161
32 16.8621 0.866081 -80.2885 22.3967 -2.10135 0.103256 -0.000960818 -2055.6 93.2435
33 21.3743 0.928292 146.597 -37.1697 3.68769 -0.135289 0.00254291 -2584.87 112.658
34 19.137 0.60232 25.1442 -2.72802 -0.0119574 0.0267126 0.000125341 137.045 16.884
35 16.939 0.657696 257.53 -63.4523 5.74669 -0.207682 0.00357293 -3210.99 135.471
36 56.4764 -2.99455 -135.974 41.1434 -4.24549 0.197117 -0.00242557 -1779.49 81.1033
37 47.3132 -2.24482 -41.7965 12.8737 -1.17316 0.0521896 0.000112325 -2189.74 98.7373
38 15.1973 0.780221 282.48 -66.5984 5.71756 -0.196538 0.00325967 -1754 83.5688
39 16.2256 0.914301 -207.177 56.4987 -5.35687 0.230997 -0.00269366 -2221.83 99.8409
40 17.4208 0.844069 -141.78 40.1913 -3.89269 0.176734 -0.00198652 -1379.31 70.235
41 20.8486 1.17253 144.856 -37.5951 3.91048 -0.154111 0.00299137 -1860.28 88.842
42 56.5468 -3.49049 86.129 -18.7695 1.58977 -0.0483873 0.00140661 -1716.24 82.8104
43 51.6679 -3.06967 80.2432 -18.1659 1.61606 -0.0513845 0.00146485 -1900.24 89.1721
44 16.148 0.817389 134.693 -25.6574 1.41666 0.00662882 -0.000263978 -2242.97 99.1888
45 19.4848 0.368402 96.4565 -20.0209 1.49498 -0.0317744 0.000959955 -1999.72 92.7336
46 158.556 -12.8556 138.43 -30.34 2.37677 -0.0628159 0.00129099 -2083.66 94.2135
47 30.1101 1.02293 212.744 -42.7532 3.27025 -0.0838649 0.00135649 -2692.78 116.245
48 24.376 0.123117 -862.745 235.449 -23.3884 1.00921 -0.0149759 -2178.53 90.2392
49 19.9513 0.47914 610.874 -153.327 13.8607 -0.511903 0.00745557 -2172.13 97.0791
50 29.6744 1.46795 -77.8139 30.9331 -3.32869 0.167783 -0.00205122 -1199.55 63.7456
51 23.3441 1.02156 224.58 -46.3535 3.43019 -0.0803281 0.00116472 -3976.45 158.142
52 18.5267 0.547835 344.642 -86.7997 8.03209 -0.306095 0.00510547 -50.446 22.5195
53 20.436 0.558738 262.475 -62.2192 5.37503 -0.180474 0.00294785 -2665.48 117.344
54 23.7807 1.04085 502.339 -125.201 11.5893 -0.441878 0.00686219 -2402.76 107.025
55 19.5485 0.617578 348.544 -86.3347 7.81018 -0.28336 0.00448875 -2291.03 102.37
56 19.1798 0.898192 52.5542 -4.82973 -0.21725 0.0523774 -0.000579198 -2154 93.9551
57 20.8555 0.443752 139.114 -27.0421 1.75926 -0.0237229 0.000549717 -1911.29 88.3947
58 20.5819 0.84352 233.99 -53.6095 4.4767 -0.135605 0.00211504 -3203.19 136.198
59 19.5985 0.446153 39.0046 -3.52273 -0.254464 0.0511536 -0.000486047 -1915.39 88.8095
60 23.7507 1.0068 172.415 -32.2495 2.03015 -0.0176606 2.66939e-05 -2674.88 113.117
61 27.284 -0.453574 402.911 -98.6799 8.67988 -0.308723 0.00470389 -1735.97 81.3164
62 19.6267 0.432626 257.393 -64.5874 5.99279 -0.226029 0.00400063 -2654.17 118.262
63 21.2676 0.312384 106.122 -10.0041 -0.840448 0.126434 -0.00239101 -4286.99 176.344
