0 70.2537 1.10877 664.551 -164.629 16.1682 -0.646057 0.0102433 -2966.88 137.519
1 25.7158 1.3119 -46.0311 1.19309 1.31496 -0.0734843 0.002204 -3518.78 154.881
2 72.1075 0.733794 -179.723 46.391 -2.93627 0.0977011 -0.000266334 -3185.8 142.948
3 49.1725 0.429302 -486.309 124.515 -10.7858 0.437 -0.00559436 -2923.22 131.675
4 31.5548 0.475838 202.891 -59.3588 6.46358 -0.257915 0.00457194 -2729.54 123.975
5 51.333 1.60187 -136.483 32.8058 -1.85349 0.0646042 5.80448e-05 -4218.83 179.461
6 57.1605 1.00039 -242.482 60.3819 -4.30445 0.15448 -0.00110117 -3373.3 150.037
7 48.9154 1.0589 -556.053 141.525 -12.0926 0.471662 -0.00570034 -4065.39 172.932
8 67.4268 0.864364 262.652 -61.8096 6.46105 -0.247926 0.00425307 -2817.23 127.409
9 38.5833 0.681141 -22.656 2.71117 0.542194 -0.0169366 0.00101706 -2813.94 127.527
10 69.3657 0.659322 -83.1301 23.7124 -1.1369 0.0383595 0.000435696 -1562.24 84.8839
11 51.5659 1.43317 -71.8656 20.0153 -1.10819 0.0542205 -0.000104497 -3736.45 161.13
12 63.1307 1.21459 427.506 -107.74 10.9719 -0.436662 0.00711091 -3328.91 147.998
13 79.2518 0.312074 563.524 -136.894 13.2979 -0.513433 0.00801547 -2035.21 103.131
14 45.8791 0.973306 -54.3974 11.8974 -0.0830527 -0.00209586 0.000980299 -2503.66 118.891
15 62.1946 1.32186 42.9443 -11.0425 2.1592 -0.0913274 0.00222645 -2437.61 115.521
16 54.4397 1.46471 55.8637 -13.1455 2.12217 -0.0830344 0.00203903 -2925.55 132.265
17 72.7472 1.31137 154.944 -38.473 4.86142 -0.205143 0.00394105 -3212.48 142.828
18 64.7911 0.477639 69.0432 -20.2232 3.11706 -0.132857 0.00282331 -2761.65 126.262
19 46.9598 0.857111 112.159 -27.6131 3.06138 -0.0998471 0.00196171 -2825.34 128.289
20 52.4773 1.21859 -151.398 39.2538 -2.73257 0.109054 -0.000748909 -3020.64 135.835
21 24.796 0.79245 51.5895 -25.5005 3.66444 -0.157345 0.00317788 -3816.47 163.593
22 65.573 0.89994 603.553 -156.183 15.7326 -0.634015 0.0100068 -2956.33 134.971
23 50.3861 1.48658 83.8827 -16.8778 2.10079 -0.0690213 0.00166209 -3855.46 168.234
24 31.2255 0.977053 12.9354 -11.3137 2.18206 -0.0962377 0.00239625 -3729.84 162.751
25 52.1274 0.816116 436.718 -113.608 11.4132 -0.445599 0.00706131 -3595.2 155.874
26 44.1613 0.937074 146.816 -39.8693 4.53397 -0.174699 0.00329828 -4494.55 187.323
27 43.209 0.679192 340.625 -94.737 9.9311 -0.399666 0.00658499 -3702.78 158.652
28 30.8343 0.830101 47.8696 -20.7915 2.93997 -0.120308 0.00265948 -1637.95 86.0804
29 73.0643 1.01565 377.485 -92.8137 9.5933 -0.381642 0.00633376 -3855.07 165.211
30 27.2719 1.03078 -99.3813 18.9499 -0.964605 0.0473291 3.01279e-05 -3098.99 137.836
31 40.9994 0.711918 13.9307 -5.59416 1.15408 -0.0328744 0.00112628 -2625.56 120.073
32 23.8086 1.58915 106.245 -19.9798 0.91817 0.0237123 -0.000203224 -3981.66 165.468
33 -21.911 7.60244 2589.4 -639.223 55.9782 -1.9778 0.027063 -6378.76 292.783
34 -19.2052 8.10423 571.077 -120.465 8.93488 -0.267857 0.00386612 -1145.69 65.5727
35 -12.5819 9.33256 96.8269 -14.3157 0.223833 0.0530054 -0.000524054 -5258.05 213.529
36 59.8907 -3.17844 -328.108 96.098 -10.2114 0.482367 -0.00695735 -2964.85 129.275
37 58.9819 -3.11468 562.279 -151.644 14.679 -0.579626 0.009242 -3433.42 149.495
38 60.4101 -2.89057 991.35 -239.027 20.777 -0.757089 0.0109911 -3687.3 156.408
39 7.12326 3.31419 586.173 -125.91 9.32091 -0.266312 0.00345183 -4051.73 169.611
40 -0.124969 2.61008 277.017 -64.64 5.23648 -0.154954 0.00248384 -3553.38 151.983
41 -0.124969 2.61008 762.156 -166.628 12.8411 -0.402786 0.00546426 -4969.22 202.325
42 13.7704 5.18705 140.576 -24.1416 1.01007 0.0253255 -0.000256243 -1890.9 91.037
43 18.9506 0.68835 354.17 -102.304 10.5355 -0.42159 0.00692424 -3604.33 155.643
44 18.9506 0.68835 1002.65 -220.568 17.171 -0.551303 0.00727295 -2726.95 120.855
45 58.6941 -3.39294 178.868 -48.6284 4.59311 -0.150219 0.0025182 -3840.85 164.527
46 16.7178 0.841806 -189.479 42.6018 -3.52553 0.163604 -0.00186859 -2840.83 125.966
47 22.0946 0.815801 921.459 -222.246 19.1992 -0.68718 0.00982462 -3236.76 142.239
48 80.548 -5.04835 536.294 -134.91 12.0723 -0.432667 0.00643694 -2831.45 124.534
49 28.8263 -1.35967 1224.72 -292.024 25.0639 -0.903793 0.0127363 -2707.64 122.987
50 16.2044 4.67386 460.095 -113.966 9.86011 -0.337472 0.00500879 -2822.03 126.431
51 56.9542 -2.9375 253.004 -66.8361 6.14711 -0.212088 0.00352772 -6271.95 240.927
52 20.9758 0.376434 44.7345 -18.5395 2.12011 -0.0579603 0.0012221 -3227.57 138.019
53 29.5524 2.5654 877.719 -215.225 18.8362 -0.679273 0.0097351 -2351.09 107.754
54 29.5524 2.5654 1132.75 -260.982 21.5386 -0.742625 0.0101524 -2387.9 108.801
55 26.8472 2.1409 281.339 -71.7921 6.27024 -0.204652 0.00322663 -2952.51 129.523
56 112.473 -8.15801 1020.85 -246.95 21.4124 -0.771705 0.0109283 -3627.96 153.957
57 64.5236 -3.68757 454.523 -116.856 10.5207 -0.371993 0.0055725 -2697.69 121.216
58 22.2152 0.0661857 116.1 -39.7362 4.27117 -0.152963 0.0028116 -4320.3 176.994
59 22.764 0.119499 625.352 -155.642 13.7008 -0.487176 0.00711362 -1677.67 84.9791
60 38.7795 -1.35354 398.82 -99.203 8.68115 -0.296175 0.0044938 -3782.93 158.383
61 28.9047 -0.675416 889.777 -237.91 22.7985 -0.904393 0.0138416 -3762.95 161.357
62 8.07126 1.56328 182.464 -53.723 5.39259 -0.19698 0.0034741 -3777.78 160.504
63 24.0648 0.493918 271.862 -78.3949 8.06721 -0.313952 0.0052242 -2666.66 121.983
64 21.8939 0.597449 349.793 -87.9056 8.18539 -0.290219 0.00441864 -2586.07 117.13
65 20.7839 0.457683 157.416 -45.0759 4.79456 -0.179948 0.00326256 -3165.6 138.664
66 46.0732 -1.92848 21.5611 -13.497 1.9481 -0.0758575 0.00200071 -2121.16 102.306
67 19.9306 0.600824 -111.376 23.0023 -1.46738 0.0656729 -0.000193103 -1240.48 69.978
68 20.3986 0.539627 79.9711 -30.4781 3.80184 -0.156166 0.00318368 -2362.66 109.587
69 20.5047 0.597152 -50.6188 8.70123 -0.17352 0.0129527 0.000449447 -1070.68 60.625
70 19.8369 0.55763 46.5193 -15.9228 1.88354 -0.0553814 0.0012734 -2115.2 98.5054
71 19.3745 0.704374 -107.741 25.4275 -1.99354 0.0994783 -0.000917862 -2848.87 127.135
72 35.7426 -0.78311 -45.4136 10.6636 -0.975902 0.0714845 -0.000628787 -1654.87 83.1784
73 21.1618 0.602775 62.44 -14.2528 1.1561 -0.00840687 0.000481982 -1492.43 77.7771
74 40.7181 1.11129 -285.91 72.6563 -5.95143 0.236759 -0.00252402 -3981.85 172.022
75 30.8904 0.9389 -273.34 69.6287 -5.92973 0.248675 -0.00291034 -1883.63 93.132
76 26.2368 0.877526 -38.5404 3.45908 0.548632 -0.0183059 0.000923194 -2387.43 109.043
77 25.5576 0.875048 68.1672 -25.174 3.05325 -0.107291 0.00207085 -3510.74 149.588
78 21.5409 0.368125 160.276 -46.5974 4.78376 -0.169882 0.0029075 -2083.42 97.6498
79 26.3944 1.15038 -620.289 156.836 -13.9368 0.560361 -0.00723112 -1306.89 71.8584
80 25.6556 1.03357 -93.621 13.1029 0.0309602 -0.0120403 0.00104583 -1599.41 81.6447
81 40.508 0.972185 20.7243 -4.05168 0.728401 -0.00466842 0.000483128 -3676.71 156.904
82 21.465 0.536737 219.12 -68.1113 7.38789 -0.298815 0.00514102 -2706.32 122.534
83 20.0239 0.29459 182.808 -51.6409 5.09534 -0.184731 0.00320456 -2099.28 97.9755
84 22.3831 0.64792 -28.5138 -0.600236 0.768419 -0.0200281 0.000941627 -2490.02 112.59
85 22.6567 1.05772 -64.3173 9.80049 -0.128458 0.0125769 0.000459395 -3387.68 146.098
86 17.9458 0.368463 296.684 -78.311 7.22927 -0.250496 0.00390559 -2826.3 123.319
87 21.6387 0.724155 168.909 -46.4318 4.62434 -0.157911 0.00267898 -2603.78 116.331
88 19.819 0.878534 121.625 -40.2845 4.60419 -0.176191 0.00312589 -3319.28 146.282
89 16.8329 0.673881 124.802 -34.1015 3.08328 -0.0840065 0.00145651 -1793.52 87.6146
90 53.4452 -2.68765 345.412 -89.4357 8.16325 -0.289813 0.00457336 -1390.7 74.0148
91 30.7758 1.14073 381.872 -102.06 10.1775 -0.394616 0.00630966 -2782.73 125.638
92 29.0592 0.738548 527.776 -142.019 13.9008 -0.539922 0.00830798 -2025.31 97.8788
93 46.5206 0.57593 550.133 -143.094 13.8906 -0.533342 0.00815829 -3649.15 158.318
94 18.3222 0.769014 223.705 -61.6176 6.00112 -0.214171 0.00357513 -3728.44 155.666
95 18.3222 0.769014 223.705 -61.6176 6.00112 -0.214171 0.00357513 -3728.44 155.666
