0 29.8989 -0.241466 473.044 -124.199 11.8723 -0.46528 0.00772993 -5431.34 222.831
1 37.462 -1.26831 337.271 -86.0985 7.88636 -0.292577 0.00501486 -3676.21 158.721
2 47.4461 -2.0987 161.324 -38.2388 3.17666 -0.0871497 0.00174964 -5159.27 212.921
3 17.8571 1.00492 415.788 -117.208 12.0509 -0.489874 0.00813271 -4951.81 206
4 14.0695 1.46028 347.859 -101.846 10.6342 -0.435631 0.00737174 -3630.34 159.127
5 37.4747 -0.990744 834.548 -210.603 19.1453 -0.727279 0.011138 -4452.45 189.732
6 22.5837 1.05047 642.462 -158.925 14.1693 -0.524461 0.00813114 -4680.31 197.654
7 53.3221 -2.66559 1281.62 -339.88 32.4859 -1.3043 0.0199233 -4994.64 208.831
8 51.4467 -2.14966 522.476 -132.594 12.0815 -0.444129 0.00687845 -5216.61 214.869
9 29.9114 -0.497129 893.658 -223.134 20.0314 -0.754073 0.0113881 -2796.04 129.22
10 14.3967 1.25309 163.762 -45.5334 4.56523 -0.162663 0.00301216 -3365 148.167
11 13.4743 1.14241 1202.44 -276.879 23.0533 -0.816044 0.0116015 -6586.37 259.342
12 19.743 0.53943 121.132 -38.343 4.21515 -0.157606 0.00306294 -2832.68 129.787
13 19.4531 0.511267 1283.65 -328.732 30.5069 -1.19973 0.0181895 -5169.84 213.205
14 10.8725 1.68573 190.125 -52.186 5.09076 -0.181387 0.00332385 -3184.13 142.871
15 20.2743 0.546511 392.672 -116.101 12.2254 -0.509132 0.00863381 -3596.97 159.844
16 44.574 -2.02486 73.606 -24.7197 2.67098 -0.0889061 0.00194434 -3958.39 166.959
17 17.0896 0.872982 420.438 -112.703 10.8577 -0.414588 0.00663761 -3903.64 168.268
18 22.557 0.382407 1286.18 -314.869 27.8248 -1.04109 0.0152154 -5338.77 217.805
19 11.3598 2.58511 395.15 -95.8822 8.338 -0.294575 0.00484021 -3953.38 169.658
20 19.0201 0.630803 197.113 -60.5966 6.53212 -0.258802 0.00457783 -2806.57 126.934
21 19.0201 0.630803 920.808 -222.1 19.3116 -0.709908 0.0105596 -3764.11 161.846
22 42.4321 -2.09292 817.997 -210.418 19.4905 -0.749703 0.0114446 -4419.03 186.586
23 19.8862 0.817878 423.798 -108.519 9.94452 -0.37196 0.0061061 -3996.48 172.157
24 48.7714 -2.27744 671.442 -170.866 15.6213 -0.591525 0.00916349 -4801.66 199.47
25 14.5909 1.05738 413.632 -113.29 11.1124 -0.437336 0.00723267 -2405.07 115.688
26 48.4423 -1.99077 486.997 -133.071 12.9884 -0.512663 0.00827249 -6712.77 265.882
27 36.2411 -0.60258 595.927 -148.047 13.2164 -0.485071 0.00753622 -3082.7 137.956
28 44.5266 -1.81006 528.952 -138.824 12.9633 -0.493716 0.00781418 -2357.95 112.825
29 16.222 1.12243 474.459 -131.788 13.0684 -0.517289 0.00832403 -3877.2 166.464
30 16.6406 1.0406 121.977 -46.2986 5.74936 -0.250129 0.00478781 -3693.48 161.01
31 43.0936 -1.74207 789.354 -198.616 17.9055 -0.669494 0.0100558 -4218.41 179.165
32 19.6481 1.2841 105.921 -39.911 5.2916 -0.237751 0.00472996 -4813.12 204.218
33 17.9412 0.816483 -100.78 7.25894 1.18925 -0.0871543 0.00277183 -6634.21 259.8
34 17.7009 1.32517 257.32 -73.4491 7.80996 -0.311774 0.00533908 -6946.71 275.731
35 26.8684 1.02907 -44.2108 -0.575996 1.56692 -0.0818719 0.00231664 -5384.02 223.357
36 16.7907 1.0066 144.168 -49.9738 6.04024 -0.260011 0.00494043 -5963.96 243.536
37 24.6496 0.998518 238.91 -67.7304 7.32571 -0.298607 0.0054236 -3438.78 152.966
38 21.7716 0.690293 823.145 -202.317 17.9348 -0.663423 0.00994964 -4385.82 186.283
39 47.2827 1.26032 623.39 -160.734 15.9403 -0.637425 0.010205 -3624.61 162.96
40 15.2308 1.2587 75.3617 -25.7044 2.95002 -0.110045 0.00248858 -5307.48 216.527
41 23.6704 1.31572 579.009 -161.001 16.4676 -0.674266 0.0107944 -3958.12 171.793
42 19.8428 1.31742 509.041 -141.437 14.3646 -0.583062 0.00948045 -6320.56 249.19
43 50.9714 -2.48317 638.043 -166.409 15.5463 -0.595112 0.00923943 -2748.09 128.243
44 20.7991 0.223042 392.808 -113.313 11.692 -0.477043 0.00797111 -4195.77 180.045
45 19.8678 0.832394 373.838 -109.832 11.7002 -0.492499 0.008452 -3790.16 165.765
46 20.6302 0.892007 -42.5887 -3.86487 2.09391 -0.122868 0.00335892 -3447.31 153.504
47 45.2307 -1.85417 510.599 -121.547 10.3373 -0.358427 0.00550936 -4128.03 176.62
48 19.6597 0.765896 192.431 -63.1506 7.33627 -0.315755 0.00580531 -4721.11 197.275
49 37.4294 0.959905 353.409 -97.8467 10.3129 -0.419014 0.00696427 -4051.31 173.781
50 19.6323 0.542874 -114.02 13.0778 0.421159 -0.0475666 0.00206497 -3615.23 157.86
51 16.3911 0.983646 305.542 -85.8982 8.61646 -0.335244 0.00565878 -4149.71 176.306
52 19.6446 0.497142 144.819 -49.0979 5.61749 -0.232902 0.0044626 -2398.47 114.906
53 18.0817 0.924717 24.7973 -17.2187 2.74064 -0.116891 0.00268544 -3614.44 159.406
54 20.8745 1.30495 365.579 -111.099 12.124 -0.514858 0.00873962 -4321.47 184.532
55 20.7054 0.401448 309.451 -92.0343 9.64699 -0.388805 0.0065144 -3605.21 158.457
56 26.3061 1.05604 557.99 -157.935 16.4146 -0.689023 0.011346 -4571.44 192.922
57 41.0169 0.966824 380.204 -101.451 10.2378 -0.395286 0.0063271 -3765.81 164.879
58 41.0169 0.966824 949.727 -228.926 19.8919 -0.726865 0.0106558 -5272.42 218.394
59 19.8988 0.400357 692.648 -190.534 18.8096 -0.75867 0.0120081 -4037.14 174.724
60 17.4772 0.904134 294.929 -87.8531 9.27517 -0.38213 0.00668677 -4172.67 178.763
61 28.869 0.641309 439.684 -125.684 13.0503 -0.535604 0.00880623 -3840.68 166.959
62 28.4656 0.868641 448.989 -126.547 13.056 -0.531475 0.00872277 -3861.97 168.835
63 19.2199 0.591456 544.024 -152.775 15.4106 -0.626562 0.0101189 -4344.1 186.202
64 50.3135 -2.55748 281.881 -73.6423 6.87788 -0.254691 0.00441571 -3796.56 163.132
65 17.3188 0.97332 620.948 -165.939 16.0344 -0.633472 0.0100324 -3848.11 167.122
66 6.75112 2.21069 643.277 -181.94 18.5942 -0.778978 0.0127391 -4495.06 191.25
67 17.8107 1.04744 701.786 -189.559 18.5833 -0.740327 0.0115232 -5310.79 220.48
68 19.3897 1.08478 592.011 -157.045 15.2381 -0.59642 0.00939833 -4746.7 201.381
69 24.9083 1.60226 718.9 -186.434 17.8934 -0.699422 0.0107629 -2974.65 135.526
70 42.3602 -1.53238 -106.449 30.6835 -3.32939 0.182919 -0.00244894 -4649.07 189.432
71 17.3175 1.00316 459.165 -123.885 12.139 -0.470672 0.00746063 -6127.24 248.544
72 45.2905 -2.4852 815.441 -207.408 19.0289 -0.727211 0.0110987 -4513.27 190.233
73 27.3899 1.33536 93.397 -26.1781 3.05855 -0.110008 0.0023014 -3920.69 169.787
74 15.9895 1.27017 920.115 -246.349 24.0414 -0.969777 0.0149994 -4014.02 171.663
75 16.3915 1.13714 468.863 -130.208 12.9834 -0.520664 0.00850912 -4197.75 179.59
76 36.8487 1.44144 515.554 -132.683 13.0011 -0.508506 0.00812339 -4400.81 189.254
77 17.6478 0.850812 685.584 -187.153 18.4645 -0.746986 0.0118632 -4770.01 201.411
78 19.6026 0.765681 549.97 -150.646 14.9813 -0.600388 0.00957807 -5790.81 237.025
79 19.8691 0.565023 533.279 -149.306 14.9954 -0.60607 0.00978146 -4708.79 197.73
80 8.60059 1.90042 609.905 -159.534 14.9973 -0.572134 0.00877032 -2643.59 120.694
81 17.7047 1.02892 747.13 -198.412 19.111 -0.752555 0.0116281 -4463.74 188.948
82 16.6199 0.993489 416.632 -115.633 11.5652 -0.457929 0.00743068 -4799.53 197.814
83 17.6936 0.834682 195.159 -62.2996 6.77912 -0.269991 0.00470235 -3619.35 155.626
84 23.4142 0.525367 353.157 -107.398 11.6625 -0.494075 0.00839244 -4896.48 204.527
85 18.6469 0.682229 280.776 -80.3507 8.23892 -0.322501 0.005444 -4416.74 186.244
86 20.0467 1.297 26.6702 -18.6571 3.06597 -0.136471 0.00302727 -3231.67 143.215
87 20.2616 0.363501 146.417 -50.8997 5.8561 -0.241545 0.00446495 -3788.67 162.45
88 26.9143 1.2309 214.258 -67.2892 7.75505 -0.32949 0.00585395 -3770.65 163.856
89 42.2668 -1.40791 548.934 -146.626 14.0242 -0.541335 0.00847475 -5207.13 216.074
90 20.5794 0.593056 515.842 -142.588 14.1092 -0.55354 0.00868693 -3859.11 165.324
91 52.6559 -2.62956 382.995 -101.473 9.57984 -0.355189 0.0056175 -3980.69 168.626
92 19.4131 0.546627 227.062 -69.7973 7.53091 -0.305169 0.00536156 -3532.14 154.832
93 37.8997 1.27467 510.237 -135.334 13.5461 -0.537923 0.00852459 -3976.14 171.431
94 22.1483 0.383329 253.841 -76.5056 8.23317 -0.33741 0.00590906 -5303.69 219.766
95 20.1623 0.113232 253.841 -76.5056 8.23317 -0.33741 0.00590906 -5303.69 219.766
