0 31.7997 1.08519 -339.116 84.2009 -7.11864 0.293965 -0.0035311 -2422.73 113.632
1 21.4783 0.811996 397.715 -111.001 11.2126 -0.440818 0.00711857 -2880.03 131.449
2 17.0501 1.67841 154.036 -47.7293 5.51125 -0.226639 0.00422323 -2514.69 116.822
3 22.144 0.981815 -61.5046 7.48604 0.217473 -0.00707766 0.000976912 -3433.59 151.609
4 48.0556 1.10882 -69.0421 12.8792 0.200628 -0.0284115 0.00155195 -3229.48 143.643
5 26.3704 1.09717 -279.625 67.1569 -5.40296 0.218916 -0.00239597 -2348.31 108.912
6 19.0128 0.556756 21.4586 -16.8523 2.63138 -0.112511 0.002582 -2122.34 102.185
7 34.7417 1.08252 19.4969 -6.41186 1.3616 -0.0531602 0.00169825 -2348.06 112.012
8 50.7402 1.35139 162.031 -38.1582 4.24014 -0.160708 0.00306652 -4243.92 180.901
9 41.0158 1.1823 34.0405 -7.24396 1.23159 -0.0338381 0.0011159 -3624.28 157.636
10 30.9418 1.05551 3.46316 -4.98896 1.20745 -0.0415172 0.00133173 -2438.45 112.118
11 13.4782 1.08283 -191.633 43.513 -3.52801 0.152163 -0.00149849 -1476.9 76.9914
12 47.5424 0.972921 -58.3675 12.1873 -0.209068 0.0115834 0.000568672 -2529.2 116.291
13 18.8976 1.76193 144.113 -40.3669 4.35104 -0.160716 0.00302743 -4518.78 190.745
14 23.9294 1.12423 -2.03066 -4.80648 1.23037 -0.0439302 0.00140728 -3138.4 136.96
15 57.0801 1.00934 640.336 -166.727 16.6494 -0.671566 0.0106058 -3148.56 141.05
16 35.42 1.21275 67.9777 -19.0947 2.40665 -0.0837038 0.0018968 -4458.57 186.525
17 27.578 1.32236 -18.6662 3.87411 0.129473 0.0124266 0.000419075 -2837.95 128.707
18 20.4492 1.28266 -26.4984 4.02835 0.129732 0.0108368 0.000460578 -5998.95 236.038
19 32.1214 1.15306 -84.9951 12.3987 0.145425 -0.0208691 0.00137225 -2718.73 125.098
20 27.72 0.936016 -224.692 47.2633 -3.24801 0.12459 -0.000909508 -3211.2 140.582
21 19.2338 0.767421 -2.17355 -8.65265 1.5868 -0.0571369 0.00165102 -3409.58 147.465
22 68.4676 0.918492 266.216 -66.4483 7.12435 -0.28318 0.00486524 -2550.31 119.016
23 48.4759 0.920811 149.256 -43.2207 5.11919 -0.205779 0.00378398 -2332.74 111.138
24 23.9641 0.955967 -79.1585 8.49713 0.370587 -0.0201317 0.00117647 -2898.79 129.812
25 34.3954 0.934436 -50.5346 6.79988 0.333781 -0.01296 0.00101897 -3700.51 158.171
26 32.0738 0.956988 310.397 -87.1442 9.09395 -0.361871 0.00598271 -2297.51 108.527
27 46.0338 0.790695 294.354 -79.005 8.17409 -0.319282 0.00535141 -2480.1 115.876
28 32.8295 1.14291 227.247 -64.3938 6.8813 -0.268923 0.0045682 -3298.09 144.085
29 25.8607 0.592537 243.991 -67.9267 6.84118 -0.255461 0.00424953 -3677.46 157.871
30 38.0393 1.00078 82.7367 -23.9198 2.81685 -0.0951642 0.00194161 -3240.93 140.933
31 23.1925 1.13192 379.49 -104.462 10.4067 -0.402516 0.00644838 -5667.94 221.818
32 75.0427 0.95374 38.4644 -5.3497 1.46865 -0.056925 0.00167174 -3409.07 149.701
33 49.0392 1.16303 8.64968 -2.99059 1.44407 -0.0699074 0.00210493 -2655.48 123.741
34 24.0037 1.01052 -84.1699 12.2228 -0.00295106 -0.00722147 0.00105413 -2244.8 106.976
35 60.2584 0.646138 -140.2 31.935 -1.61919 0.0499231 0.000370438 -5133.02 208.522
36 33.8842 1.19104 58.9502 -23.7192 3.59374 -0.160755 0.00338825 -3371.78 148.921
37 45.8147 1.23368 234.337 -61.2852 6.74068 -0.275703 0.00496317 -3165.03 143.411
38 28.9023 1.27205 -94.6055 20.5946 -1.11995 0.0479782 0.000153831 -3385.07 146.398
39 29.1196 1.19421 -292.707 64.2152 -4.43844 0.152561 -0.000949897 -2770.14 127.663
40 79.7695 0.777736 -101.618 26.002 -0.95904 0.0192409 0.000796018 -1678.76 88.2399
41 59.1056 0.59758 -48.4162 11.3118 -0.0601505 0.00100023 0.000839788 -2755.03 125.619
42 33.5622 0.825377 -133.407 30.6498 -2.03068 0.0831358 -0.000381175 -4028.68 170.069
43 44.4734 1.03103 -87.0255 20.8688 -0.93426 0.0297505 0.000580669 -3263.87 146.332
44 33.1547 1.3892 -4.08641 -2.19031 1.09445 -0.0403612 0.0013349 -2968.82 133.67
45 73.2674 1.24646 65.3397 -15.1244 2.71048 -0.123826 0.00285086 -2728.59 125.796
46 65.4043 0.865072 294.539 -78.2768 8.66694 -0.36046 0.0061756 -3971.65 171.392
47 41.5415 1.00351 -567.825 139.807 -11.6363 0.435349 -0.00479782 -3099.6 135.97
48 52.8723 1.02571 -63.0362 11.4229 0.34169 -0.0344448 0.00166809 -3522.09 152.555
49 49.277 0.592397 -219.089 49.4319 -3.42375 0.132163 -0.00104143 -4571.8 190.946
50 67.7225 0.89215 -91.9415 22.8477 -0.919023 0.030671 0.000396744 -3574.13 154.72
51 26.7315 1.04163 192.459 -55.114 5.96384 -0.234248 0.00420995 -2725.71 126.124
52 67.5203 0.730045 152.961 -41.2446 5.09458 -0.213463 0.0040611 -3307.76 146.883
53 53.9974 0.763193 107.14 -28.6475 3.48949 -0.129653 0.0025451 -3656.26 158.199
54 27.7368 0.783999 15.1884 -8.30736 1.28472 -0.0340958 0.00112434 -2687.3 123.221
55 46.8185 0.578695 426.863 -113.233 11.3077 -0.44112 0.00701992 -2808.22 126.424
56 54.7368 1.04019 211.774 -53.2465 5.74387 -0.22095 0.00385038 -2526.8 116.255
57 53.4863 0.633492 -244.413 57.3872 -4.15643 0.162504 -0.00151952 -4685.98 194.011
58 24.5564 0.881543 -202.93 39.9582 -2.34036 0.0755977 -2.8173e-06 -2543.18 117.339
59 43.0443 0.619885 33.9092 -10.3052 1.4693 -0.0366363 0.00102482 -1457.38 78.0236
60 58.6825 0.785147 -92.2949 21.2558 -0.947961 0.0417715 9.91888e-05 -6085.69 239.494
61 35.7534 0.582769 99.5556 -23.6124 2.23372 -0.0536579 0.00116028 -4439.78 181.876
62 48.26 0.576233 26.1804 -9.99431 1.84326 -0.0717877 0.0018705 -1677.78 87.3848
63 37.2404 0.478803 531.501 -145.138 14.516 -0.577459 0.00907378 -2672.32 122.258
64 36.4266 0.810925 -252.603 53.4952 -3.33544 0.105902 -0.000285386 -2540.14 119.101
65 34.6789 0.82199 130.056 -38.2108 4.58926 -0.18587 0.00358235 -3205.87 143.493
66 18.4115 0.912995 201.326 -52.1755 5.00407 -0.165342 0.00277071 -3124.73 140.192
67 20.6436 0.428798 -196.54 34.1118 -1.68936 0.0494721 0.000434668 -2383.01 113.178
68 19.642 0.529732 -248.564 61.6857 -5.56053 0.25488 -0.00331948 -2332.93 110.037
69 30.3129 0.543941 -471.038 118.336 -10.3587 0.421605 -0.00526975 -1703.59 86.2287
70 21.6805 0.669985 -732.324 175.007 -14.8597 0.571635 -0.00700143 -2580.44 120.171
71 34.7667 0.655569 -10.6986 3.91678 -0.122576 0.0345077 -2.34071e-05 -3340.02 145.734
72 33.1968 0.667125 -429.482 110.369 -9.87543 0.420639 -0.00559465 -3340.02 145.734
73 32.0024 0.847835 -388.807 94.7365 -7.92941 0.32174 -0.00389769 -2070.27 99.5628
74 18.3164 0.799302 -350.115 86.576 -7.92943 0.351145 -0.00470007 -2746.68 124.394
75 18.483 1.2385 103.778 -37.0596 4.66407 -0.200366 0.00403826 -3219 143.539
76 42.4848 1.0647 93.7729 -26.2723 3.24966 -0.119556 0.00238993 -2024.2 99.1946
77 54.553 -2.68687 816.459 -216.916 20.6444 -0.810216 0.0124354 -3027.28 136.222
78 15.903 1.92686 31.3531 -13.8688 1.98335 -0.0668697 0.00160807 -1728.36 87.7938
79 73.9649 -4.47507 464.139 -111.845 9.45739 -0.312171 0.00456191 -2816 125.109
80 20.5379 0.478142 -154.988 31.8846 -2.35568 0.111933 -0.00103369 -1534.13 80.2842
81 44.1653 0.916616 33.5416 -10.2677 1.75483 -0.0624255 0.00163708 -3720.28 159.131
82 47.9008 -2.11598 -23.1806 1.65375 0.0214184 0.0248032 0.000219954 -4179.47 174.81
83 19.3108 0.692915 -436.131 108.031 -9.77635 0.424065 -0.0058207 -3563.67 149.895
84 25.3585 0.639273 104.546 -31.702 3.41175 -0.11223 0.00214382 -2559.8 117.518
85 42.6122 1.27018 70.2187 -21.303 2.86957 -0.106546 0.0022375 -2725.42 125.865
86 25.4662 0.787699 -205.905 49.5146 -4.22234 0.197329 -0.00245678 -1072.36 63.4795
87 21.2257 0.375767 534.148 -137.685 12.5598 -0.461026 0.00708648 -3075.33 136.277
88 32.1005 1.49006 381.047 -99.415 9.69654 -0.361355 0.00567504 -2040.56 99.6996
89 32.5456 0.994525 84.7079 -29.9689 3.84087 -0.151194 0.00290824 -4739.73 193.522
90 24.0358 1.08587 21.8645 -16.0729 2.58148 -0.105619 0.00242704 -2290.88 109.953
91 21.1557 0.387672 -2.321 -10.6838 1.90793 -0.069656 0.00174232 -2046.26 99.2749
92 25.0906 1.23912 187.376 -49.1671 4.83761 -0.163059 0.0028031 -2048.5 99.2
93 52.0116 1.03409 -104.042 25.8583 -1.48103 0.0634882 -9.24715e-05 -2751.7 126.701
94 30.7509 1.21998 231.358 -63.6196 6.72928 -0.263731 0.00467978 -2788.53 129.083
