0 45.1022 1.38193 258.905 -77.6041 9.47569 -0.437787 0.0083152 -4051.34 181.873
1 20.8803 1.09826 -54.7592 6.01155 0.760808 -0.0528982 0.00224518 -2325.65 116.786
2 58.771 1.3819 353.991 -85.4933 8.92654 -0.362084 0.00645171 -4610.67 200.703
3 20.6416 1.0958 446.541 -126.858 13.4389 -0.571155 0.00987449 -4620.01 199.419
4 52.3611 1.38741 1264.28 -332.69 32.9911 -1.36512 0.0215236 -6274.43 261.649
5 55.8758 1.07094 511.757 -136.42 14.4276 -0.610267 0.010389 -3998.88 186.558
6 46.7159 1.20455 -42.8838 4.13073 1.37696 -0.090943 0.00285637 -3536.15 159.12
7 32.7182 1.30751 -348.935 87.2929 -7.04589 0.27137 -0.00267265 -5710.33 240.31
8 44.9566 1.45989 303.285 -79.5385 8.75339 -0.375069 0.00696117 -5583.01 230.209
9 32.3728 1.39572 825.228 -224.042 22.6109 -0.930241 0.0147401 -6772.97 276.467
10 35.5244 1.28955 570.681 -150.206 15.0864 -0.612191 0.0100728 -5264.61 220.2
11 22.392 0.605222 -14.8016 -1.92612 1.02415 -0.0381952 0.0015149 -2277.85 114.996
12 48.2567 1.46268 -148.371 38.3609 -2.51608 0.0953375 -0.000245391 -5131.21 218.253
13 42.8846 0.574481 56.0892 -17.5148 2.72342 -0.115007 0.0028038 -1254.82 78.2659
14 26.4921 1.3541 -503.141 125.474 -10.7 0.419839 -0.00487167 -5746.3 236.258
15 45.2898 1.30462 -125.604 33.2753 -2.29434 0.0997831 -0.000603711 -4878.79 203.908
16 33.8681 0.695471 171.348 -59.9397 7.48156 -0.333131 0.00623089 -1702.33 91.9475
17 36.6119 0.37873 170.859 -53.1089 6.27462 -0.263136 0.00499114 -5151.76 215.959
18 61.7482 1.02526 -145.579 40.8516 -3.16105 0.149531 -0.00169196 -2475.75 120.569
19 30.8556 0.567287 313.362 -84.8945 8.72849 -0.341386 0.00580173 -4179.43 180.633
20 38.119 1.26008 -135.711 25.168 -0.499049 -0.0273743 0.00226236 -6395.77 260.716
21 44.0116 0.953041 90.1323 -37.154 5.68692 -0.281858 0.00593886 -3337.17 152.964
22 21.8561 1.21969 1397.5 -374.651 36.7517 -1.51168 0.0235627 -7335.57 294.816
23 25.0453 1.11856 -9.2276 -1.58958 0.82535 -0.0194837 0.00102622 -1983.1 99.7723
24 70.2539 1.19106 118.425 -31.7866 4.62719 -0.215339 0.00457043 -3366.81 152.858
25 50.4422 1.11858 166.24 -46.2872 5.65698 -0.242269 0.00474588 -3560.08 159.994
26 19.5306 0.695396 -73.8844 6.84355 0.464414 -0.0287012 0.00157842 -3158.92 142.335
27 31.2844 1.12525 8.68379 -10.1872 2.24834 -0.103679 0.00268881 -3881.26 173.675
28 55.3338 1.08114 390.178 -100.041 10.3316 -0.411973 0.00690768 -3148.6 143.985
29 46.8581 0.494451 -11.8017 -10.8841 3.05975 -0.163246 0.0038734 -4283.83 184.881
30 37.8176 1.29601 -8.60897 -0.951092 1.20453 -0.0564891 0.00198397 -3170.56 146.469
31 20.7125 0.320328 62.237 -27.1787 3.64675 -0.155203 0.0034289 -5114.46 214.199
32 18.3955 0.776646 -32.3478 -3.72792 1.50671 -0.0720123 0.0021922 -4640.59 193.46
33 17.7245 0.78759 521.888 -147.866 15.2314 -0.633537 0.0105067 -5679.51 235.61
34 25.6116 -0.0702429 677.419 -173.332 15.8807 -0.598506 0.00914182 -4639.1 194.808
35 18.3539 0.849725 53.5525 -24.9216 3.56743 -0.158035 0.00352354 -7012.11 279.591
36 16.4009 0.97476 425.138 -110.119 10.2383 -0.375489 0.00589975 -5192.22 213.195
37 -5.40253 3.5243 850.44 -223.985 21.282 -0.836144 0.0128435 -6832.02 273.136
38 7.18047 1.92482 -27.1919 1.78017 0.23508 0.00516462 0.00070995 -3529.8 153.303
39 28.4304 1.78481 189.38 -51.5337 5.80106 -0.239525 0.00457585 -4500.07 191.162
40 49.312 -1.988 -60.5121 7.59929 0.0137282 0.00105146 0.000963363 -3844.78 166.635
41 17.3248 0.96857 9.32971 -14.0592 2.6933 -0.130834 0.0031813 -3006.65 136.887
42 25.9809 1.50676 138.954 -42.3046 5.09409 -0.215062 0.00424102 -4840.9 204.648
43 13.2188 1.31502 287.308 -80.6134 8.09949 -0.317748 0.00552396 -5890.23 240.599
44 -14.138 4.27532 450.298 -122.789 12.0603 -0.47569 0.0077851 -3200.87 144.019
45 86.9221 -6.08256 649.078 -172.149 16.3825 -0.632102 0.00966283 -4679.28 194.833
46 17.7851 1.44429 222.541 -68.7446 7.83815 -0.334448 0.00601749 -4818.3 201.364
47 12.3728 0.91851 828.369 -214.358 19.9575 -0.780199 0.0121454 -4756.12 199.858
48 24.205 1.52433 304.166 -82.213 8.47676 -0.337813 0.0058801 -3348.3 150.452
49 15.1473 1.0002 362.665 -106.66 11.0861 -0.449639 0.00750998 -5177.36 214.063
50 23.6052 1.03953 570.258 -162.238 16.7922 -0.699312 0.0114097 -4136.53 178.804
51 19.8388 0.673653 641.419 -165.749 15.33 -0.581222 0.00898057 -5170.51 214.694
52 17.0328 0.401072 876.525 -219.978 19.7869 -0.746144 0.0112663 -4778.25 199.308
53 19.2423 0.434547 153.583 -47.3377 5.05964 -0.195099 0.00366773 -3035.08 135.199
54 -7.83142 3.39917 80.9774 -22.8324 2.16628 -0.0579189 0.00138742 -2792.28 127.207
55 56.6753 -3.00086 678.181 -179.989 17.1114 -0.669377 0.0104292 -3170.46 142.775
56 19.1405 0.766265 163.976 -50.6089 5.6678 -0.230509 0.00434557 -4316.61 183.087
57 33.75 -0.91679 308.314 -70.3205 5.4636 -0.150725 0.00222552 -4400.84 180.175
58 31.9227 -0.645014 492.993 -122.884 10.8747 -0.386391 0.00591251 -2476.54 114.959
59 18.3941 0.461515 247.836 -69.8934 6.98066 -0.264136 0.00452877 -3405.7 148.5
60 20.9528 0.710071 239.085 -56.7354 4.60857 -0.126451 0.00197388 -5045.09 206.9
61 6.33673 1.6893 835.865 -213.938 19.6845 -0.752421 0.0114058 -4529.27 189.21
62 44.6192 -1.57565 466.949 -124.51 11.8704 -0.457175 0.00738043 -4593.73 194.058
63 19.2165 0.551614 613.684 -174.352 17.7224 -0.733252 0.0118563 -4853.24 202.441
64 61.3375 1.59921 526.734 -131.026 13.2138 -0.533344 0.00880017 -5321.41 225.862
65 59.8814 1.53845 92.7223 -18.298 2.64736 -0.111847 0.00270006 -3977.96 175.626
66 63.319 1.06899 75.2515 -21.6012 3.81661 -0.195151 0.00450854 -3976 175.297
67 74.7716 1.54753 575.972 -136.536 13.4943 -0.539776 0.00885124 -4662.46 200.28
68 62.487 1.56221 19.4178 3.97217 0.334771 -0.011481 0.00121464 -4131.84 181.192
69 57.5946 1.46565 375.559 -94.7428 10.0021 -0.415287 0.00722537 -3792.49 167.521
70 75.5192 1.55685 239.158 -52.269 5.78466 -0.233096 0.00437009 -3090.45 141.91
71 44.2267 1.17397 -246.08 57.6472 -3.90252 0.132097 -0.000549347 -4377.83 186.9
72 51.9981 1.40974 -85.5338 28.3263 -2.01733 0.0869734 -0.000295391 -2904.17 136.562
73 56.9564 1.36903 -70.2653 26.8254 -2.02709 0.0940076 -0.000522081 -2930.83 136.055
74 60.8297 1.66849 -85.469 29.2175 -1.97512 0.0844703 -0.000349886 -4678.72 197.749
75 80.7993 1.46847 107.132 -16.4449 2.44827 -0.0977198 0.00236893 -2035.8 104.493
76 50.9995 1.36608 -52.857 12.3194 0.161873 -0.0271424 0.0017239 -3385.76 152.848
77 43.1099 1.00938 350.317 -95.027 10.1948 -0.430794 0.00760872 -4487.84 189.932
78 53.6638 1.57621 180.23 -38.4346 4.15936 -0.159778 0.00329075 -3514.79 157.309
79 76.2448 1.3131 293.171 -62.3937 6.21243 -0.227391 0.00391644 -3726.4 162.973
80 72.7818 1.23881 1229.11 -313.875 30.5325 -1.23481 0.0189506 -4426.55 190.632
81 53.6421 1.18565 556.074 -140.605 13.8414 -0.542302 0.00857147 -4369.49 188.207
82 59.8907 0.733352 -88.8323 23.4056 -1.04921 0.028346 0.000829138 -2662.36 127.456
83 76.4236 1.51143 209.882 -44.0967 4.87905 -0.192444 0.00374568 -1989.01 104.015
84 56.5899 1.45254 16.9032 0.0405027 0.93375 -0.0491455 0.00210512 -3635.34 165.113
85 65.6177 1.19428 255.282 -58.9667 6.27546 -0.246243 0.00447834 -2672.51 127.986
86 40.3268 1.33752 740.332 -197.491 19.8713 -0.816584 0.013092 -3447.1 156.659
87 71.3953 1.01289 -155.69 38.5135 -2.03178 0.0574322 0.000454839 -4267.46 182.851
88 83.1518 1.2337 352.284 -84.7402 9.12827 -0.376481 0.00660569 -3449.93 156.523
89 85.8703 0.841445 165.29 -32.4816 3.70165 -0.136243 0.00279622 -3920.84 175.757
90 52.6649 0.982616 776.406 -200.162 19.4425 -0.76259 0.0115977 -4583.21 197.066
91 54.3824 1.26226 272.306 -69.1996 7.36801 -0.289054 0.00498874 -2029.52 105.108
92 77.4121 1.24394 325.285 -83.4116 9.35909 -0.400286 0.00714537 -3904.75 174.552
93 76.7829 1.18038 359.162 -90.5642 10.0131 -0.432006 0.0077482 -4672.69 199.191
94 68.2732 0.821289 243.214 -62.413 7.23044 -0.315295 0.00603718 -6284.35 254.827
95 75.5644 2.47396 243.214 -62.413 7.23044 -0.315295 0.00603718 -6284.35 254.827
