0 46.8455 1.56466 -150.222 43.5075 -3.76241 0.183153 -0.00228783 -3206.26 143.6
1 29.2882 -0.120512 364.278 -96.3842 9.13979 -0.342583 0.00562433 -3115.06 137.951
2 36.1477 1.33571 15.506 -11.4436 2.23103 -0.0944485 0.00231951 -2887.68 132.351
3 60.728 1.37794 119.854 -31.7069 4.12364 -0.173116 0.00353894 -2790.98 129.565
4 26.8745 1.31247 246.693 -68.528 7.20403 -0.283356 0.00494982 -1417.55 79.9485
5 25.1224 1.39185 29.84 -14.6416 2.26294 -0.0850973 0.00197249 -3250.07 142.853
6 79.6287 -5.36459 257.754 -64.6011 5.68475 -0.191293 0.00331136 -2767.81 125.542
7 21.7218 1.14613 244.402 -69.2593 7.14904 -0.273475 0.00468509 -3580.08 156.676
8 20.3464 0.746051 -89.6817 13.0036 -0.209246 0.00732518 0.000793965 -2317.17 109.752
9 19.0032 0.748719 471.629 -131.222 12.9215 -0.499314 0.00778755 -3503.94 151.597
10 22.6574 1.37292 -164.438 33.1631 -1.9878 0.0698065 7.84197e-05 -2745.94 124.57
11 58.5475 -2.90325 302.374 -76.8172 6.88483 -0.239624 0.00400886 -4163.89 177.375
12 25.0719 0.386975 155.146 -48.7037 5.49828 -0.22446 0.00425654 -3381.67 147.928
13 21.1548 1.14954 470.569 -126.841 12.3695 -0.47615 0.00750465 -3052.16 136.402
14 17.352 0.672027 129.167 -40.1262 4.15998 -0.147983 0.00275958 -1930.04 94.3935
15 24.8096 0.924199 271.294 -76.9166 7.89811 -0.304626 0.00506917 -3073.53 137.214
16 20.1412 0.541959 292.576 -81.594 7.90689 -0.283378 0.00438955 -3551.32 155.347
17 20.3657 0.38375 263.12 -76.9389 7.88743 -0.304896 0.00505186 -3918.68 164.4
18 22.6348 0.90533 -92.1081 13.8314 -0.350998 0.0167469 0.000512748 -3583.31 154.487
19 19.9702 0.491637 285.489 -84.0097 8.74683 -0.346949 0.00577168 -1743.45 88.6519
20 24.9135 0.781239 370.077 -101.999 10.124 -0.386278 0.00617061 -5132.53 208.08
21 32.6376 0.919242 -95.9248 16.2577 -0.475739 0.0165425 0.000679403 -2150.32 103.912
22 20.1884 0.550658 191.604 -64.5214 7.28135 -0.300193 0.0052672 -3524.7 152.304
23 30.1089 0.809499 367.51 -97.6744 9.49912 -0.355712 0.00562975 -4192.44 175.761
24 33.0833 0.702102 391.015 -105.552 10.4584 -0.401718 0.00635903 -3781.69 158.076
25 41.323 -1.88237 309.564 -83.1447 7.69973 -0.270698 0.00424029 -2289.7 106.878
26 47.0927 -1.74207 364.814 -89.0111 7.627 -0.251845 0.00385696 -4807.26 192.663
27 20.4872 0.565311 -983.066 240.703 -21.3484 0.844187 -0.0110676 -1213.13 70.0894
28 107.484 -7.58839 383.339 -98.2838 8.97862 -0.327433 0.00521335 -4097.72 171.207
29 18.0822 0.658264 389.757 -111.199 11.1289 -0.434562 0.00692199 -3557.81 152.201
30 26.4463 0.739876 146.578 -46.5362 5.21941 -0.203597 0.00375371 -2842.92 130.149
31 44.2343 0.751904 323.083 -84.9249 8.44221 -0.31441 0.00500748 -2188.99 105.017
32 20.8946 0.717081 -258.078 50.0807 -2.98305 0.0894033 3.24382e-05 -3067 138.383
33 70.663 -3.91025 622.152 -151.798 13.2575 -0.475016 0.00718957 -3793.2 163.007
34 21.6683 1.15361 -517.803 120.611 -9.7031 0.363974 -0.00400912 -3371.98 149.431
35 -1.36619 3.31257 344.052 -94.8418 9.41016 -0.364257 0.00605239 -2652.72 123.351
36 60.1726 -2.91866 -16.5427 0.665445 0.146455 0.0188111 0.000352633 -4150.97 175.998
37 29.3184 0.287609 -339.923 80.6756 -6.62846 0.27051 -0.00305475 -5411.98 216.377
38 23.8942 0.20395 449.12 -113.797 10.3448 -0.38203 0.00613357 -2928.07 130.893
39 19.7134 0.943705 -22.4798 -4.625 1.55537 -0.0681355 0.00194903 -2802.39 128.244
40 23.0779 0.512743 -132.549 27.8582 -1.82288 0.0796382 -0.000338907 -3732.71 161.39
41 40.7058 -1.35941 -74.8514 18.3083 -1.80699 0.1087 -0.00109685 -3699.99 159.841
42 28.6375 1.24125 -186.566 35.9184 -1.70756 0.0394138 0.00078741 -3926.01 170.665
43 30.0906 -0.306368 49.8454 -15.7573 1.61566 -0.0425436 0.00125432 -2842.86 127.996
44 20.7397 0.917827 -18.0133 -5.89885 1.71223 -0.077062 0.00215912 -2784.26 128.979
45 10.2616 1.61545 -138.132 31.0297 -2.56966 0.124916 -0.00122094 -2854.35 129.103
46 36.373 -1.09781 707.204 -172.21 15.0951 -0.550527 0.00832996 -3302.13 144.54
47 38.1065 0.537085 8.64159 -7.40571 1.49205 -0.0501939 0.00140873 -1896.13 94.7733
48 22.876 0.796179 -29.6944 -3.61013 1.50685 -0.0658143 0.00188343 -3802.34 163.571
49 20.4289 0.519181 259.974 -72.3885 7.17734 -0.27204 0.00471996 -2757.5 127.549
50 33.0813 0.611118 -201.583 41.7536 -2.64718 0.0952836 -0.000351238 -3507.22 151.224
51 42.9833 -1.35362 423.89 -113.147 10.743 -0.403213 0.00635261 -3248.96 143.874
52 32.0588 0.778412 118.253 -39.1021 4.78926 -0.19748 0.00384735 -3574.37 156.214
53 30.771 0.831652 82.7795 -23.1279 2.53118 -0.0734251 0.00149515 -2132.44 101.97
54 21.0326 0.321462 320.501 -94.7813 9.71107 -0.37578 0.00595162 -3219.36 140.546
55 19.3795 0.827607 460.947 -121.626 11.4556 -0.42732 0.00665469 -2820.36 127.399
56 22.8483 0.326983 286.314 -80.7601 8.03883 -0.302762 0.00498237 -2977.41 132.039
57 20.8213 0.417809 180.6 -60.1633 6.83098 -0.281235 0.00502181 -4813.99 196.879
58 38.7817 -1.65309 355.655 -90.1553 8.04283 -0.274564 0.00421579 -3246.16 141.215
59 22.6608 0.587052 250.444 -76.3278 8.22254 -0.332253 0.00571816 -4653.97 194.437
60 83.0065 -5.80894 86.6949 -27.9737 2.84766 -0.0915954 0.00194225 -2369.15 111.337
61 27.2745 0.866461 390.477 -110.063 11.4198 -0.463682 0.00763894 -5661.25 231.506
62 19.3809 0.346648 412.168 -115.336 11.3919 -0.442754 0.00712203 -2612.69 122.336
63 25.4167 0.447532 211.449 -64.4009 6.87254 -0.269568 0.00471145 -3764.73 163.874
64 70.8247 0.964679 312.127 -77.7509 8.42254 -0.344852 0.00599842 -3107.6 140.501
65 56.1448 1.35038 83.3867 -16.5989 2.36604 -0.0921971 0.00225118 -3638.86 160.105
66 82.5282 1.10187 205.051 -39.7874 4.26756 -0.156613 0.00302925 -2972.14 136.639
67 53.9034 0.685733 54.6221 -12.5845 1.82811 -0.0571494 0.00148797 -3523.93 155.224
68 72.6194 0.831799 -93.5096 27.976 -1.66867 0.0710451 -0.000202971 -3166.49 142.326
69 75.8391 0.812819 -148.611 36.5242 -1.63992 0.0298438 0.00104552 -4858.75 203.72
70 94.6121 0.903557 -54.6571 36.5014 -3.61869 0.191352 -0.0024753 -1824.55 94.8368
71 48.892 0.683273 -184.767 38.3049 -1.81064 0.0380955 0.00084012 -2691.51 124.849
72 75.3983 1.07247 453.079 -106.24 10.2834 -0.38256 0.00597375 -5381.77 217.037
73 69.9714 0.74493 -142.762 41.0355 -3.06905 0.132575 -0.00118471 -2192.06 107.25
74 61.5164 1.03798 652.541 -160.487 15.3219 -0.584869 0.00892275 -1959.65 99.3407
75 72.7786 1.36208 33.3082 -5.27053 1.74816 -0.0833955 0.00241807 -4606.8 197.121
76 88.2586 0.765841 353.47 -78.9631 7.97801 -0.305313 0.00513106 -3189.63 143.631
77 72.0779 0.827729 14.9827 1.30943 0.690122 -0.0205562 0.00106995 -2728.94 126.88
78 67.068 0.878277 151.169 -34.8921 4.07111 -0.156033 0.00303145 -2035.17 101.587
79 48.2409 1.04741 137.683 -25.5977 2.17549 -0.0328767 0.000414928 -3375.75 147.494
80 48.6026 0.784934 160.027 -40.6873 4.47873 -0.168282 0.00317377 -3086.01 136.979
81 68.4291 0.959538 228.552 -53.8964 5.92571 -0.238187 0.00439783 -2726.52 126.936
82 53.89 0.784201 64.4617 -20.8852 3.21668 -0.139556 0.00301428 -2718.48 126.24
83 71.7406 0.969604 157.946 -38.4374 4.69176 -0.192757 0.00373666 -2992.62 135.725
84 78.7791 0.83307 -163.757 43.7275 -2.76297 0.100444 -0.00047406 -3930.15 171.19
85 56.3633 1.16114 272.334 -66.0474 6.60581 -0.238445 0.0039322 -3176.36 142.939
86 40.8925 1.29526 -7.17101 -0.140249 0.930621 -0.0369344 0.00145683 -3459.22 151.052
87 46.0523 1.04513 -29.6161 2.38793 0.967277 -0.0480462 0.00173302 -4074.37 172.117
88 69.3021 1.43594 202.04 -42.882 4.53934 -0.162874 0.00290489 -2055.53 100.563
89 78.208 0.925295 8.62686 3.30966 0.686451 -0.0282983 0.00130286 -5090.74 213.627
90 58.1811 0.835784 81.2783 -24.7246 3.61967 -0.154272 0.00316775 -1469.61 80.4261
91 99.052 1.07355 -1911.74 519.403 -48.9057 2.00318 -0.0284594 -1697.53 86.7137
92 67.3145 1.00938 -164.27 43.2927 -2.93269 0.115348 -0.000798805 -1461.27 80.5896
93 64.3377 1.18553 -174.063 44.9065 -2.93712 0.105332 -0.000452975 -1843.79 94.9281
94 81.2365 1.09333 -114.026 36.7693 -2.62746 0.114697 -0.000919196 -1846.19 94.842
95 75.0233 -2.97427 -114.026 36.7693 -2.62746 0.114697 -0.000919196 -1846.19 94.842
