0 45.9979 1.28786 436.054 -117.172 12.1514 -0.491276 0.00808421 -4437.82 188.367
1 31.7119 0.788743 23.3966 -11.4446 1.99549 -0.0779214 0.00202209 -3329.32 148.78
2 66.9321 1.35054 279.895 -66.3875 7.02693 -0.27452 0.00483986 -4275.12 186.275
3 44.4412 1.38428 -266.876 65.4938 -4.8228 0.177693 -0.00133796 -4638.98 199.256
4 48.2578 1.09868 133.319 -32.2869 3.82083 -0.151538 0.00320431 -4735.32 202.644
5 34.4005 1.16092 428.338 -118.858 12.4193 -0.507012 0.00836826 -3559.87 157.217
6 59.6857 0.975367 571.307 -143.522 14.0534 -0.545402 0.00851271 -3472.46 157.083
7 44.6887 1.25494 -83.1024 16.8636 -0.349529 0.00500472 0.00104003 -3355.83 151.18
8 50.831 1.42308 153.582 -44.0859 5.52602 -0.238094 0.00458254 -5540.82 226.898
9 41.2414 0.63775 -229.155 58.0536 -4.74772 0.205462 -0.00232356 -4647.01 193.718
10 48.6237 0.963108 -176.998 53.6471 -4.87222 0.222898 -0.00257994 -4249.37 183.749
11 63.3851 1.073 -172.67 40.5076 -2.25851 0.0731223 9.49742e-05 -4787.23 201.437
12 44.7455 1.05119 -336.48 83.7503 -6.76554 0.268086 -0.00292721 -4674.13 194.752
13 49.2357 0.851658 -59.6508 7.24702 0.870527 -0.0553571 0.00203174 -3294.98 149.134
14 59.9287 0.941719 -88.417 26.1293 -1.59491 0.0704529 -0.000228875 -7393.2 291.628
15 30.2255 1.09445 72.6575 -28.7712 3.99617 -0.171923 0.00359111 -5289.56 213.738
16 28.1677 1.36672 -31.2419 -2.32683 1.70417 -0.092462 0.00266591 -2955.73 137.053
17 73.4312 0.91521 -168.552 45.8315 -3.29043 0.137856 -0.00122516 -2425.86 114.718
18 29.4347 0.786721 16.8153 -14.5387 2.50446 -0.10338 0.00241923 -2509.65 117.478
19 44.6527 1.09126 123.542 -38.4237 5.021 -0.22092 0.00439718 -2877.98 133.013
20 55.5755 0.890197 -49.8814 4.74738 1.13132 -0.062165 0.00197008 -2538.38 119.127
21 52.286 1.08308 -549.612 136.273 -11.2696 0.433946 -0.00513915 -6234.14 250.972
22 52.9585 1.05117 255.141 -68.9577 7.61305 -0.311743 0.0055328 -3260.13 147.505
23 58.6766 1.04862 509.69 -134.398 13.8366 -0.566794 0.00930517 -5682.76 232.532
24 62.9106 0.955985 -66.7659 16.9872 -0.446913 0.0140632 0.00070728 -4219.3 180.195
25 32.7016 1.47525 104.263 -32.0016 4.01495 -0.163202 0.00330932 -3898.19 167.816
26 53.1536 1.07274 441.949 -119.797 12.6297 -0.52282 0.00871542 -3895.35 168.498
27 37.5699 1.18813 119.429 -38.414 4.83839 -0.200779 0.00384173 -2971.93 134.072
28 52.0094 1.08787 324.109 -84.1461 8.6138 -0.329811 0.00538226 -3842.64 165.37
29 61.4465 0.476652 3.33976 -7.75345 2.27753 -0.108146 0.00263521 -2670.19 123.523
30 29.8694 1.16622 78.8788 -27.8649 3.62411 -0.14634 0.00305074 -1392.93 78.815
31 45.7333 0.979004 -90.0866 18.4579 -0.628391 0.0232459 0.000546407 -1626.41 86.7396
32 86.5024 1.05624 -283.657 80.5913 -6.58171 0.266309 -0.00295584 -2043.03 102.351
33 56.0125 1.60489 -253.384 67.1943 -5.15798 0.19829 -0.00181481 -4870.24 203.603
34 56.1723 1.51712 464.355 -118.105 12.0881 -0.490637 0.00818513 -2893.37 135.637
35 52.4875 1.04057 -48.8205 8.68499 0.45419 -0.0293223 0.00150214 -3209.6 145.831
36 74.8614 0.99602 -58.0897 12.4914 0.442707 -0.0421084 0.00188616 -1934.68 100.55
37 61.913 1.12562 23.3243 -10.7532 2.53701 -0.121309 0.002975 -2848.07 134.078
38 35.4771 1.34141 237.618 -60.1563 6.15775 -0.231036 0.00404052 -2107.78 104.065
39 72.0992 0.789229 217.952 -64.7224 8.25762 -0.380335 0.00716542 -3385.43 154.379
40 56.3805 0.666949 -193.679 43.3241 -2.36259 0.0612589 0.000561699 -3088.6 141.523
41 94.7145 1.16353 73.0534 -16.1561 3.18979 -0.15404 0.00353345 -3494.78 157.123
42 78.815 0.921191 235.161 -49.8075 5.17914 -0.189124 0.00342447 -4311.75 186.962
43 63.8768 1.63404 160.386 -33.5976 3.73147 -0.132897 0.00263995 -2929.67 134.779
44 53.2955 1.25854 -3.73771 1.43023 0.723322 -0.0216613 0.00111568 -6058.74 247.757
45 55.5746 0.829774 -194.668 38.5408 -1.57434 0.0209053 0.00121221 -3589.2 158.895
46 81.0024 1.4458 33.0298 -5.65491 1.91879 -0.0911829 0.00241498 -3638.67 160.725
47 80.6577 1.46339 -41.2266 19.9104 -1.02776 0.0450805 0.000153983 -4171.64 177.166
48 59.868 1.03827 119.075 -34.9168 4.73324 -0.208422 0.00413365 -2282.05 111.036
49 78.681 1.36055 267.2 -65.9504 7.43213 -0.308345 0.00545481 -5180.48 211.979
50 62.2715 1.1034 303.541 -78.7723 8.62055 -0.359373 0.00633597 -5091.19 212.771
51 60.6945 1.35755 258.836 -67.9547 7.60259 -0.316673 0.00568723 -3909.26 169.093
52 88.5584 1.14736 196.843 -44.3919 5.28077 -0.215645 0.00401705 -3951.22 169.421
53 74.0876 0.973148 241.214 -60.1693 6.80841 -0.282517 0.00516279 -4237.28 183.117
54 70.5322 1.35186 8.13009 3.04608 0.692456 -0.0344227 0.00163892 -3309 151.017
55 64.0445 0.948833 95.6173 -27.0113 3.83892 -0.16636 0.00351824 -2824.46 131.415
56 61.5867 0.93558 -69.7305 16.7659 -0.501998 0.0201383 0.000559935 -4234.4 178.807
57 53.5332 0.842212 360.779 -94.8698 9.75368 -0.386874 0.00649888 -4134.59 177.641
58 34.5755 1.28332 -45.4165 8.94653 -0.0669145 0.00901992 0.000676057 -2711.71 124.245
59 73.5041 0.727308 539.859 -137.135 13.8516 -0.555611 0.00896809 -3619.32 160.61
60 55.1972 1.32081 36.5549 -7.94947 1.48743 -0.0471199 0.00137463 -1958.05 98.9512
61 48.9614 0.833419 397.27 -107.369 11.2355 -0.46258 0.00788523 -6201.63 248.516
62 101.443 0.829642 -123.918 32.4756 -1.13546 0.00907757 0.00128522 -3653.39 161.054
63 47.6571 0.683649 -222.581 52.4242 -3.80167 0.14691 -0.00119997 -3777.88 161.557
64 66.8154 0.929273 811.016 -203.888 19.6721 -0.7695 0.0116342 -3657.81 160.635
65 22.2178 1.23961 -227.783 55.1575 -4.61394 0.201504 -0.00227805 -3237.84 143.775
66 26.1999 1.18401 5.04821 -9.72669 1.93914 -0.0772039 0.00200945 -3015.03 137.668
67 31.7394 1.06363 184.56 -54.209 6.06928 -0.244886 0.00441738 -2194.47 106.027
68 41.7311 1.54788 -207.748 47.6095 -2.98667 0.0981087 -0.000217373 -1791.62 93.3738
69 52.5654 0.999023 -9.27641 -0.385429 1.1645 -0.0542753 0.00179225 -2754.08 128.238
70 63.3376 1.31067 -88.0485 22.2541 -0.762652 0.0158366 0.000827838 -6681.76 259.391
71 3.48086 2.62887 388.925 -105.383 10.2848 -0.394797 0.00631457 -3819.98 162.974
72 18.0461 0.704177 465.374 -127.903 12.7651 -0.509264 0.00822866 -3558.28 154.576
73 39.7744 0.577037 -41.237 9.04276 -0.0878914 0.00858942 0.00072481 -3240.18 143.061
74 18.6518 1.05695 65.4569 -29.4288 4.02532 -0.172745 0.00348829 -4138.28 173.592
75 65.9711 1.09846 241.467 -61.0122 6.74562 -0.269819 0.00473568 -4410.08 183.723
76 10.323 1.46604 53.9133 -15.8516 1.47879 -0.0232626 0.000692234 -2433.55 111.557
77 20.0947 0.874454 -429.668 101.887 -8.6418 0.350453 -0.00429117 -1689.5 85.3806
78 14.5926 1.02999 36.6084 -16.012 2.08063 -0.0730138 0.00182482 -5275.7 215.768
79 57.0685 1.1104 386.844 -96.3113 9.87259 -0.399868 0.00679635 -5571.45 223.28
80 27.6337 1.18007 -208.562 49.3075 -3.86788 0.163916 -0.00171248 -2117.74 101.018
81 40.5424 0.893454 -108.755 22.27 -0.940223 0.0294332 0.000546293 -3090.42 138.041
82 53.6825 1.06714 400.736 -102.089 10.2856 -0.401599 0.00647655 -2396.31 111.812
83 32.5898 1.17375 -100.481 20.7102 -1.07346 0.0463954 0.000205198 -2787.14 129.195
84 22.9441 0.71295 -94.5432 8.79174 0.663001 -0.0421477 0.0016433 -3874.63 166.014
85 40.1532 0.933999 -126.275 22.9214 -0.750155 0.018367 0.000667715 -3689.39 156.206
86 57.1284 0.655775 240.181 -59.9864 6.13903 -0.221647 0.00363311 -3531.25 150.472
87 47.0715 0.89104 118.703 -30.1363 3.4171 -0.121663 0.00250048 -3593.64 155.024
88 30.5359 1.02924 -71.1441 7.91457 0.512884 -0.029251 0.00138002 -2423.54 114.28
89 40.3338 0.733607 386.589 -109.913 11.6252 -0.475283 0.00780235 -3627.07 158.527
90 24.1852 0.63403 26.2101 -22.593 3.59344 -0.160371 0.00339327 -4551.08 192.473
91 44.4161 1.08095 46.5604 -12.2223 1.78859 -0.0553894 0.00138082 -3522.2 152.909
92 58.0507 1.08658 311.594 -81.8415 8.68161 -0.34448 0.00571486 -3662.26 158.506
93 22.5714 0.814577 250.043 -77.4576 8.68525 -0.371116 0.00670737 -4103.62 176.162
94 30.5815 0.875251 -160.535 35.3491 -2.32698 0.0882596 -0.000238419 -2458.49 116.51
95 24.07 -0.0103182 -160.535 35.3491 -2.32698 0.0882596 -0.000238419 -2458.49 116.51
