0 61.171 1.46747 -310.393 89.0883 -7.97515 0.342385 -0.00443129 -5065.83 202.033
1 64.289 1.28056 -130.059 36.1078 -2.23894 0.0768184 -3.55527e-05 -3817.37 163.053
2 55.4775 1.50702 -284.878 80.9144 -7.03711 0.294911 -0.00359159 -1079.6 64.6543
3 62.9522 1.18625 94.4895 -19.951 2.74384 -0.107499 0.00234614 -2987.41 134.597
4 40.8435 0.889607 6.95924 -1.59771 0.754433 -0.0194065 0.000948344 -2300.21 107.317
5 54.8161 1.28545 -36.6512 12.1129 -0.290566 0.017459 0.000467995 -2911.41 132.304
6 63.3238 1.30565 -92.7028 31.5815 -2.33052 0.102722 -0.000782449 -4128.49 172.917
7 74.4351 0.990314 -384.136 109.963 -9.76216 0.404699 -0.00513593 -1118.36 67.403
8 58.9508 1.22288 -437.002 115.077 -9.71434 0.377515 -0.00440372 -4146.64 171.375
9 44.7584 1.18625 -78.743 15.4667 -0.227416 -0.00216545 0.000975453 -3161.74 137.402
10 61.6391 1.14345 -384.81 103.756 -8.76773 0.343905 -0.00396299 -5281.53 214.045
11 64.4657 0.857861 193.947 -48.5744 5.34245 -0.201962 0.00348573 -2269.97 107.299
12 74.5509 0.73524 -185.49 51.5189 -3.71966 0.140561 -0.0011194 -2806.94 126.655
13 46.2183 0.946675 41.4194 -12.9205 2.16502 -0.0891596 0.00211787 -2643.85 117.056
14 76.8377 1.18198 -20.433 12.615 -0.275312 0.00914733 0.000736226 -3164.25 138.499
15 74.9081 0.834225 285.811 -68.6553 7.36753 -0.297982 0.00517567 -3207.47 141.807
16 74.3259 1.09935 440.233 -107.299 10.9046 -0.436817 0.00712155 -3151.11 139.282
17 44.0283 0.845463 183.442 -51.7824 5.76789 -0.228082 0.00403929 -2412.72 112.719
18 44.4362 0.875191 188.641 -52.0265 5.76597 -0.227069 0.00393339 -2230.68 104.601
19 65.3453 0.989259 -40.2435 16.6433 -1.03575 0.0615353 -0.000394678 -2971.25 134.118
20 69.874 1.19247 12.2996 5.41132 -0.00720457 0.0180499 0.000270801 -3747.05 155.644
21 78.3713 0.807094 177.316 -40.1284 4.5823 -0.175697 0.00318114 -2036.03 99.9511
22 45.2131 1.01403 -249.333 65.0187 -5.44271 0.228858 -0.00269818 -1003.46 60.127
23 83.3041 1.17104 358.231 -83.3699 8.52609 -0.33188 0.00540116 -3078.14 135.036
24 83.2832 1.1126 -66.1118 27.8329 -2.09868 0.106646 -0.00111231 -2353.42 111.024
25 67.2281 0.821187 231.995 -55.6015 5.78827 -0.213687 0.00355884 -2782.52 124.138
26 69.6162 1.01937 145.054 -30.0754 3.38831 -0.12221 0.0023579 -1651.9 84.8433
27 59.164 0.79726 -29.1171 6.63616 0.308221 -0.00607126 0.000695567 -2040.73 97.9488
28 78.3967 0.540393 240.556 -50.7016 4.79557 -0.14973 0.0022506 -3877.81 161.887
29 63.4018 0.669367 438.375 -110.225 10.9092 -0.418386 0.0064667 -2226.74 105.132
30 70.2336 0.936637 86.2759 -15.5112 2.0078 -0.0624134 0.00138392 -1052.7 63.2137
31 61.5921 0.699067 325.354 -87.8301 9.49999 -0.392661 0.0066084 -3038.48 134.091
32 62.3835 1.00966 -72.925 17.4504 -0.333228 -0.00084849 0.00107006 -4714.4 193.9
33 20.4865 0.695155 -185.149 38.252 -2.40853 0.0839851 -0.000190351 -2386.75 111.196
34 61.3313 0.976686 51.9905 -14.2102 2.49535 -0.107826 0.0025003 -3596.67 156.931
35 20.9714 1.21708 -52.4665 10.288 -0.256794 0.0155851 0.000556796 -2643.89 121.038
36 40.8656 1.10276 -127.86 29.4718 -1.68409 0.062305 -4.56136e-06 -3139.38 139.682
37 46.5107 0.82987 -42.2822 8.26847 0.279187 -0.0161197 0.00113819 -4269.83 178.998
38 40.6501 1.02263 125.015 -35.97 4.35324 -0.177238 0.00340465 -3350.03 146.273
39 47.6294 0.827133 -232.85 60.2819 -4.84685 0.201277 -0.00218309 -4202.85 176.165
40 58.8509 0.987199 -189.194 52.9956 -4.15607 0.169718 -0.00168035 -3859.79 162.141
41 39.8811 1.28854 -87.1512 17.5825 -0.475985 0.0107729 0.000768459 -3794.83 162.964
42 56.9579 0.73254 -177.379 46.4819 -3.49124 0.146605 -0.00146279 -1738.38 86.8005
43 45.0237 0.753969 -100.772 22.7408 -1.21667 0.0518717 -2.35643e-05 -3003.9 134.138
44 30.6117 1.00832 97.7461 -31.954 4.11475 -0.175244 0.00352036 -2037.98 98.765
45 47.3571 0.782073 -131.14 34.3585 -2.58015 0.115399 -0.00104888 -3962.06 166.342
46 63.1984 0.976162 -112.271 35.0857 -2.60108 0.112758 -0.000922213 -1514.88 80.9496
47 61.8139 0.687891 192.912 -48.7972 5.35172 -0.203633 0.00351703 -2001.83 97.3166
48 45.3075 0.778288 41.5784 -11.2437 1.78596 -0.0641259 0.00166508 -3359.41 144.266
49 42.4397 0.745773 -94.3094 20.7202 -1.02912 0.0415905 0.000235764 -2583.85 119.097
50 50.9881 0.815565 98.5617 -23.7524 2.89884 -0.107867 0.00224804 -2403.63 110.541
51 53.7786 0.668231 -137.404 31.0605 -1.68033 0.0575159 9.41306e-05 -2858.84 127.548
52 46.4234 0.675172 320.898 -80.4991 7.93279 -0.29683 0.00482282 -1998.68 97.8878
53 68.49 0.686399 -36.844 11.3955 -0.142806 0.0102926 0.00052069 -2840.81 127.373
54 64.1316 0.676176 276.681 -64.0659 6.28275 -0.225564 0.00368807 -1311.95 73.2957
55 41.9325 0.661374 112.794 -33.3834 3.97947 -0.154642 0.00298364 -2215.89 105.75
56 37.1224 0.414167 -99.5141 16.5204 -0.368832 0.0069848 0.000770717 -2920.96 129.778
57 21.7013 0.546472 200.465 -63.3786 7.08294 -0.292883 0.00517655 -3830.36 162.274
58 56.7669 0.775934 154.04 -39.5317 4.48645 -0.169694 0.00304099 -2082.45 99.6484
59 35.2903 0.572857 321.117 -87.7875 8.89143 -0.342971 0.0055359 -2549.71 116.968
60 50.0173 0.657549 322.84 -81.9327 8.09904 -0.302213 0.00483234 -5711.25 222.307
61 66.958 0.797948 399.036 -99.4419 10.0166 -0.391343 0.00631777 -4318.67 177.757
62 60.7783 0.650558 169.393 -44.2905 5.06429 -0.19839 0.00357162 -4881.58 202.344
63 46.4042 0.75408 -45.2809 9.47246 -0.0445895 0.00371038 0.00074374 -3028.89 135.209
64 97.7719 0.732131 -70.8848 24.183 -0.892302 0.0227602 0.000606607 -3211.82 143.828
65 94.4419 1.16535 58.7015 -10.8543 2.56456 -0.12417 0.00293141 -4247.22 182.26
66 92.7067 0.873507 -54.8307 17.0856 -0.0857662 -0.0105729 0.00108852 -2017.96 101.918
67 84.4672 1.23887 -203.812 64.3111 -5.2962 0.219589 -0.00242556 -2070.17 101.022
68 59.601 1.99026 6.31985 10.5244 -0.705064 0.0560839 -0.000457873 -1664.72 83.7568
69 91.9288 1.31853 258.25 -58.8038 6.66372 -0.27385 0.00486158 -2843.26 130.223
70 112.208 1.08825 67.9188 -4.40197 1.52963 -0.0677892 0.0019067 -4652.82 194.48
71 103.076 0.958313 -78.2447 33.973 -2.21752 0.0862105 -0.00035841 -3219.38 144.21
72 94.6969 1.26418 65.9222 -3.83785 1.20998 -0.0453734 0.00144252 -3835.14 164.269
73 88.0256 1.29964 -46.1305 24.9188 -1.58485 0.0679486 -0.000219535 -1411.29 78.0225
74 100.649 1.36799 -1.87841 15.6059 -0.596974 0.0264437 0.000419534 -2383.44 114.262
75 100.431 1.18995 100.994 -14.1638 2.40053 -0.10111 0.00236793 -3081.81 139.609
76 83.3978 1.62439 322.333 -66.8349 6.451 -0.227305 0.00361844 -2671.9 123.018
77 92.6643 1.11533 -57.2882 23.7528 -1.15864 0.041162 0.000293586 -3129.83 139.739
78 71.7627 1.57888 165.221 -34.3349 4.02287 -0.159521 0.00313498 -3559.9 155.544
79 97.5106 1.09118 303.512 -66.9058 7.14941 -0.282604 0.00479528 -2765.35 126.965
80 113.326 1.25595 1821.87 -444.535 41.2157 -1.58312 0.0224348 -5469.5 218
81 75.2315 1.26156 12.2689 2.23086 0.813214 -0.038474 0.00148519 -2600.07 122.413
82 104.923 0.869825 -37.5645 20.1675 -0.816959 0.030769 0.000334227 -1998.49 98.8013
83 72.7914 1.23591 55.4414 -15.2752 2.93094 -0.13715 0.00304775 -1870.27 95.3605
84 93.79 1.51824 327.766 -69.1022 6.91148 -0.253974 0.00417447 -2045.39 101.682
85 87.1771 1.47483 -226.397 69.9451 -5.77212 0.238996 -0.00273118 -1910.82 97.3163
86 82.9628 1.16042 16.6197 4.38332 0.293206 -0.00250514 0.000810824 -2294.37 111.072
87 103.753 0.937272 123.49 -20.0585 2.78506 -0.108211 0.00232714 -2861.4 131.359
88 86.9053 1.09584 217.798 -49.2826 5.67941 -0.231031 0.00419437 -4292.3 181.657
89 76.4102 1.19299 -71.5867 26.5344 -1.832 0.0881033 -0.000678464 -2608.62 120.519
90 99.2433 1.92041 433.452 -95.1931 9.48635 -0.363411 0.00582932 -3566.96 154.145
91 92.7768 0.537505 -87.411 32.0833 -2.22358 0.101356 -0.00087694 -3875.08 165.597
92 106.45 0.906846 322.244 -68.7526 7.04183 -0.260273 0.00408919 -1701.05 86.3529
93 82.9404 1.23271 -31.8809 13.2917 -0.157177 0.00474795 0.000756335 -2623.16 121.969
94 100.434 1.61117 239.876 -47.4044 5.11847 -0.191081 0.00339799 -3181.72 142.425
95 96.071 0.926482 239.876 -47.4044 5.11847 -0.191081 0.00339799 -3181.72 142.425
