0 32.8326 2.0179 -127.148 47.9625 -5.0313 0.238723 -0.00305777 -1998.63 94.2861
1 52.5895 1.66007 98.4751 -13.3719 1.35224 -0.0404122 0.00121764 -2249.58 102.691
2 48.1365 1.73466 156.844 -27.9319 2.55208 -0.0820124 0.00173317 -2818.2 124.135
3 60.9449 1.07666 181.128 -30.2853 2.43969 -0.0616693 0.00119704 -2667.27 117.771
4 34.6552 1.21288 334.4 -74.3427 6.35953 -0.210697 0.00322531 -1846.05 88.5919
5 17.0097 1.33528 -175.438 52.5193 -5.29127 0.242507 -0.00303116 -1632.41 80.6325
6 37.1598 1.45457 -76.6347 32.9174 -3.65623 0.190957 -0.00254497 -3919.53 161.145
7 62.8257 1.1242 -214.685 79.2565 -8.43587 0.397639 -0.00576519 -1386.04 68.0095
8 26.0003 1.34166 174.431 -39.6892 3.66171 -0.124764 0.00232043 -2132.77 97.4149
9 41.1105 1.31235 138.268 -20.6125 1.24926 -0.00416382 0.000281782 -2160.42 98.1974
10 60 0.897096 321.772 -60.4924 4.55757 -0.121339 0.0018302 -1540.62 78.5208
11 43.2274 0.948199 324.556 -75.218 6.98875 -0.260754 0.00433873 -2340.99 106.182
12 73.9941 0.845622 193.741 -24.9187 1.49778 -0.0156699 0.000582345 -2019.9 94.7917
13 65.2619 1.11419 396.929 -79.3023 6.42264 -0.197344 0.00285694 -596.676 43.9179
14 57.4446 1.13426 285.859 -49.6957 3.3004 -0.0512163 0.000306723 -641.497 42.3682
15 41.2129 1.15472 458.197 -101.913 8.52047 -0.275059 0.00380816 -1287.02 66.9636
16 45.2104 1.05693 191.748 -35.7161 2.85282 -0.0762514 0.00142092 -2187.79 99.8106
17 21.8085 1.18091 -74.2786 27.1687 -2.97971 0.153641 -0.00182157 -2556.47 114.671
18 64.2488 1.27119 165.022 -25.3697 2.08729 -0.0544206 0.00120139 -1668.99 82.9724
19 70.1742 0.766955 404.584 -75.8232 5.57152 -0.141973 0.00176699 -2736.78 120.941
20 30.5671 1.14185 548.137 -137.099 12.9059 -0.504293 0.00802388 -1815.63 89.999
21 42.3009 1.1522 303.219 -62.0821 5.06378 -0.160966 0.00265722 -1603.69 79.924
22 70.1616 0.933814 417.927 -84.7744 7.00416 -0.222576 0.00327437 -2571.72 115.713
23 57.1043 1.30359 156.106 -19.6414 0.996726 0.0137779 -8.80172e-05 -894.057 54.6402
24 63.2184 0.951427 68.6639 4.07837 -1.25378 0.103924 -0.00144729 -1277.44 66.9516
25 54.5993 0.964461 414.083 -89.0815 7.65419 -0.263622 0.00408886 -1386.33 72.5993
26 51.9856 0.716004 431.106 -91.0107 7.52892 -0.252242 0.00388338 -1386.33 72.5993
27 38.4563 1.20692 160.293 -30.1517 2.52093 -0.0727023 0.00141944 -2425.98 106.886
28 44.7109 0.218173 540.053 -126.367 11.161 -0.401982 0.00595091 -2381.71 105.489
29 60.5649 1.09352 48.7872 8.74821 -1.72166 0.126313 -0.00181472 -2820.15 122.352
30 62.3877 0.571696 227.158 -36.0333 2.26291 -0.026658 0.000361506 -202.038 30.6699
31 63.4428 0.695791 3.10819 34.1356 -5.49896 0.330463 -0.0054222 -756.185 46.3175
32 19.4799 1.31737 368.38 -91.6069 8.52393 -0.321122 0.00517729 -1154.88 62.5116
33 56.1215 -3.0636 165.721 -35.7017 2.89598 -0.0948474 0.00197888 -2292.15 102.559
34 36.2536 -1.17485 250.004 -62.6419 5.72246 -0.208021 0.00349877 -1705.43 81.859
35 42.333 1.7601 -69.8416 32.1187 -3.30104 0.162213 -0.00196959 -1403.84 71.2022
36 35.0509 1.18208 117.461 -17.9553 1.14833 -0.00949337 0.000507071 -1722.73 82.8076
37 27.9877 0.824309 -102.915 36.8758 -3.98555 0.198993 -0.00259484 -416.072 34.6817
38 43.1632 1.03538 336.369 -78.497 7.38089 -0.282233 0.00473155 -611.409 44.7376
39 19.2928 0.529028 -48.6607 15.0285 -1.52799 0.0841933 -0.000706293 -1555.52 76.2755
40 19.4031 0.388887 329.519 -83.7978 7.76771 -0.292562 0.00476651 -3052.68 127.831
41 28.6567 1.01259 320.947 -72.3834 6.08675 -0.194451 0.00294622 198.55 16.4338
42 19.6836 0.437878 74.4156 -9.42727 -0.0614518 0.0577458 -0.000765618 9.21103 19.7909
43 16.2344 0.746394 -73.9671 20.2742 -1.85523 0.0862923 -0.000566357 -1883.62 88.6068
44 43.2912 0.853128 57.8544 -0.376495 -0.644204 0.0721468 -0.0008881 -1083.64 59.867
45 20.8421 1.05518 160.186 -38.1468 3.51384 -0.119289 0.00219909 -1844.53 86.667
46 23.5549 1.48089 217.044 -45.3493 3.32498 -0.0883068 0.0015226 -1227.54 63.7162
47 23.8348 0.859784 231.544 -46.7426 3.30196 -0.06878 0.000830902 -2818.41 120.645
48 54.6144 -3.05785 205.362 -51.0778 4.65975 -0.168754 0.00300955 -2707.39 115.57
49 30.5448 1.06723 62.6931 -4.32776 -0.25609 0.054749 -0.000600282 -1023.79 56.7435
50 30.8778 0.799711 431.941 -96.1874 7.90018 -0.258022 0.00381157 -1848.01 87.577
51 28.2479 0.754399 196.58 -28.9257 0.835083 0.0583465 -0.00122587 -1872.28 85.665
52 19.4255 0.391723 80.8817 -17.4034 1.42332 -0.0392179 0.00125722 -1819.11 87.3619
53 19.8762 0.347128 299.113 -75.0188 6.76609 -0.240276 0.00383033 -1632.93 79.4988
54 67.4925 -4.07356 608.243 -142.306 11.9288 -0.41003 0.00584861 -1286.38 65.9962
55 23.3548 0.0831032 262.076 -62.1507 5.29379 -0.175373 0.00288283 -2528.47 110.124
56 20.1189 0.293049 120.302 -22.427 1.31365 -0.00780485 0.000332894 -1873.75 86.7677
57 18.8783 0.629141 423.689 -103.184 9.08422 -0.321624 0.00483002 -1510.32 72.8839
58 24.7629 -0.234896 357.747 -85.8692 7.32672 -0.246179 0.00364538 -3004.05 126.51
59 37.6206 0.628982 415.344 -89.4108 7.1053 -0.215024 0.00290804 -1523.95 74.009
60 20.7463 0.660957 176.436 -35.1986 2.41643 -0.046847 0.000869273 -1518.58 75.0751
61 20.5661 0.196826 452.258 -111.604 9.97387 -0.367228 0.00564784 -3080.57 128.128
62 21.2178 1.08437 -120.111 42.9135 -4.85514 0.242211 -0.0032583 -2414.82 105.22
63 22.9177 -0.150504 -18.8449 14.988 -2.34418 0.144493 -0.00195622 -1202.49 61.8207
