0 17.3252 0.866947 381.48 -101.11 9.55151 -0.349404 0.00548342 -2977.79 133.433
1 35.4196 -0.93406 606.662 -139.546 11.3507 -0.376173 0.00548528 -3230.87 142.491
2 83.9686 -5.76714 336.981 -89.1654 8.38231 -0.31416 0.00526484 -3412.53 148.334
3 33.6499 -0.752616 577.886 -138.521 11.7607 -0.401707 0.00580876 -4565.27 186.999
4 58.7357 -3.56913 495.998 -115.059 9.31386 -0.296917 0.00428396 -2652.62 119.163
5 73.4723 -5.15639 85.7735 -21.174 1.80332 -0.0363166 0.000978665 -2479.13 114.988
6 20.9677 0.222325 122.444 -40.8149 4.5065 -0.169229 0.00314197 -2598.53 118.292
7 16.6414 0.988094 246.23 -69.381 6.88332 -0.252398 0.00415045 -2701.51 122.369
8 18.2313 1.14254 490.001 -108.715 8.41046 -0.251087 0.00351116 -1651.33 83.7199
9 20.0713 0.435588 -325.606 73.7318 -5.97576 0.241634 -0.00266315 -3024.59 133.478
10 63.75 -3.7212 65.9008 -24.9017 2.87542 -0.104434 0.00224392 -4724.23 192.417
11 19.0103 0.558932 15.1419 -12.8359 1.89791 -0.0659228 0.00167507 -5416.52 220.005
12 60.6741 -3.5578 904.346 -231.359 21.1286 -0.798078 0.011856 -3230.03 142.567
13 20.4152 0.682667 602.458 -164.083 16.0517 -0.627619 0.00966516 -3623.57 156.051
14 21.5499 0.879243 134.254 -44.4711 5.09399 -0.199546 0.00364185 -5115.13 207.122
15 16.7469 0.412663 144.906 -19.929 -0.160202 0.112718 -0.00219971 -4746.42 192.903
16 23.2895 -0.0776787 249.51 -74.2473 7.65873 -0.300763 0.00517927 -2303.16 109.816
17 57.7895 -3.01139 390.027 -95.1843 8.0917 -0.259555 0.00372652 -3356.04 144.155
18 18.7108 0.634125 358.326 -103.642 10.7246 -0.432888 0.00718707 -3508.78 152.169
19 21.0045 0.435137 -77.3508 5.1144 0.766667 -0.0397915 0.00154211 -3972.55 170.572
20 61.5139 -3.63694 166.242 -43.6945 3.88364 -0.117526 0.00209884 -2203.35 103.544
21 20.0566 0.467141 323.048 -94.9061 9.60658 -0.370082 0.00590561 -3815.47 162.455
22 47.1063 -2.14885 391.218 -101.852 9.4259 -0.346199 0.00554975 -2921.85 130.627
23 22.5511 -0.0619847 522.794 -139.569 13.2315 -0.503176 0.00782348 -3635.6 155.724
24 20.6351 0.367515 167.611 -52.1267 5.46346 -0.200849 0.00345353 -2581.85 117.788
25 20.6351 0.367515 637.247 -149.821 12.4553 -0.415161 0.00576562 -2444.15 110.607
26 26.1067 1.22614 575.27 -143.066 12.5295 -0.445667 0.00663192 -3435.28 148.177
27 19.4082 0.401053 672.69 -180.155 17.0721 -0.650195 0.00968943 -4040.73 169.938
28 17.696 0.705899 351.067 -97.3477 9.4263 -0.353032 0.00558491 -2448.88 113.696
29 21.7168 0.299463 318.173 -93.173 9.49022 -0.367121 0.00591564 -2883.11 129.874
30 20.6033 0.882916 6.93207 -14.6846 2.55358 -0.106948 0.00238854 -4264.28 177.269
31 17.5098 0.50057 271.62 -75.1301 7.21192 -0.259876 0.00422292 -2788 125.834
32 111.496 0.53855 47.6677 5.86881 0.111287 0.0048823 0.000758379 -3597.7 158.161
33 107.087 1.70202 252.384 -45.6702 5.0598 -0.202123 0.00390093 -2492.32 121.181
34 123.619 1.13352 -24.5508 26.4815 -1.56338 0.0634943 1.81348e-05 -3795.21 167.207
35 122.776 1.40035 219.843 -35.6008 4.24154 -0.17589 0.00367282 -2032.33 106.379
36 121.95 0.865541 150.079 -19.5679 2.84649 -0.124001 0.00295535 -3660.72 163.703
37 151.583 1.04171 613.663 -122.473 11.2163 -0.399146 0.00605763 -4679.48 199.651
38 115.852 1.05258 -428.381 139.056 -13.2324 0.579788 -0.00821831 -4679.48 199.651
39 100.738 1.39689 24.1357 13.6984 -0.623025 0.0252655 0.000741653 -4278.96 181.522
40 99.1959 1.00263 -225.027 77.259 -6.78983 0.286747 -0.00335321 -5791.27 232.069
41 103.818 1.1077 -71.6001 32.3027 -1.96216 0.073053 -6.32712e-05 -2498.34 120.832
42 103.484 0.973519 286.706 -57.9333 6.15893 -0.240892 0.0043401 -1977.43 101.879
43 109.849 1.19429 44.2373 15.8501 -1.4691 0.0886805 -0.000703579 -3507.41 155.991
44 110.746 1.04581 -64.1038 33.1913 -2.33347 0.100835 -0.000628812 -610.214 52.9058
45 134.036 0.879153 217.509 -30.995 3.25567 -0.103617 0.00205286 -1108.5 71.536
46 126.856 0.903431 371.683 -76.0209 7.83721 -0.303623 0.00513439 -2660.81 126.641
47 107.713 0.965703 166.079 -24.6388 2.88541 -0.1018 0.00220386 -3023.22 139.235
48 125.92 0.687731 355.404 -75.1697 8.1351 -0.332766 0.00584661 -3036.03 140.135
49 138.027 1.09461 586.817 -120.924 11.3428 -0.416257 0.00636323 -2709.76 127.902
50 96.6273 0.744379 -56.2323 25.2684 -1.43874 0.0560413 0.000127649 -2695.06 127.599
51 114.805 0.781022 271.806 -57.8593 6.58564 -0.271805 0.00493894 -2314.41 114.752
52 124.565 0.969575 349.791 -70.2858 7.40769 -0.299176 0.00538702 -4796 201.231
53 110.457 0.994732 -12.7203 20.1773 -1.11161 0.0503751 9.85546e-05 -2868.25 132.486
54 121.573 0.887433 490.95 -108.706 10.9425 -0.429466 0.00694156 -2905.45 134.296
55 88.0388 1.03875 70.7203 -2.98658 0.551758 0.00456955 0.000469495 -2950.78 136.362
56 115.382 1.35306 188.139 -25.8129 2.78007 -0.0908384 0.0019127 -3022.15 137.036
57 105.474 1.05993 532.08 -125.888 12.9204 -0.52776 0.00868931 -3384.78 152.196
58 102.738 0.736665 76.939 -10.9528 2.15939 -0.0915511 0.00226038 -1794.5 94.4544
59 109.06 0.775714 102.065 -12.5859 2.11622 -0.085827 0.00218246 -4537.09 190.682
60 127.25 0.803124 480.631 -103.492 10.3446 -0.400083 0.00644362 -3289.31 148.638
61 90.7213 1.03017 55.8459 -3.70887 1.16006 -0.0429026 0.00149185 -4594.52 192.028
62 89.9854 0.84552 678.947 -170.981 17.3356 -0.70781 0.0112814 -1931.14 103.365
63 103.579 1.50297 330.558 -62.1864 5.87797 -0.198634 0.00318886 -3204.09 142.637
64 79.7385 0.955915 369.384 -87.2204 8.9463 -0.354212 0.00592186 -3076.27 137.226
65 52.8256 1.02442 443.802 -109.848 10.7814 -0.415971 0.00663526 -2849.13 131.141
66 38.3111 1.14441 -385.754 106.012 -9.86617 0.432138 -0.00595035 -6217.77 241.137
67 68.0621 1.32385 648.479 -161.969 16.0024 -0.637812 0.0100234 -2336.79 112.704
68 57.2659 1.65326 -390.964 110.914 -9.99247 0.415045 -0.00527447 -2467.44 114.965
69 78.7894 0.864497 823.298 -193.571 17.7896 -0.662259 0.00963329 -2517.37 116.803
70 58.9732 0.722975 -155.296 48.6111 -4.23308 0.189556 -0.00207595 -324.171 40.6201
71 90.7693 0.834641 105.245 -14.1224 1.72231 -0.0442311 0.0010762 -3794.07 158.061
72 67.3628 1.10625 216.956 -45.0201 4.46925 -0.154349 0.00276542 -778.476 57.0511
73 59.1551 1.01226 180.063 -41.7254 4.49327 -0.167366 0.00305239 -1860.33 93.0104
74 57.7281 1.25226 132.947 -27.1537 3.10088 -0.12001 0.00268256 -2943.34 133.922
75 66.8778 0.876168 -96.8825 35.4594 -3.13872 0.15854 -0.0019635 -1514.28 79.2361
76 60.9346 0.891077 84.1874 -20.4493 2.89774 -0.119661 0.00264137 -3591.01 156.263
77 60.0674 1.5754 -131.674 43.9973 -3.8791 0.181439 -0.00213811 -2154.9 104.425
78 74.2391 0.960997 243.074 -59.0101 6.51305 -0.264401 0.0046977 -2487.25 117.572
79 71.1088 0.934147 386.225 -86.8626 8.13411 -0.28885 0.00443306 -2662.49 122.306
80 58.8022 1.05185 485.916 -121.685 11.9935 -0.469848 0.00749837 -1731.08 89.3287
81 45.5153 0.898951 292.835 -70.1256 6.62039 -0.233184 0.00377315 -3845.83 165.333
82 39.1371 1.31447 197.087 -53.8578 5.964 -0.241337 0.00438268 -3582.15 157.171
83 63.2031 1.15797 166.507 -36.1892 3.86322 -0.13686 0.00255967 -2950.77 133.408
84 55.5094 1.6459 443.467 -109.234 10.7601 -0.417147 0.00674778 -2957.33 133.181
85 66.0343 1.16227 342.414 -80.9702 7.98306 -0.297257 0.00480109 -2698.3 124.635
86 59.7203 1.44772 271.007 -60.8895 6.00715 -0.218052 0.00368067 -1934.6 96.4373
87 42.6307 1.60497 -99.5528 31.0976 -2.61476 0.127483 -0.00132506 -2042.89 98.6212
88 57.1071 1.26173 7.85318 0.419053 0.609747 -0.00762547 0.000628618 -3440.72 149.642
89 74.064 1.44726 248.475 -54.3529 5.72274 -0.220577 0.00394534 -4070.47 176.763
90 68.3162 0.903698 420.597 -102.123 10.0762 -0.386706 0.00616648 -1599.15 84.2551
91 37.7279 1.27987 156.843 -44.6009 5.08001 -0.207082 0.00397744 -4360.75 187.364
92 47.8049 1.32063 -284.703 79.1941 -7.16019 0.314386 -0.00404255 -2030.2 99.7225
93 70 0.943052 318.588 -78.1942 8.07952 -0.315242 0.00525981 -2190.61 106.142
94 71.2913 1.27825 146.766 -26.0925 2.63987 -0.0775847 0.00159527 -1994.83 98.5023
95 152.963 -13.2568 146.766 -26.0925 2.63987 -0.0775847 0.00159527 -1994.83 98.5023
