0 36.1924 1.18875 149.667 -34.2416 3.40482 -0.108468 0.0021634 -2620.01 121.696
1 17.53 0.872895 -31.3819 7.12609 -0.471727 0.0439871 6.31509e-05 -2620.52 121.679
2 29.9107 0.612055 -44.5587 5.06954 0.614242 -0.0309886 0.00148421 -6060.27 241.362
3 20.1135 0.893253 84.155 -26.0955 3.17627 -0.125798 0.00283884 -3385.75 150.065
4 19.4814 0.58096 -48.045 1.31805 0.787111 -0.0287934 0.00130226 -3421.44 148.526
5 20.1655 0.740037 405.083 -119.082 12.5352 -0.514933 0.00852822 -6331.15 248.699
6 19.1132 0.569161 -118.14 23.8484 -1.63234 0.0794776 -0.000477454 -4349.13 184.23
7 16.3988 1.83317 122.743 -39.7168 4.81277 -0.200812 0.0039077 -3462.67 151.837
8 17.2256 1.60545 -242.322 51.9025 -3.4389 0.110921 -0.000192977 -3380.95 148.809
9 33.0321 1.07227 132.72 -37.5612 4.38391 -0.172918 0.00335 -2937.98 131.953
10 18.0184 0.845687 -349.318 81.769 -6.93369 0.288373 -0.00338471 -2707.07 123.899
11 18.921 0.740723 360.781 -100.303 9.97932 -0.38191 0.00613244 -3836.37 163.815
12 21.1713 2.09741 45.9969 -15.5789 2.19864 -0.0803959 0.00204164 -3966.01 173.737
13 35.9873 -1.22944 406.593 -99.903 8.6665 -0.300719 0.00474027 -1873.94 92.8225
14 18.4223 0.845914 294.435 -86.2956 8.97402 -0.354898 0.00590981 -3567.44 156.772
15 21.133 0.920743 490.095 -136.394 13.4579 -0.518092 0.00794265 -2767.02 125.587
16 34.3832 -0.929204 -3.56071 -3.41695 0.527071 0.00238677 0.000586611 -3036.88 138.023
17 25.8873 -0.0981979 362.491 -88.7997 7.60889 -0.249719 0.0038135 -1521.18 79.7995
18 22.38 0.792354 -75.5342 5.44566 0.84348 -0.0443108 0.00159252 -2184.4 104.296
19 32.2166 1.34102 190.946 -50.702 5.20004 -0.186803 0.00326541 -2024.28 99.2666
20 19.8401 0.845702 379.431 -112.792 11.9083 -0.491207 0.00812852 -4174.79 175.975
21 28.7621 1.36752 44.9654 -16.442 2.34798 -0.0830668 0.00188953 -2869.31 129.451
22 19.3271 0.512069 130.17 -38.8292 3.81711 -0.113451 0.00191778 -8598.28 324.296
23 28.3127 1.3272 -160.268 43.3079 -3.93644 0.192597 -0.00238701 -3533.26 153.578
24 24.0291 1.35132 -16.4319 0.524726 0.421842 0.00627713 0.000404691 -4066.26 169.546
25 21.3376 0.994695 -168.01 31.8237 -1.85797 0.071561 -0.000177256 -1305.28 72.8055
26 31.5177 0.905704 49.3237 -14.7034 1.82044 -0.0507964 0.00130755 -2111.31 102.69
27 21.6663 0.854475 148.257 -46.8996 5.25214 -0.202503 0.00367599 -4280.43 182.153
28 18.1106 0.78764 58.4112 -23.5831 2.93509 -0.112989 0.00251788 -2677.65 123.484
29 46.7213 1.17865 -295.491 69.4542 -5.16542 0.197323 -0.0019092 -1844.66 93.5024
30 38.56 1.63611 121.529 -26.8878 2.72946 -0.0782339 0.00160404 -1966.29 98.8047
31 19.1697 0.606834 363.392 -105.372 10.737 -0.427316 0.00701868 -3375.51 149.224
32 43.1938 -1.26199 352.664 -91.1497 8.47384 -0.313044 0.00517442 -3183.22 141.3
33 29.6703 -0.293335 705.126 -177.979 16.1122 -0.600309 0.00910376 -4604.02 193.999
34 18.5054 0.813859 197.146 -64.7774 7.32039 -0.307972 0.00557636 -3984.04 171.133
35 36.8764 -1.041 244.536 -49.937 3.3886 -0.0711493 0.00123885 -4251.48 180.092
36 54.7003 -3.12202 232.34 -63.9321 6.24271 -0.233744 0.00413946 -2399.59 113.076
37 29.5425 -0.18117 80.6742 -26.9282 3.01225 -0.112243 0.002509 -2477.6 116.209
38 42.6622 -1.69917 190.97 -48.1853 4.27282 -0.135877 0.00241085 -1917.8 93.2433
39 40.3407 -1.62675 497.249 -118.166 9.93692 -0.336934 0.00509666 -4389.53 185.272
40 17.157 0.794373 -28.1703 -1.52718 0.886314 -0.0322653 0.00131137 -3564.66 153.666
41 20.6458 0.63003 20.8931 -27.2744 4.55818 -0.218959 0.00446545 -3377.2 147.906
42 65.9879 -4.15694 150.965 -44.4626 4.51561 -0.164935 0.00307867 -3120 137.545
43 47.3878 -2.08656 212.96 -52.137 4.40062 -0.131424 0.00229647 -2788.93 126.843
44 25.8915 0.838059 531.65 -128.234 10.9742 -0.380163 0.00571478 -2072.7 100.021
45 60.9573 -3.74282 551.631 -142.801 13.3314 -0.506187 0.00790603 -3159.1 140.563
46 40.8681 -1.47629 39.3126 -14.4903 1.67783 -0.0522666 0.00146839 -3195.48 141.5
47 40.8841 -1.47378 776.86 -185.624 15.9113 -0.567953 0.0083314 -4031.52 168.732
48 42.1338 -1.27768 287.074 -64.055 4.87452 -0.132364 0.00213226 -4301.38 182.757
49 52.8204 -2.71934 681.535 -162.788 13.8126 -0.476527 0.00679188 -3174.64 139.104
50 46.098 -1.8463 364.251 -96.9028 9.19578 -0.345812 0.00562604 -3588.37 153.67
51 43.4672 -1.86745 505.93 -133.408 12.511 -0.470832 0.00736102 -3545.28 153.713
52 43.4672 -1.86745 786.846 -181.064 14.8688 -0.505392 0.00721876 -2667.97 122.025
53 15.6655 0.854237 57.0332 -28.1485 3.746 -0.155616 0.00314536 -3727.71 160.822
54 18.8576 1.35514 695.803 -164.101 13.8126 -0.480443 0.00705364 -4145.06 174.802
55 19.2557 0.525236 -61.9494 -4.63433 2.1889 -0.115866 0.00286325 -3433.32 149.452
56 63.5458 -3.64678 306.634 -77.3289 6.81933 -0.231263 0.00369072 -2471.48 112.784
57 38.6156 -1.27469 375.619 -97.9932 9.12712 -0.340689 0.00558329 -3116.49 138.632
58 17.284 0.845966 236.142 -69.0954 7.07349 -0.269072 0.00451826 -2267.87 107.447
59 51.3263 -2.42684 316.79 -79.1157 6.9148 -0.227628 0.00354331 -5638.19 221.149
60 81.4801 -5.43867 652.959 -158.84 13.7373 -0.483779 0.00703867 -1898.62 92.5091
61 44.5608 -1.65366 622.722 -154.654 13.7264 -0.498315 0.00748832 -3476.39 151.249
62 40.9992 -1.41102 747.56 -192.023 17.6575 -0.671144 0.0101529 -3508.57 152.384
63 32.6219 -1.08979 487.041 -127.113 11.7672 -0.436364 0.00668885 -3262.8 142.39
64 63.8637 1.44072 -238.418 65.1294 -5.0273 0.19343 -0.00173372 -3002.61 136.988
65 46.6336 1.44915 -177.633 42.4528 -2.68927 0.0942982 -0.000269981 -3687.76 159.443
66 42.3646 0.789775 -454.354 108.161 -8.63596 0.32861 -0.00361141 -5070.5 210.015
67 42.928 1.19856 -113.401 24.3836 -0.884631 0.0144525 0.00105467 -2879.02 132.934
68 54.6841 1.25933 -136.231 40.9044 -3.27386 0.149096 -0.00148286 -2789.8 127.719
69 54.8721 1.257 277.794 -70.1729 7.44987 -0.293933 0.00504612 -4577.4 190.908
70 68.7905 1.2419 -37.3381 11.8481 0.0509647 -0.00846698 0.00113554 -3435.55 152.261
71 72.7118 1.58997 39.5032 -5.02645 1.61814 -0.0698963 0.00192347 -4504.47 188.722
72 48.4211 1.34326 -277.459 68.243 -5.09736 0.193315 -0.00174895 -3726.72 164.062
73 38.8178 1.28183 -591.423 153.905 -13.8746 0.575698 -0.00774181 -4149.28 173.939
74 69.1911 1.38803 -336.845 89.9606 -7.17019 0.273292 -0.00280305 -6101.54 245.716
75 67.7962 1.44287 -117.944 34.5869 -2.10935 0.0800622 -0.000241214 -2798.12 127.907
76 55.5418 0.956064 102.177 -27.8956 3.87523 -0.17005 0.00360889 -4063.36 175.319
77 42.6493 1.86884 -1.95395 5.17218 0.0787843 0.00998804 0.000601201 -2221.47 107.897
78 66.9742 0.863311 30.7768 -18.3342 3.91868 -0.203848 0.00450095 -834.321 60.9698
79 48.0323 1.5408 89.9145 -27.6529 3.91621 -0.1673 0.00338605 -2435.31 115.462
80 76.8312 1.52143 3.40298 2.12338 1.11466 -0.0567196 0.00185528 -3292 147.122
81 37.3381 6.41573 2003.98 -420.011 29.6643 -0.649618 0.00372156 -3292 147.122
82 38.4426 1.00538 -462.376 112.898 -9.51834 0.386226 -0.00488238 -1945.27 95.2912
83 86.3254 0.879789 -52.0485 13.2235 0.318207 -0.0319217 0.00157152 -4334.72 183.845
84 60.3184 0.807157 -52.8315 11.3751 0.275214 -0.0269615 0.00154333 -4247.46 182.113
85 49.1868 0.872061 578.086 -158.515 16.4764 -0.691227 0.0113668 -3925.42 170.632
86 54.714 0.64445 121.589 -33.7517 4.11758 -0.158481 0.00302962 -1298.39 75.8512
87 59.8294 0.444318 -146.733 32.7902 -1.67535 0.0512949 0.000429136 -3111.1 141.266
88 62.6997 0.707538 -134.907 31.6661 -1.67949 0.0572575 0.000176091 -5655.37 229.171
89 77.0961 0.637847 20.9279 3.13942 0.114825 0.0233716 7.37952e-05 1237.78 -17.5057
90 89.0883 1.0189 -115.423 37.9309 -2.60186 0.107627 -0.000691302 -3691.7 160.88
91 52.7363 0.936268 295.194 -80.3735 8.84624 -0.370018 0.00648462 -2579.19 122.859
92 79.6764 1.18276 158.325 -35.1081 4.24774 -0.163435 0.00310954 -1585.06 86.6245
93 70.8074 0.826876 26.005 -1.55879 0.795338 -0.0123887 0.000715188 -2662.45 124.92
94 78.3288 0.787868 -183.358 45.5554 -2.66624 0.0866316 -5.58995e-05 -3316.11 150.718
95 104.1 -4.33394 -183.358 45.5554 -2.66624 0.0866316 -5.58995e-05 -3316.11 150.718
