0 18.3222 0.769014 629.63 -140.388 11.0822 -0.359471 0.00516743 -4476.3 187.143
1 78.8465 -5.22106 337.845 -87.7198 8.0713 -0.293981 0.00489387 -8497.55 323.686
2 14.3298 1.69958 1020.23 -234.904 19.5975 -0.694546 0.0099728 -3757.69 158.443
3 64.3614 -3.70278 286.591 -60.5785 4.30359 -0.102748 0.00156091 -4970.32 203.655
4 53.6609 -5.68724 759.115 -171.718 13.7768 -0.45493 0.00636431 -4153.92 171.1
5 107.116 -8.17251 153.348 -43.2988 4.20402 -0.142884 0.00256289 -2889.64 127.914
6 107.116 -8.17251 884.448 -192.434 14.8072 -0.469443 0.00632937 -2996.74 132.568
7 95.8937 -7.9223 289.007 -65.0245 5.02151 -0.140952 0.00224169 -3262.19 142.222
8 52.1884 -1.96853 266.56 -62.3648 5.04533 -0.150309 0.00243634 -3958.9 165.819
9 52.1884 -1.96853 1610.54 -340.3 25.7748 -0.827366 0.0105859 -4016.41 163.83
10 52.1884 -1.96853 1153.19 -242.53 18.1846 -0.575495 0.00757838 -3400.88 144.676
11 52.1884 -1.96853 177.724 -13.8512 -1.42032 0.152789 -0.00229028 -3342.34 142.379
12 52.1884 -1.96853 1489.28 -285.033 19.3334 -0.550192 0.00653998 -4197.31 172.506
13 59.9682 -3.25509 308.848 -74.4981 6.17084 -0.18645 0.00274429 -4217.75 173.352
14 59.9682 -3.25509 577.8 -122.392 8.96499 -0.260838 0.00356338 -2909.11 126.938
15 59.9682 -3.25509 1410.4 -287.084 20.8603 -0.641155 0.00806123 -2546.81 113.321
16 59.9682 -3.25509 1238.67 -266.474 20.7046 -0.692555 0.00957271 -2001.56 96.1514
17 81.3399 -4.2374 343.086 -80.2658 6.51419 -0.192618 0.00273586 -2329.3 107.864
18 22.5235 1.30012 78.9094 -10.4153 -0.147123 0.0648337 -0.000748868 -1812.48 87.5092
19 22.5235 1.30012 2100.37 -445.036 33.9895 -1.10868 0.014051 -2777.21 120.769
20 7.92773 4.67715 764.39 -170.216 13.3712 -0.422865 0.00561005 -4437.63 181.328
21 90.7278 -6.62838 740.065 -186.43 16.77 -0.623732 0.0093537 -5490.38 218.692
22 90.7278 -6.62838 672.672 -144.002 10.7167 -0.319106 0.00420981 -3696.65 154.486
23 82.8738 -6.89162 199.427 -52.6085 4.80027 -0.156601 0.0026466 -2346.39 108.699
24 -17.2874 8.5829 278.403 -71.1946 6.23415 -0.206059 0.00326828 -3188 136.456
25 -18.2872 8.39749 1197.4 -281.657 23.7823 -0.844099 0.011783 -2928.71 128.217
26 -18.2872 8.39749 637.9 -122.6 8.01837 -0.203467 0.0026097 -2901.02 127.835
27 -18.2872 8.39749 1425.01 -324.109 26.5751 -0.926535 0.0127441 -3730.02 158
28 -28.2696 7.03989 911.631 -204.623 16.3862 -0.548626 0.00756806 -2724.19 120.85
29 11.8758 2.73697 711.705 -159.609 12.6402 -0.405432 0.0054824 -1687.57 82.5615
30 14.1821 4.03761 621.009 -149.652 12.721 -0.434547 0.00615777 -2828.68 124.488
31 49.4786 -2.66923 278.874 -63.0597 4.7766 -0.12205 0.00171311 -3422.75 146.373
32 41.3289 1.53908 241.268 -70.3018 7.966 -0.329957 0.00569409 -3621.21 158.023
33 56.0228 0.46273 -162.272 39.0999 -2.31848 0.0740896 0.000130257 -3441.25 151.79
34 22.3622 1.06556 -147.136 28.8607 -1.52186 0.050561 0.000305258 -2324.33 110.454
35 59.1713 1.58567 -249.698 66.2147 -5.15806 0.206401 -0.00214663 -4075 175.906
36 60.2783 1.22348 -28.5657 12.1482 -0.484638 0.0350313 9.35394e-05 -3292.21 146.767
37 28.9494 0.997583 2.27564 -7.89516 1.84188 -0.0816677 0.00224848 -3417.47 153.347
38 38.4479 1.26737 159.819 -43.508 4.85643 -0.185638 0.00337947 -4155.12 173.957
39 52.6997 1.42627 42.9236 -16.9292 3.05641 -0.137276 0.00303304 -2306.01 111.636
40 65.731 1.30226 238.059 -61.3336 7.10841 -0.301707 0.00548408 -3314.81 149.158
41 73.3057 0.89545 -16.6358 11.9963 -0.405201 0.026645 0.000364876 -1990.74 100.269
42 27.4221 1.54938 -167.453 35.0677 -2.09345 0.0782789 -0.000244395 -4167.53 175.904
43 54.438 1.46772 25.3317 -4.66672 1.32471 -0.049899 0.00155975 -4094.07 172.774
44 64.1793 0.59604 -290.502 75.4848 -6.11152 0.250608 -0.00289639 -2579.27 120.21
45 54.703 0.944148 -21.3197 0.46398 1.33468 -0.0699028 0.00214646 -2612.46 123.766
46 22.3101 1.29155 279.622 -83.6473 9.15095 -0.382388 0.00663529 -3552.49 154.347
47 46.1222 0.733591 165.253 -52.2292 6.40942 -0.278746 0.00515652 -3464.12 152.511
48 45.9694 0.927926 -199.193 44.7466 -2.83118 0.0975327 -0.000340263 -2720.72 126.081
49 58.3801 0.915672 104.209 -23.7075 2.80856 -0.091285 0.00178935 -3479.07 153.297
50 49.7365 0.96647 -29.8542 0.791658 1.34223 -0.0680968 0.00199813 -2906.92 131.489
51 73.3312 1.23774 324.989 -80.9047 8.55439 -0.336354 0.0055483 -4182.35 179.226
52 49.1989 0.633891 29.6383 -10.4955 1.83143 -0.0665376 0.00171041 -3323.6 146.983
53 56.3887 0.52007 27.4839 -8.73204 1.78768 -0.0701107 0.00184282 -3556.44 157.523
54 64.0648 0.501677 -96.5564 21.8945 -0.87486 0.0333059 0.000315457 -3977.69 172.14
55 69.2 0.77949 118.086 -31.0471 4.17394 -0.177744 0.00357224 -2467.9 117.944
56 61.7827 0.801975 153.647 -44.5545 5.63499 -0.243045 0.00457507 -3324.22 148.823
57 65.8377 0.970799 -488.525 117.963 -9.12866 0.332124 -0.00352982 -3477.73 152.543
58 69.5385 0.762785 19.4596 -11.8307 2.96752 -0.152646 0.00350357 -3070.52 139.25
59 55.3993 0.635119 21.9266 -7.29964 1.55718 -0.0559624 0.00151326 -4071.03 170.208
60 50.8004 0.562626 -8.72992 -4.03062 1.57922 -0.0688954 0.00186679 -2766.67 126.285
61 52.4239 1.08054 -148.028 44.3169 -3.90366 0.188579 -0.00238269 -3369.11 143.595
62 56.2725 0.580934 -53.0464 8.91949 0.258305 -0.0069046 0.000795631 -2869.66 128.933
63 67.9832 0.615105 662.5 -168.956 16.5953 -0.651741 0.00998031 -2895.75 131.598
64 66.5425 1.31502 -138.735 41.7027 -3.10869 0.131406 -0.00109785 -3301.61 147.61
65 59.9395 1.1799 67.0904 -15.9897 2.39545 -0.08565 0.0018982 -3576.53 157.868
66 25.4455 1.36583 715.176 -188.769 18.3347 -0.718463 0.0110562 -2771.55 129.36
67 36.5964 1.0005 477.811 -130.535 13.3799 -0.541102 0.0088407 -4076.78 175.175
68 53.9933 1.03624 -119.985 25.8423 -0.804163 0.00207058 0.00138788 -1968.9 101.787
69 71.4655 1.27685 -59.3616 25.3822 -1.86086 0.0909797 -0.000666444 -2291.03 110.638
70 56.4972 0.537808 -39.21 7.53151 0.447238 -0.0246616 0.00133414 -3238.74 144.069
71 37.7647 1.33546 -373.111 93.1945 -7.67783 0.302058 -0.00332063 -3167.4 142.165
72 67.1764 0.456794 -130.725 43.9644 -3.88773 0.186958 -0.00220195 -1686.37 89.3901
73 53.7688 0.657223 443.793 -119.328 12.6062 -0.53033 0.009067 -4254.84 183.675
74 51.2017 1.18202 -64.1655 22.1004 -1.62727 0.0866622 -0.00072833 -1156.84 68.5416
75 83.9694 0.73722 289.935 -72.7592 8.16013 -0.341191 0.0060723 -4536.47 192.393
76 56.3181 1.34064 -19.2688 11.7366 -0.613221 0.0420013 5.5238e-05 -3033.8 136.488
77 45.1818 0.785659 -368.573 95.9331 -8.40043 0.353526 -0.00446786 -1321.56 74.0605
78 55.6657 0.952157 -140.491 33.5197 -1.90585 0.0673944 7.77398e-06 -2740.63 126.559
79 51.7877 0.689038 -19.8779 2.24027 0.814135 -0.0354352 0.00147909 -1961.89 99.1495
80 58.6746 1.34424 106.868 -22.3577 2.7104 -0.0967422 0.00211714 -3315.39 147.192
81 58.0135 1.05934 -31.6018 11.7396 -0.443653 0.028271 0.000323929 -4820.83 198.833
82 58.1363 1.0275 -105.85 31.0597 -2.3652 0.113741 -0.000993044 -2689.9 124.619
83 64.5583 1.01855 196.268 -49.2286 5.66786 -0.232084 0.00436499 -5671.56 233.731
84 48.2008 0.966965 32.2928 -8.91251 1.61621 -0.0548697 0.00157772 -3319.92 148.307
85 64.4067 0.793154 327.482 -86.7469 9.32547 -0.379478 0.00643707 -3523.65 156.328
86 71.1288 1.18067 24.1281 0.500203 0.673116 -0.0208215 0.00122243 -3518.42 156.515
87 59.9827 0.962316 -48.3807 11.1823 0.130337 -0.0125597 0.00119906 -2474.96 117.928
88 87.8327 1.43186 229.648 -46.5186 4.86389 -0.172923 0.00302813 -755.409 56.3582
89 61.5414 0.881569 136.063 -38.5471 4.94656 -0.211441 0.00410347 -3541.52 155.401
90 101.419 0.83281 91.6588 -9.03536 1.32656 -0.0280763 0.000889897 -2586.01 122.72
91 67.2033 1.0979 407.306 -106.535 11.3627 -0.473054 0.00806741 -4072.71 177.573
92 39.3961 1.29978 343.446 -86.9868 8.512 -0.311872 0.00494572 -2559.22 119.824
93 65.1685 0.915673 -168.806 45.9762 -3.4148 0.144427 -0.00132322 -2943.69 134.393
94 60.7523 0.765523 405.333 -107.508 11.2226 -0.453442 0.00747894 -2594.14 124.573
95 60.7523 0.765523 405.333 -107.508 11.2226 -0.453442 0.00747894 -2594.14 124.573
