0 22.7134 0.386863 -26.8522 -1.40705 1.21238 -0.0574427 0.00202404 -2866.97 133.146
1 25.0806 1.54989 232.407 -67.6423 7.62844 -0.324875 0.00608364 -3557.55 160.403
2 17.1036 1.06014 123.857 -39.0295 4.64877 -0.192572 0.00393806 -4090.05 177.551
3 45.9524 1.68819 -53.7818 6.98393 1.15187 -0.0840701 0.00281072 -4644.37 198.394
4 21.5867 1.93094 386.474 -97.8569 9.473 -0.357281 0.00588105 -4295.39 186.268
5 16.5708 1.47538 506.072 -142.963 14.9844 -0.635369 0.0108022 -4136.21 181.637
6 22.1027 1.10584 178.827 -55.0094 6.45373 -0.276743 0.00533104 -5180.08 218.601
7 53.5949 1.7298 -49.1937 15.1056 -0.305314 -5.48399e-05 0.00124064 -3302.69 151.202
8 20.2377 1.66561 71.7295 -23.7971 3.16642 -0.129756 0.00301054 -4682.65 198.965
9 50.2739 1.53578 359.527 -93.3836 10.02 -0.420458 0.00747872 -3904.02 173.067
10 17.6819 1.2287 130.679 -39.2099 4.44805 -0.174503 0.00347119 -5989.47 244.95
11 22.0065 1.51334 -198.338 47.8124 -3.76096 0.159447 -0.00142926 -3878.98 169.733
12 33.7883 1.91195 100.404 -25.1486 3.20241 -0.132555 0.00305246 -3306.62 150.448
13 21.2511 1.35012 317.142 -92.0517 10.0142 -0.426302 0.00759531 -4786.94 202.94
14 32.9369 1.50417 216.871 -63.6833 7.29198 -0.306672 0.00557439 -4628.16 197.969
15 17.4911 1.14108 219.578 -77.6711 9.43075 -0.42814 0.00789044 -4306.04 187.161
16 28.8249 1.80288 145.128 -42.1365 4.91785 -0.198726 0.00386738 -3325.12 149.77
17 20.1687 0.555747 534.183 -148.897 14.9523 -0.599954 0.00967356 -3696.34 162.339
18 19.3045 1.2937 -7.72016 -6.89569 1.7026 -0.0718894 0.00206593 -3697.74 163.453
19 27.2776 1.10035 -76.0549 17.6703 -1.05997 0.0565493 -9.52698e-05 -3835.6 166.851
20 54.8836 0.947499 536.745 -143.399 14.8123 -0.61283 0.010174 -5321.34 225.624
21 54.7623 1.4103 332.75 -90.8246 10.1446 -0.440581 0.00795342 -2100.04 110.681
22 19.7274 1.24579 204.122 -58.0074 6.22632 -0.245556 0.00445656 -3223.46 146.721
23 16.6505 0.818717 166.071 -55.4596 6.24756 -0.256602 0.00477622 -3500.34 155.071
24 19.5086 0.696525 180.235 -56.4847 6.24989 -0.251349 0.0045731 -3581.46 156.291
25 21.04 0.611995 283.458 -88.4906 9.81842 -0.420825 0.00752869 -2823.19 132.069
26 42.0634 1.22476 278.379 -75.4353 8.14887 -0.332581 0.00583508 -5372.96 223.205
27 49.1135 1.43324 137.862 -36.5081 4.47093 -0.182882 0.00368661 -3489.98 156.43
28 23.8367 1.10678 76.1361 -27.375 3.47577 -0.136244 0.00286352 -3753.17 165.004
29 38.2051 1.28537 389.731 -110.195 11.8885 -0.503074 0.00858952 -3154.88 144.404
30 31.4957 1.03604 -97.1986 22.5429 -1.52229 0.0800597 -0.000493163 -156.15 34.2829
31 19.0571 0.870556 -188.648 32.5889 -1.45786 0.0330937 0.00083576 -3939.08 172.216
32 35.0978 1.37751 -737.541 187.048 -16.3579 0.644272 -0.00819044 -388.253 42.4324
33 61.7658 0.839856 5.80674 -0.774826 1.44952 -0.0825012 0.00255135 -3167.97 144.303
34 103.418 1.5841 125.116 -24.0142 3.92752 -0.188886 0.0041161 -4809.14 203.461
35 57.3718 0.524385 -276.95 67.9759 -4.71363 0.153999 -0.000720657 -6214.28 253.166
36 57.3608 1.51188 423.273 -102.373 10.2863 -0.407619 0.00679369 -4740.84 199.5
37 100.377 1.51351 552.951 -137.917 14.807 -0.634326 0.010696 -4707.5 201.866
38 45.6989 1.98968 352.817 -87.7266 9.00134 -0.357069 0.00602245 -4230.29 182.34
39 78.4292 1.79385 390.253 -94.1357 10.1072 -0.421747 0.00728502 -5522.02 227.988
40 60.7386 1.19117 119.357 -31.1574 4.29626 -0.192908 0.00407167 -5031.47 211.131
41 71.3642 1.06359 -279.786 76.6235 -6.00052 0.228562 -0.00214846 -6713.63 271.901
42 67.491 1.29522 138.976 -30.5662 3.89647 -0.163551 0.00340788 -3127.15 142.675
43 62.5143 1.29318 -48.7403 12.6033 0.22734 -0.0310782 0.00173852 -3615.15 160.469
44 59.7132 1.63142 270.238 -64.4898 6.87407 -0.272761 0.00483072 -3672.75 162.136
45 82.6064 1.4315 196.159 -38.2188 4.32428 -0.16756 0.0032922 -5920.72 242.942
46 61.2366 1.07408 99.0374 -29.1853 4.36765 -0.204182 0.00430539 -4488.2 193.203
47 61.6581 0.869078 138.815 -34.6429 4.36612 -0.184455 0.00370399 -4192.21 180.754
48 63.973 1.55163 335.756 -82.3938 8.76487 -0.358929 0.00623833 -3333.12 149.18
49 83.1252 1.2147 -41.7762 18.8213 -0.664294 0.0182816 0.000756884 -4256.28 183.169
50 39.5753 0.968551 307.33 -86.9615 9.55937 -0.407209 0.00719338 -3879.74 168.019
51 52.0749 1.29832 317.653 -77.2674 7.74526 -0.293278 0.00489053 -4680.81 194.082
52 49.8149 1.33915 6.44801 -9.66582 2.62626 -0.134157 0.00321286 -3900.6 171.479
53 71.7426 0.617998 668.536 -172.155 17.3167 -0.704428 0.0112251 -3804.47 168.07
54 69.2936 1.17541 234.802 -56.6271 6.29414 -0.252789 0.00451479 -3442.17 153.443
55 34.1183 1.02838 109.471 -25.976 2.70361 -0.0806604 0.00164824 -3965.62 171.52
56 58.0906 1.01019 111.929 -34.0594 4.79118 -0.220238 0.00449464 -2648.97 125.422
57 57.536 0.943849 25.8785 -12.8548 2.79067 -0.133798 0.00311064 -4659.42 197.217
58 52.2319 1.0085 53.4451 -16.2475 2.72513 -0.121119 0.00283767 -2817.67 130.175
59 52.1617 1.2071 82.7223 -19.8453 2.68949 -0.103406 0.00238052 -3349.02 150.923
60 61.116 1.06958 1080.4 -286.667 28.7565 -1.19236 0.0187246 863.419 12.6675
61 78.4175 0.936301 454.573 -115.52 12.1974 -0.507686 0.00850583 -4042.24 176.497
62 50.0357 0.960189 335.157 -90.0257 9.56696 -0.388547 0.00659001 -4451.77 191.105
63 58.9807 0.450321 16.345 -11.4961 2.73814 -0.135236 0.00315511 -4524.91 192.485
64 74.5896 1.44928 372.873 -90.9629 9.83675 -0.418569 0.00743681 -4227.9 184.477
65 93.4884 1.66514 164.855 -33.7187 4.56837 -0.207996 0.00437181 -4476.88 194.623
66 72.6283 1.70545 486.617 -115.915 11.8676 -0.489782 0.00836498 -4372.86 188.646
67 83.749 1.26622 -24.9638 16.5655 -0.527045 0.0124783 0.000970345 -5229.31 221.005
68 103.539 1.5073 564.926 -126.612 12.4917 -0.492838 0.00796813 -1510.84 89.1432
69 108.254 0.719111 -128.14 38.2706 -1.70087 0.0269525 0.00114456 -3577.54 160.606
70 128.195 1.95018 1060.76 -252.936 24.7358 -0.997962 0.015421 -3963.43 175.895
71 95.1323 1.56413 301.036 -64.0116 7.00928 -0.288012 0.00520282 -5054.51 212.808
72 105.718 1.17656 363.276 -78.1817 8.16349 -0.321501 0.00545471 -3898.29 171.587
73 78.852 1.19464 179.125 -31.6357 3.2971 -0.108723 0.00212949 -3810.97 167.4
74 87.1113 0.333086 -101.847 38.1743 -2.84184 0.117886 -0.000809652 -9768.07 360.248
75 126.09 1.6914 428.926 -85.5055 8.55166 -0.328978 0.0055514 -1514.47 87.4969
76 83.6205 1.14067 240.473 -52.2429 5.8016 -0.233062 0.00427305 -4753.79 203.144
77 77.5755 0.688497 358.055 -89.2199 9.70777 -0.411292 0.00725608 -4927.54 208.312
78 91.1457 0.883401 -39.1659 15.3931 0.0794418 -0.0325159 0.00188524 -4098.67 178.261
79 81.0458 0.0709958 537.56 -134.856 13.9259 -0.580127 0.00966363 -4324.41 187.716
80 116.302 1.31633 -56.3243 32.2 -1.9587 0.066394 0.000222293 -1913.6 101.138
81 85.095 0.851948 292.761 -68.2023 7.56125 -0.318533 0.00579407 -1935.48 101.57
82 83.9341 1.09266 93.3922 -20.1277 3.21164 -0.14145 0.00311155 -4355.18 187.411
83 68.1506 1.31614 -47.4787 20.1436 -1.26263 0.0644723 -0.000292721 -2187.96 106.258
84 81.3826 0.172403 638.343 -159.694 15.9778 -0.643563 0.0102789 -1967.67 104.416
85 89.989 1.39289 427.233 -100.532 10.5771 -0.440169 0.00759419 -4871.38 206.704
86 91.2681 1.29163 291.145 -65.6925 7.27059 -0.301874 0.00546899 -2380.41 116.766
87 97.1252 1.09125 395.268 -93.1684 9.91783 -0.407579 0.00699068 -3327.16 152.549
88 67.1519 1.17514 -128.428 44.4495 -3.7682 0.168575 -0.00171007 -5745.89 231.018
89 106.012 0.893211 -57.4368 22.3928 -0.596743 0.0032161 0.00112814 -3177.97 146.755
90 92.0485 1.03128 394.88 -109.305 12.9885 -0.603104 0.0111201 -1437.51 88.631
91 84.8772 1.0957 309.79 -78.8635 9.12372 -0.401012 0.00733819 -5020.88 211.972
92 76.403 0.840722 254.831 -60.0753 6.60472 -0.266804 0.00479622 -4728.56 203.203
93 81.3772 0.673507 166.785 -37.7074 4.61125 -0.194445 0.00399123 -3811.78 169.843
94 82.1001 1.24289 339.848 -76.4468 7.79844 -0.301829 0.00518462 -2461.01 118.933
95 82.1001 1.24289 339.848 -76.4468 7.79844 -0.301829 0.00518462 -2461.01 118.933
