0 60.6919 1.69053 505.161 -122.608 12.1616 -0.482127 0.00789541 -5532.65 230.642
1 48.1091 1.21583 156.161 -44.0489 5.42104 -0.23212 0.00449225 -3514.71 157.049
2 32.9774 1.38842 27.5718 3.52852 -0.820839 0.0928826 -0.00132744 -3693.98 157.061
3 43.807 1.32823 92.7678 -18.472 2.14095 -0.0667193 0.00160021 -6705.68 267.466
4 68.6831 1.51145 285.561 -63.9015 6.60153 -0.255305 0.00452627 -5191.37 217.791
5 54.9148 1.8313 335.123 -86.5461 9.46006 -0.401353 0.0071263 -4748.83 202.826
6 45.4412 1.291 155.781 -42.0066 5.01548 -0.209745 0.00410961 -4190.43 180.591
7 65.61 1.04153 496.349 -127.749 13.1895 -0.542008 0.00900912 -4357.52 187.368
8 56.8301 1.25682 -285.65 73.8911 -5.69742 0.214251 -0.00197824 -5762.89 240.174
9 38.5281 1.59697 121.957 -36.9902 4.79068 -0.207744 0.0041299 -3555.85 157.553
10 35.4113 1.26885 335.24 -94.8106 10.238 -0.429166 0.00741185 -4609.46 195.267
11 42.6545 1.31021 496.483 -135.55 14.1414 -0.589552 0.00983392 -4255.83 184.854
12 60.3028 1.31724 292.638 -76.973 8.61407 -0.370199 0.00675904 -3948.68 174.93
13 32.7255 1.47158 198.243 -58.0867 6.66733 -0.280312 0.00519473 -3678.36 161.767
14 26.8646 1.6141 330.272 -93.6837 9.98502 -0.410397 0.0069674 -3912.54 170.05
15 50.1295 1.2353 636.294 -169.08 17.2582 -0.712036 0.0114581 -4419.05 189.077
16 45.7887 1.02454 210.835 -60.7171 6.96681 -0.290373 0.00524327 -3905.12 169.712
17 52.2356 1.12121 185.707 -50.1694 5.80717 -0.240254 0.00455323 -4737.57 199.073
18 53.16 1.06331 164.687 -53.7604 7.05261 -0.327472 0.0063334 -3785.77 166.586
19 58.7449 1.42983 617.536 -155.839 15.3826 -0.608255 0.00949754 -5120.68 210.148
20 50.3433 1.04666 402.452 -104.7 10.7481 -0.43487 0.00739084 -7177.81 284.119
21 22.5368 1.16893 577.56 -159.602 16.1831 -0.662149 0.0106631 -4086.28 176.861
22 44.3439 1.29368 381.118 -101.658 10.5984 -0.433672 0.00732553 -3624.95 160.91
23 45.6313 1.21509 346.554 -97.4713 10.6349 -0.450194 0.00775241 -4262.3 184.726
24 46.0342 1.03757 240.298 -71.2438 8.29104 -0.360213 0.0065223 -3879.92 170.246
25 70.1271 0.877453 456.208 -121.726 13.0253 -0.549962 0.0092578 -4666.82 199.446
26 48.782 1.04026 348.55 -95.7677 10.3298 -0.430877 0.00736401 -3653.74 160.826
27 68.5505 1.23858 309.306 -87.2824 10.315 -0.468059 0.00856046 -5166.91 218.997
28 45.8289 0.952746 480.826 -126.987 12.7759 -0.511163 0.00824999 -3171.23 141.678
29 32.2616 1.05609 450.655 -124.469 12.804 -0.522478 0.00845966 -4524.59 188.557
30 36.1108 0.691584 373.123 -96.6621 9.44029 -0.356307 0.00570546 -3864.47 164.85
31 64.1243 1.21427 98.9964 -26.5065 3.82005 -0.172675 0.00368502 -3411.68 152.525
32 29.5079 -0.189921 235.298 -67.4433 6.8363 -0.272874 0.00506069 -3183.51 143.947
33 53.6084 -2.89427 627.59 -161.784 15.0353 -0.576639 0.0090586 -3930.86 170.407
34 53.6084 -2.89427 1210.25 -281.719 23.6529 -0.840718 0.0119363 -4650.14 193.265
35 32.6806 -0.507094 170.824 -53.3495 5.79921 -0.231833 0.00432555 -4438.43 186.439
36 31.5646 -0.651356 385.754 -109.739 11.2658 -0.462782 0.00791447 -5309.83 221.869
37 49.305 -2.04469 535.468 -137.991 12.866 -0.494795 0.00797925 -4338.72 184.343
38 49.305 -2.04469 1321.05 -306.564 25.7014 -0.9156 0.012931 -3955.63 167.797
39 49.305 -2.04469 1667.88 -398.149 34.4958 -1.2756 0.0182765 -4046.3 173.606
40 16.0546 1.35756 557.423 -157.799 16.0318 -0.659994 0.0108152 -7103.48 286.104
41 30.7425 -0.509875 1225.86 -284.024 23.8651 -0.854245 0.0122164 -4972.56 204.958
42 30.2426 -0.588318 1269.26 -301.472 25.9046 -0.944847 0.0136439 -4316.03 182.763
43 6.69848 2.2309 369.662 -103.197 10.4196 -0.416215 0.00700426 -5061.93 208.562
44 10.5603 2.75611 1582.23 -389.82 34.7619 -1.31852 0.0192088 -4136.31 176.245
45 24.535 -0.0752575 966.42 -246.088 22.6861 -0.879931 0.0134772 -3098.48 141.406
46 52.0434 -2.58348 433.97 -116.091 11.0962 -0.424486 0.00682058 -3793.27 164.853
47 37.4152 -1.04668 769.524 -195.968 17.9424 -0.68179 0.0103574 -5020.36 208.78
48 21.8657 1.99236 1010.08 -257.255 23.6219 -0.909091 0.0137117 -4976.67 207.997
49 49.1385 -2.28888 589.409 -145.258 12.7988 -0.46157 0.00698732 -4389.18 184.447
50 36.7103 -1.23915 536.154 -148.296 14.6122 -0.582565 0.00932214 -4642 193.143
51 57.2415 -2.96123 558.885 -144.362 13.3562 -0.503474 0.00781507 -3288.3 143.958
52 41.5334 -1.63518 555.888 -151.917 14.9749 -0.609075 0.0100547 -4200.24 180.742
53 1.52767e-13 4.079 975.416 -224.011 18.2979 -0.618143 0.0085222 -5258.5 217.028
54 37.8654 -1.21749 288.556 -82.1732 8.26376 -0.324356 0.00561474 -2838.93 130.218
55 46.6099 -2.22063 750.866 -195.333 18.2135 -0.701093 0.010784 -3942.01 170.26
56 19.7735 0.490237 340.817 -96.5201 9.67046 -0.372798 0.00602925 -5228.63 213.438
57 36.6226 -1.0094 900.541 -220.548 19.3316 -0.704921 0.0103207 -4817.5 200.089
58 6.70749 3.30513 1194.09 -290.875 25.5878 -0.950401 0.0138824 -6258.53 249.661
59 33.9571 -1.25861 671.959 -170.942 15.5461 -0.586694 0.00902534 -4499.87 189.844
60 39.6446 -1.44621 733.705 -191.136 17.8569 -0.69297 0.0107897 -3243.16 144.984
61 37.8343 -1.14044 1558.41 -400.563 37.1546 -1.4554 0.0216729 -4034.06 174.414
62 41.5934 -1.35088 957.823 -245.851 22.7129 -0.873558 0.0131709 -6070.37 246.019
63 36.8077 -1.32568 948.33 -243.501 22.5317 -0.876616 0.0134048 -3748.52 161.904
64 20.2364 1.51236 398.919 -113.698 12.2119 -0.52361 0.0091771 -4510.87 196.711
65 50.8505 1.6706 141.495 -37.6482 4.78557 -0.204465 0.00410715 -3983.42 175.117
66 31.4068 1.73385 -97.5233 17.618 -0.0637733 -0.0261972 0.00173496 -5004 208.857
67 45.2072 1.36488 -111.564 26.3776 -1.1312 0.0251553 0.000923809 -3859.46 169.752
68 29.0336 1.55075 414.176 -112.07 11.6404 -0.476929 0.00790269 -2912.45 132.861
69 44.0061 1.37544 289.959 -82.3374 9.298 -0.398741 0.00706312 -4142.7 179.947
70 29.8635 1.57367 159.257 -51.2581 6.46024 -0.289097 0.00552781 -3253.51 146.076
71 20.8954 1.28562 512.838 -136.953 13.5653 -0.536433 0.00860653 -4710.04 198.19
72 49.9838 1.61562 342.544 -85.6495 8.77837 -0.34349 0.00582135 -3653.34 162.527
73 18.4599 1.19647 432.447 -124.896 13.2544 -0.561051 0.00959822 -4557.38 196.029
74 32.7058 1.52617 226.065 -60.8236 6.69279 -0.274095 0.00505567 -3466.92 154.854
75 29.6394 1.80795 238.136 -69.5284 7.9561 -0.342548 0.00630665 -5300.5 221.496
76 35.538 1.45073 242.308 -69.7695 7.97481 -0.340549 0.00616107 -3401.62 152.967
77 28.646 1.76222 172.561 -47.8285 5.50857 -0.230593 0.00451852 -3011.23 139.209
78 16.7499 1.55833 154.684 -47.6372 5.53636 -0.230983 0.00445677 -3505.56 155.873
79 53.8959 1.33864 155.593 -44.0594 5.56422 -0.242108 0.00467607 -4196.76 181.651
80 57.3156 0.983574 172.455 -46.4807 5.53892 -0.231769 0.00437936 -4175.95 179.569
81 32.7699 1.40057 193.815 -56.6929 6.45687 -0.264669 0.00479022 -5600.49 229.769
82 56.9404 1.37699 96.0294 -17.9448 2.2422 -0.0764958 0.00183651 -1260.46 74.3738
83 18.6314 1.97734 221.529 -63.2479 6.98669 -0.293297 0.00551934 -4631.97 199.501
84 21.3332 1.58246 222.146 -64.6646 7.05297 -0.283332 0.00503996 -4845.51 205.957
85 42.9559 1.29323 213.127 -60.9767 7.05033 -0.297719 0.00547258 -5053.18 212.58
86 43.3924 1.0172 282.836 -76.2765 8.15097 -0.329604 0.00580103 -5021.92 211.903
87 30.7733 1.03748 434.24 -122.447 12.8451 -0.529729 0.00878598 -3748.68 165.04
88 25.2389 1.3857 337.28 -92.4276 9.49687 -0.373797 0.00619832 -4458.41 189.225
89 41.2873 1.0005 99.6159 -32.3063 4.3239 -0.18529 0.00375269 -4329.84 185.157
90 65.3658 1.31332 352.81 -97.3474 11.1165 -0.488864 0.00861909 -4264.54 184.739
91 54.5437 1.23612 98.202 -31.0538 4.47571 -0.200309 0.00410155 -4765.2 203.564
92 36.1334 1.14564 293.163 -83.577 9.22031 -0.390171 0.00691289 -3333.4 150.828
93 45.9915 0.872224 540.525 -152.034 16.1262 -0.684245 0.0114436 -6397.46 264.91
94 51.4619 1.1955 11.8293 -2.93793 1.30439 -0.054384 0.00175506 -4363.15 191.343
95 36.5044 -1.57844 11.8293 -2.93793 1.30439 -0.054384 0.00175506 -4363.15 191.343
