0 40.1669 -1.02622 308.67 -84.118 8.33665 -0.326675 0.00584347 -4709.71 200.004
1 18.3397 1.21677 301.99 -96.1159 10.9582 -0.481526 0.00863161 -4366.08 191.02
2 8.4669 2.14734 595.382 -165.89 16.7141 -0.688051 0.0113161 -4640.12 198.218
3 27.3912 -0.0392708 332.466 -80.8801 7.21594 -0.272748 0.00524175 -5117.16 214.94
4 18.3256 0.795482 -501.882 120.975 -10.4926 0.424087 -0.00519737 -5385.41 221.345
5 16.5143 1.12551 263.85 -82.4576 9.21493 -0.396312 0.00710723 -4872.33 205.635
6 19.4612 1.20461 -70.4353 11.1284 -0.0590896 -0.00344394 0.00117013 -1862.05 96.7394
7 22.094 1.36694 341.803 -101.299 11.1503 -0.482955 0.00858122 -6783.63 273.615
8 9.37757 2.07424 -25.9076 -0.174282 0.784772 -0.0351926 0.00170826 -5349.13 225.303
9 16.8197 1.0995 238.876 -80.6488 9.60563 -0.435258 0.00809008 -3256.68 150.012
10 31.8595 -0.387802 335.845 -86.8956 8.03966 -0.295163 0.00498913 -5233.85 217.272
11 20.3208 0.453229 404.59 -122.934 13.279 -0.569803 0.00982144 -3819.32 168.85
12 28.9838 1.06516 277.744 -87.2755 10.073 -0.443803 0.0080324 -4336.37 188.233
13 39.4802 -1.16185 482.326 -131.91 12.9733 -0.521194 0.00870798 -2649.63 126.201
14 14.6431 1.16701 164.118 -58.5285 7.10465 -0.320322 0.00620686 -4878.3 207.19
15 17.2097 0.77741 -173.396 36.9582 -2.70204 0.113029 -0.000688873 -5638.54 231.423
16 18.9924 0.529246 440.666 -130.832 13.8703 -0.586591 0.00993008 -4863.68 206.252
17 20.1512 1.42307 525.221 -153.267 16.2802 -0.695104 0.0116899 -5078.5 214.449
18 18.2397 1.33291 216.132 -70.6884 8.18017 -0.353374 0.00642064 -6562.07 264.638
19 17.2589 0.881 674.192 -179.421 17.2483 -0.675758 0.0105424 -3915.74 169.384
20 30.2642 1.28807 59.2407 -20.482 2.71399 -0.0987509 0.0022413 -5393.21 227.161
21 27.4562 1.18747 406.908 -116.645 12.3171 -0.511801 0.00864734 -4798.2 203.878
22 25.201 1.20489 59.2138 -29.573 4.42115 -0.204746 0.00432503 -4340.57 188.065
23 6.38748 1.81632 517.702 -138.86 13.3528 -0.521958 0.00841001 -4214.88 179.071
24 28.5876 1.19078 409.338 -116.868 12.3198 -0.511176 0.0085819 -3705.34 162.231
25 10.3255 1.63139 452.423 -131.595 13.5821 -0.563195 0.0094657 -4519.64 194.02
26 19.3128 0.682991 813.955 -223.675 22.0466 -0.892175 0.0139692 -6509.34 264.177
27 19.7203 0.879226 386.643 -112.356 11.8184 -0.489369 0.00829861 -6272.84 256.279
28 21.6835 0.248089 268.465 -80.7918 8.55103 -0.346955 0.00605717 -3741.04 163.303
29 14.7342 1.27369 670.743 -181.967 17.6532 -0.697353 0.010933 -4518.94 191.962
30 18.2649 0.680161 91.45 -34.5138 4.22698 -0.176968 0.00370202 -3665.17 162.207
31 23.0947 1.2632 154.997 -53.2252 6.42645 -0.276724 0.00527155 -5030.64 212.691
32 52.1315 1.563 -351.1 90.7641 -7.25548 0.276886 -0.00283638 -640.306 53.8749
33 44.1946 1.53876 -71.5252 17.0435 -0.430739 0.00711081 0.00100507 -6763.25 272.246
34 42.7852 1.95304 -23.9382 11.8938 -0.506173 0.0293413 0.000421321 -3966.01 170.897
35 63.5635 0.498784 476.85 -127.45 13.7872 -0.597659 0.0103288 -10400 390.735
36 60.1972 1.79949 76.5479 -20.298 3.38059 -0.158388 0.00357478 -3556.56 157.989
37 19.3485 1.33728 -117.173 26.4087 -1.79661 0.0827423 -0.00039104 -1770.57 91.4144
38 41.9064 1.52182 -283.359 64.0478 -4.03243 0.113192 0.000115838 -2834.37 134.152
39 25.2803 1.48788 -136.453 36.4467 -2.932 0.132379 -0.00107196 -1241.67 74.7264
40 47.1293 1.61681 -156.52 41.4528 -2.89096 0.110895 -0.000518501 -2770.82 130.308
41 32.802 1.53994 -7.72816 -2.74707 1.46467 -0.0721397 0.00222331 -6711.94 264.965
42 86.179 1.65895 74.0714 -5.79109 1.41045 -0.0598624 0.00193745 -4661.53 201.946
43 37.072 1.56897 254.021 -59.2205 5.89283 -0.222965 0.00420302 -3944.35 172.422
44 49.3941 1.5695 415.713 -103.739 10.6204 -0.433715 0.00749577 -3333.83 151.919
45 46.7785 1.59348 842.964 -222.378 22.2319 -0.911403 0.0143827 -4872.38 206.907
46 45.2614 1.20562 520.756 -136.806 14.0085 -0.576904 0.00960764 -3975.57 175.942
47 31.317 1.2469 352.269 -104.751 11.7347 -0.514772 0.00908859 -5430.18 227.382
48 61.4794 1.03 -616.747 166.068 -15.1117 0.630077 -0.00851227 -3948.86 173.333
49 25.994 1.44453 -353.072 95.1557 -8.90695 0.397615 -0.00547094 -3948.86 173.333
50 30.2803 0.996687 -77.6392 17.245 -1.01008 0.0572066 -0.000162406 -5417.31 225.543
51 24.6174 1.75076 457.317 -125.326 12.9401 -0.536064 0.00906777 -4481.4 191.274
52 34.7184 1.25823 -54.6453 8.13996 0.434285 -0.0325361 0.00171107 -3152.77 143.858
53 41.6735 1.42824 -40.8327 7.54964 0.460556 -0.0274471 0.00148753 -5054.84 213.999
54 82.872 1.4045 -12.7516 21.1427 -1.91683 0.113196 -0.00124157 -1380.06 78.3097
55 62.2069 0.847082 247.86 -67.4516 7.74392 -0.32581 0.00583601 -3149.81 144.292
56 50.3795 1.45085 -227.899 65.2275 -5.67434 0.244751 -0.00288096 -3924.39 170.999
57 62.6258 0.452776 -172.166 47.7146 -3.73244 0.160853 -0.00155176 -1752.87 92.5934
58 21.2276 1.06706 -194.051 39.1834 -2.32662 0.0689447 0.000504674 -3178.37 147.082
59 47.8944 0.987682 835.964 -220.281 21.7371 -0.872125 0.0134509 -4007.97 176.126
60 49.2987 1.2338 355.563 -93.3235 9.79867 -0.40103 0.00692765 -3665.11 162.342
61 56.5709 1.01731 287.535 -69.4783 7.14497 -0.279857 0.00502549 -2306.35 114.708
62 35.833 1.14205 366.917 -99.836 10.5274 -0.439117 0.00769238 -4490.31 193.343
63 23.7817 0.248418 260.508 -70.5372 6.94133 -0.255609 0.00433863 -3741.78 162.683
64 64.7268 1.38713 -45.8102 20.6721 -1.33872 0.0646093 -0.000130708 -3681.26 160.875
65 92.4782 1.00449 348.964 -82.0634 8.83571 -0.36265 0.00625268 -3855.3 167.764
66 60.2636 1.16707 849.023 -220.717 22.1227 -0.909616 0.0144429 -5805.11 238.424
67 58.7681 1.42984 455.135 -114.692 11.8659 -0.488745 0.00820715 -3382.35 152.216
68 101.715 1.48665 223.012 -43.755 5.35667 -0.235877 0.00476966 -3715.84 167.926
69 103.615 1.19313 222.916 -39.3107 4.34921 -0.169172 0.00327787 -3052.86 138.73
70 76.2231 1.30511 5.09406 2.48245 1.1954 -0.0731703 0.00242404 -4272.35 187.246
71 84.5961 1.178 255.047 -53.7118 5.80378 -0.227803 0.00419981 -4961.59 211.779
72 50.6411 1.39895 -410.277 103.459 -8.2156 0.304396 -0.00308046 -2666.05 125.292
73 66.4429 0.924091 310.754 -75.326 7.98097 -0.324317 0.00565617 -2025.42 102.545
74 81.2408 1.21961 137.221 -26.1413 3.3325 -0.132541 0.00280334 -2562.89 122.182
75 88.4115 1.28357 -106.872 38.3751 -2.69459 0.11004 -0.000724728 -2673.5 126.194
76 68.2108 1.81045 218.695 -42.0027 4.13818 -0.139006 0.00254903 -4949.03 208.518
77 56.2181 1.47867 692.719 -179.834 18.2499 -0.760364 0.0124658 -4784.62 203.571
78 68.3017 1.14366 260.114 -68.3954 7.98027 -0.350275 0.00647838 -3571.99 159.631
79 77.1146 1.22903 107.881 -24.0977 3.68191 -0.176736 0.00397834 -3103.22 141.743
80 92.8325 0.624748 119.696 -25.3992 3.7279 -0.166466 0.00357002 -2695.65 128.065
81 68.6357 0.886839 97.8623 -26.4054 3.7597 -0.161706 0.00334522 -5242.11 214.606
82 74.0538 0.852922 220.261 -59.3722 7.15778 -0.312903 0.00576215 -2631.3 125.216
83 76.6257 1.39374 273.824 -64.1126 7.08294 -0.294693 0.00537358 -4462.02 190.493
84 85.5621 1.67251 17.3404 9.39297 -0.270357 0.0216077 0.000461808 -4422.52 191.958
85 82.3905 1.07483 13.0228 -0.506246 1.44297 -0.0735554 0.00212302 -2587.91 122.132
86 71.3607 0.784796 -14.3338 1.19917 1.46238 -0.082734 0.0023848 -5538.67 229.559
87 82.2366 1.45982 36.4567 4.17238 0.0178135 0.0249493 6.16079e-05 -3793.51 165.893
88 91.0933 1.12548 154.223 -33.4023 4.3837 -0.18669 0.00375867 -4570.83 194.641
89 58.9174 1.20649 -68.8518 17.4054 -0.507969 0.0150405 0.000694909 -4120.18 176.436
90 70.535 0.996491 88.0147 -21.7633 3.21879 -0.135278 0.00292408 -5601.36 228.919
91 64.0585 1.22467 222.548 -58.2855 6.81721 -0.290576 0.0053343 -2783.82 128.526
92 55.704 0.781603 59.9455 -15.0355 2.22206 -0.0810878 0.00193562 -3129.59 140.47
93 44.278 1.53441 353.177 -98.0494 10.843 -0.472239 0.008395 -5627.85 229.66
94 82.416 1.8061 -21.8867 20.3292 -1.4077 0.0698775 -0.000241471 -1719.49 91.1851
95 82.416 1.8061 -21.8867 20.3292 -1.4077 0.0698775 -0.000241471 -1719.49 91.1851
