0 22.9766 2.49866 -350.661 88.4707 -7.47947 0.321551 -0.00384021 -1974.42 103.728
1 1.35532 4.00837 -636.312 162.541 -14.9361 0.633557 -0.00848996 -1297.66 78.0387
2 29.8823 2.28202 -360.669 98.385 -9.05321 0.413918 -0.00565297 -1566.32 87.8088
3 29.8823 2.28202 -360.669 98.385 -9.05321 0.413918 -0.00565297 -1566.32 87.8088
4 11.1087 2.95026 -1014.34 256.441 -23.1039 0.944851 -0.0128701 -1185.08 73.733
5 29.1826 2.46936 -546.991 142.016 -12.8431 0.551731 -0.00736144 -1761.09 96.6681
6 3.18092 3.30035 -311.917 68.4594 -5.11781 0.207801 -0.00202367 -1440.07 84.2898
7 30.9787 1.0093 -196.435 47.5105 -3.51868 0.155647 -0.00151065 -2074.62 103.982
32 6.8794 2.8646 -722.973 173.379 -14.8491 0.58804 -0.00734509 -1373.8 80.3015
33 -34.3006 7.1388 -56.2743 6.1217 0.12201 0.011873 0.000567964 -2006.81 100.749
34 3.22517 3.2474 -461.371 121.545 -11.7215 0.532244 -0.00742747 -2408.6 115.124
35 -13.3501 4.64931 -326.165 87.6034 -8.73351 0.40979 -0.00559285 -966.582 64.2998
36 -20.8981 5.87983 -614.636 160.762 -15.262 0.660618 -0.00913927 -1390.69 79.5437
37 -28.2449 6.75393 -462.972 105.553 -8.57606 0.341019 -0.00398685 -2247.79 107.819
38 -7.70266 3.93995 -118.662 26.5434 -2.3895 0.134722 -0.00150794 -1671.41 87.9306
