0 34.056 189.316 121.204
1 34.6369 176.304 107.03
2 32.9843 166.001 100.032
3 34.4662 174.99 106.058
4 34.1936 200.369 131.982
5 32.1577 176.547 112.232
6 33.7347 173.18 105.711
7 35.5005 180.669 109.668
8 32.3208 205.399 140.757
9 33.3025 159.803 93.198
10 34.4441 181.617 112.729
11 34.7476 196.19 126.695
12 34.5826 176.942 107.777
13 34.2998 188.778 120.178
14 34.8768 202.614 132.86
15 35.7715 200.742 129.199
16 34.5327 186.558 117.493
17 33.7861 189.26 121.688
18 34.2094 169.992 101.573
19 33.4562 178.24 111.328
20 33.8109 173.05 105.428
21 33.831 203.747 136.085
22 34.5658 200.645 131.513
23 33.0501 205.341 139.241
24 33.8193 184.889 117.25
25 34.0811 207.406 139.244
26 32.3961 207.021 142.229
27 33.4693 210.037 143.098
28 32.7675 191.52 125.985
29 33.8972 159.468 91.6736
30 34.1932 171.749 103.363
31 33.5635 190.068 122.941
32 34.0416 217.296 149.213
33 34.6169 193.314 124.08
34 36.3441 161.116 88.4278
35 36.2017 187.69 115.287
36 35.7089 212.749 141.331
37 35.5084 187.255 116.238
38 36.086 177.66 105.488
39 35.0331 222.524 152.458
40 34.2396 199.84 131.361
41 35.2904 231.705 161.124
42 34.1578 214.909 146.593
43 34.3426 184.661 115.976
44 35.0675 211.135 141
45 35.0386 240 169.923
46 35.1258 220.329 150.077
47 33.5026 201.098 134.093
48 34.1323 223.824 155.559
49 35.351 227.142 156.44
50 35.6851 168.704 97.3338
51 34.6038 213.707 144.499
52 34.8871 171.478 101.704
53 34.1962 217.32 148.928
54 34.6912 210.236 140.854
55 35.4822 167.858 96.8936
56 35.2106 185.406 114.985
57 33.839 229.715 162.037
58 34.3904 214.978 146.197
59 33.1961 225.942 159.55
60 34.4618 216.448 147.524
61 33.4893 216.25 149.271
62 34.7003 196.856 127.455
63 33.1837 204.348 137.981
64 35.4923 111.58 40.5954
65 34.806 111.188 41.576
66 34.8356 105.209 35.5378
67 36.0496 110.687 38.5878
68 35.5323 114.673 43.6084
69 35.6604 69.6892 -1.6316
70 35.2591 123.014 52.4958
71 34.7095 91.0189 21.5999
72 35.2921 105.503 34.9188
73 34.8574 97.9923 28.2775
74 34.0345 101.116 33.047
75 35.0663 127.322 57.1894
76 35.4892 106.082 35.1036
77 34.0791 118.558 50.3998
78 34.771 134.384 64.842
79 33.9148 105.412 37.5824
80 34.0242 116.617 48.5686
81 34.051 80.1654 12.0634
82 34.8161 131.676 62.0438
83 35.2319 102.413 31.9492
84 34.1612 100.551 32.2286
85 33.556 115.335 48.223
86 34.2941 106.353 37.7648
87 34.7024 128.57 59.1652
88 34.0475 97.1483 29.0533
89 34.7305 89.4282 19.9672
90 32.9986 113.647 47.6498
91 33.9101 114.38 46.5598
92 34.6388 113.465 44.1874
93 34.3107 103.211 34.5896
94 34.6402 103.474 34.1936
