0 33.6935 154.469 87.082
1 34.3584 148.45 79.7332
2 34.35 146.224 77.524
3 34.7919 134.999 65.4152
4 34.8263 162.502 92.8494
5 35.3518 158.872 88.1684
6 33.9603 143.018 75.0974
7 34.5781 129.659 60.5028
8 33.5594 148.799 81.6802
9 35.0219 161.434 91.3902
10 33.3153 161.175 94.5444
11 35.464 163.168 92.24
12 33.4151 173.437 106.607
13 34.2266 144.777 76.3238
14 32.4545 135.896 70.987
15 34.8854 157.537 87.7662
16 34.783 150.326 80.76
17 35.5255 165.345 94.294
18 33.8189 154.085 86.4472
19 34.0491 166.107 98.0088
20 31.5952 127.113 63.9226
21 33.7569 156.29 88.7762
22 33.4487 149.317 82.4196
23 32.7894 143.408 77.8292
24 32.2334 160.065 95.5982
25 33.286 153.635 87.063
26 33.0149 151.079 85.0492
27 33.0836 157.283 91.1158
28 32.7315 179.191 113.728
29 32.7612 159.419 93.8966
30 32.5042 143.406 78.3976
31 34.294 124.737 56.149
32 33.7293 98.2478 30.7892
33 27.5642 53.2537 -1.8747
34 34.4281 95.939 27.0828
35 34.029 76.7047 8.6467
36 34.4483 77.1418 8.2452
37 34.9938 107.633 37.6454
38 34.2632 108.256 39.7296
39 33.9131 100.172 32.3458
40 33.938 112.412 44.536
41 33.5036 82.2684 15.2612
42 33.6727 114.05 46.7046
43 32.9883 107.285 41.3084
44 32.7752 86.8323 21.2819
45 33.9145 96.2922 28.4632
46 31.6191 69.8435 6.6053
47 32.2503 81.503 17.0024
48 33.6858 91.3706 23.999
49 32.6046 98.6958 33.4866
50 32.117 75.1676 10.9336
51 32.5988 102.972 37.7744
52 32.5483 124.874 59.7774
53 32.0611 75.2532 11.131
54 30.4655 72.2345 11.3035
55 32.5747 69.3831 4.2337
56 31.897 97.0311 33.2371
57 33.4925 112.138 45.153
58 32.9018 83.9587 18.1551
59 31.9112 92.383 28.5606
60 31.6107 90.8215 27.6001
61 32.3927 98.5643 33.7789
62 32.3647 109.559 44.8296
63 32.8687 99.7989 34.0615
64 33.1279 66.8631 0.6073
65 33.0227 41.0414 -25.004
66 33.5241 33.1235 -33.9247
67 33.9531 51.4179 -16.4883
68 33.887 55.5405 -12.2335
69 33.2221 49.4083 -17.0359
70 32.1053 57.6235 -6.5871
71 32.0499 57.2934 -6.8064
72 32.6487 58.4379 -6.8595
73 32.57 45.5624 -19.5776
74 32.8152 37.5694 -28.061
75 33.1266 47.823 -18.4302
76 33.6414 35.4251 -31.8577
77 33.4689 35.4601 -31.4777
78 32.4582 45.871 -19.0454
79 33.754 40.4755 -27.0325
80 33.399 39.5097 -27.2883
81 32.171 43.075 -21.267
82 33.5925 40.4768 -26.7082
83 33.0513 68.6552 2.5526
84 32.5962 48.7236 -16.4688
85 32.1002 49.0417 -15.1587
86 32.8087 46.2733 -19.3441
87 31.4463 53.3326 -9.56
88 31.1433 39.8218 -22.4648
89 32.038 32.7864 -31.2896
90 30.9429 54.6833 -7.2025
91 32.5415 42.8923 -22.1907
92 31.4565 45.7751 -17.1379
93 31.5844 58.3229 -4.8459
94 31.7044 52.9025 -10.5063
