0 30.9057 155.116 93.3046
1 31.0191 153.026 90.9878
2 30.3242 159.944 99.2956
3 30.5127 138.871 77.8456
4 30.0791 131.624 71.4658
5 29.8994 138.867 79.0682
6 29.1376 143.315 85.0398
7 28.292 131.469 74.885
8 29.589 175.2 116.022
9 28.2953 193.852 137.261
10 26.8941 176.701 122.913
11 28.0941 124.291 68.1028
12 28.5993 146.234 89.0354
13 27.1964 150.865 96.4722
14 26.0729 157.748 105.602
15 27.2921 156.201 101.617
16 28.8562 154.648 96.9356
17 29.1384 142.545 84.2682
18 26.8192 143.939 90.3006
19 29.0022 151.07 93.0656
20 28.1174 152.796 96.5612
21 28.4414 140.02 83.1372
22 29.6654 144.795 85.4642
23 29.6763 156.09 96.7374
24 30.1065 149.227 89.014
25 30.4004 142.826 82.0252
26 29.5436 159.332 100.245
27 30.0122 142.725 82.7006
28 30.4315 162.766 101.903
29 30.0495 151.196 91.097
30 30.1546 145.407 85.0978
31 30.542 181.442 120.358
32 30.7556 81.9464 20.4352
33 31.3987 65.976 3.1786
34 31.0933 60.9129 -1.2737
35 30.4258 77.3053 16.4537
36 31.3855 75.6838 12.9128
37 30.3344 64.158 3.4892
38 29.8843 59.8943 0.1257
39 29.2939 63.6573 5.0695
40 28.9797 65.035 7.0756
41 29.3773 67.0669 8.3123
42 28.3394 66.7082 10.0294
43 28.9238 58.2574 0.4098
44 28.6799 75.9146 18.5548
45 30.1173 63.2582 3.0236
46 28.8733 66.0859 8.3393
47 28.7269 56.1924 -1.2614
48 29.0341 48.7238 -9.3444
49 29.6805 92.6728 33.3118
50 28.4362 73.277 16.4046
51 29.466 67.193 8.261
52 29.7722 60.1658 0.6214
53 29.7141 74.9644 15.5362
54 29.3726 103.922 45.1768
55 30.7269 91.3186 29.8648
56 30.473 80.1445 19.1985
57 30.2275 104.502 44.047
58 30.7895 86.6364 25.0574
59 30.3726 70.674 9.9288
60 31.3909 91.7779 28.9961
61 31.5262 79.3137 16.2613
62 30.9848 43.3037 -18.6659
63 31.4241 86.6933 23.8451
