0 36.4833 203.302 130.335
1 35.2229 189.904 119.458
2 35.878 187.392 115.636
3 36.39 205.322 132.542
4 35.5373 171.237 100.162
5 35.7743 207.043 135.494
6 36.7374 179.116 105.641
7 35.193 190.631 120.245
8 36.0084 191.427 119.41
9 35.5657 203.414 132.283
10 36.0209 181.111 109.069
11 36.1885 200.35 127.973
12 35.7833 178.303 106.736
13 35.0683 174.674 104.537
14 35.4806 203.4 132.439
15 36.7182 199.946 126.51
16 35.234 157.506 87.038
17 34.6832 178.846 109.48
18 34.7207 186.963 117.522
19 35.1961 177.064 106.672
20 33.3474 163.765 97.0702
21 34.5498 189.114 120.014
22 35.5656 181.344 110.213
23 35.5876 185.818 114.643
24 34.5423 223.804 154.719
25 34.9693 168.403 98.4644
26 31.7081 183.352 119.936
27 34.6824 202.769 133.404
28 35.2449 193.236 122.746
29 34.9706 203.468 133.527
30 34.7628 201.937 132.411
31 35.0212 156.632 86.5896
32 36.5741 111.512 38.3638
33 37.3711 100.341 25.5988
34 37.9452 117.483 41.5926
35 36.0121 126.3 54.2758
36 35.6555 107.946 36.635
37 37.0578 120.503 46.3874
38 36.1397 124.308 52.0286
39 36.5638 87.7027 14.5751
40 36.4406 129.993 57.1118
41 35.9828 103.214 31.2484
42 35.9583 90.8353 18.9187
43 36.2034 141.337 68.9302
44 36.0381 135.966 63.8898
45 36.1907 108.469 36.0876
46 36.1326 120.571 48.3058
47 36.1049 91.6465 19.4367
48 34.6496 98.7607 29.4615
49 35.9748 137.29 65.3404
50 35.7417 129.713 58.2296
51 36.5983 156.442 83.2454
52 35.7868 89.0461 17.4725
53 36.9473 58.5565 -15.3381
54 34.649 100.083 30.785
55 36.2094 104.301 31.8822
56 34.6195 96.8829 27.6439
57 34.991 110.009 40.027
58 34.1022 122.484 54.2796
59 34.946 99.2269 29.3349
60 35.3329 108.303 37.6372
61 35.7477 105.362 33.8666
62 35.5262 105.214 34.1616
63 36.2773 161.754 89.1994
64 33.4655 133.747 66.816
65 35.4454 137.357 66.4662
66 34.0907 145.25 77.0686
67 33.7126 125.229 57.8038
68 33.399 122.549 55.751
69 34.4227 156.905 88.0596
70 33.198 139.247 72.851
71 34.7128 178.536 109.11
72 33.2418 146.741 80.2574
73 34.323 171.557 102.911
74 34.0378 170.727 102.651
75 33.3538 118.731 52.0234
76 33.5003 170.438 103.437
77 34.6535 166.011 96.704
78 31.9644 144.79 80.8612
79 33.5495 158.454 91.355
80 33.4262 150.291 83.4386
81 34 153.758 85.758
82 33.2295 149.392 82.933
83 33.5587 144.177 77.0596
84 32.7764 130.916 65.3632
85 33.1267 145.294 79.0406
86 32.2367 115.924 51.4506
87 32.7126 152.232 86.8068
88 32.9164 138.149 72.3162
89 33.2667 153.833 87.2996
90 32.6953 134.725 69.3344
91 32.92 162.782 96.942
92 32.1626 146.251 81.9258
93 33.3655 145.373 78.642
94 32.6214 161.547 96.3042
