0 34.871 140.598 70.856
1 35.4282 105.661 34.8046
2 34.7947 117.085 47.4956
3 34.2716 117.591 49.0478
4 34.5607 133.018 63.8966
5 34.0309 132.871 64.8092
6 34.1529 139.137 70.8312
7 34.5655 139.143 70.012
8 34.474 146.773 77.825
9 34.7423 153.198 83.7134
10 35.0233 157.621 87.5744
11 35.6838 158.417 87.0494
12 34.31 134.371 65.751
13 33.9071 138.132 70.3178
14 33.5859 153.794 86.6222
15 32.9785 112.314 46.357
16 33.2177 154.02 87.5846
17 33.8589 152.179 84.4612
18 34.116 138.843 70.611
19 34.149 149.312 81.014
20 33.808 153.414 85.798
21 33.5171 158.221 91.1868
22 34.2818 133.49 64.9264
23 34.9525 91.9974 22.0924
24 33.8291 172.07 104.412
25 32.1154 136.216 71.9852
26 32.9563 122.74 56.8274
27 33.0677 147.237 81.1016
28 33.3942 126.07 59.2816
29 33.5235 150.824 83.777
30 32.3572 124.965 60.2506
31 34.0179 91.9884 23.9526
32 33.3551 128.172 61.4618
33 32.1237 127.968 63.7206
34 33.3555 134.055 67.344
35 32.609 115.263 50.045
36 33.465 97.6697 30.7397
37 34.2558 95.1885 26.6769
38 34.3471 96.4162 27.722
39 32.7997 102.655 37.0556
40 33.4056 115.468 48.6568
41 33.7188 116.129 48.6914
42 34.6168 131.978 62.7444
43 33.1468 157.064 90.7704
44 33.2492 113.524 47.0256
45 32.4949 105.419 40.4292
46 33.0105 117.646 51.625
47 32.2269 95.3139 30.8601
48 31.9575 95.9922 32.0772
49 32.6193 108.079 42.8404
50 32.6837 140.541 75.1736
51 32.743 126.538 61.052
52 32.0675 125.578 61.443
53 32.1398 141.724 77.4444
54 31.8615 112.311 48.588
55 31.4132 101.793 38.9666
56 30.5343 98.7932 37.7246
57 31.2236 113.479 51.0318
58 31.9497 117.312 53.4126
59 30.9746 134.482 72.5328
60 31.3165 131.196 68.563
61 30.3991 131.519 70.7208
62 30.8861 130.835 69.0628
63 30.8165 131.743 70.11
64 32.7287 102.834 37.3766
65 32.6706 102.251 36.9098
66 34.154 93.9277 25.6197
67 33.1537 81.6429 15.3355
68 33.0689 108.671 42.5332
69 33.2439 83.2179 16.7301
70 32.4093 66.2661 1.4475
71 32.2898 95.1713 30.5917
72 32.6582 84.9698 19.6534
73 32.1001 68.0907 3.8905
74 31.6761 79.6023 16.2501
75 31.8976 82.0857 18.2905
76 32.2348 63.7462 -0.7234
77 32.5127 79.0998 14.0744
78 33.6851 80.8608 13.4906
79 32.661 78.1389 12.8169
80 33.9415 85.4806 17.5976
81 32.6777 100.972 35.6166
82 31.775 68.5731 5.0231
83 31.3306 115.9 53.2388
84 31.787 97.4447 33.8707
85 30.562 79.3418 18.2178
86 31.6513 62.7447 -0.5579
87 31.4182 78.0502 15.2138
88 31.3629 75.2982 12.5724
89 31.1521 125.572 63.2678
90 33.1611 101.756 35.4338
91 31.8566 102.209 38.4958
92 32.6346 73.5779 8.3087
93 31.0076 96.6072 34.592
94 31.839 83.9166 20.2386
