0 33.1198 142.189 75.9494
1 34.7997 173.386 103.787
2 33.3085 159.914 93.297
3 33.9643 138.432 70.5034
4 32.7213 145.488 80.0454
5 33.8822 177.936 110.172
6 34.733 169.35 99.884
7 33.4265 141.289 74.436
8 34.1319 165.659 97.3952
9 34.2548 153.727 85.2174
10 32.3448 135.202 70.5124
11 33.4617 142.093 75.1696
12 34.0336 175.983 107.916
13 33.4926 148.631 81.6458
14 33.5574 156.763 89.6482
15 34.6183 171.506 102.269
16 32.8695 134.411 68.672
17 32.8747 145.299 79.5496
18 32.961 147.009 81.087
19 32.9564 162.465 96.5522
20 33.004 152.306 86.298
21 33.0243 150.833 84.7844
22 32.4123 162.778 97.9534
23 33.1707 172.312 105.971
24 32.9586 147.471 81.5538
25 32.9437 160.357 94.4696
26 32.4734 165.734 100.787
27 33.3595 185.629 118.91
28 32.276 168.36 103.808
29 31.128 137.398 75.142
30 31.4811 164.597 101.635
31 33.0283 163.02 96.9634
32 35.3692 175.111 104.373
33 35.6757 126.738 55.3866
34 35.0039 150.48 80.4722
35 35.7184 153.77 82.3332
36 35.7692 134.75 63.2116
37 34.4774 144.922 75.9672
38 35.4317 165.702 94.8386
39 35.3692 123.803 53.0646
40 34.9003 141.391 71.5904
41 35.3083 166.315 95.6984
42 34.5931 146.329 77.1428
43 34.9479 136.16 66.2642
44 33.4965 153.889 86.896
45 34.0825 145.913 77.748
46 34.3315 147.304 78.641
47 34.4595 129.949 61.03
48 32.6485 157.577 92.28
49 33.8534 140.222 72.5152
50 34.7247 161.631 92.1816
51 34.8431 144.246 74.5598
52 33.9887 128.282 60.3046
53 34.3665 165.943 97.21
54 34.5213 145.118 76.0754
55 33.893 135.825 68.039
56 33.9592 151.013 83.0946
57 34.7336 155.11 85.6428
58 33.6366 185.312 118.039
59 35.0237 140.399 70.3516
60 33.842 138.715 71.031
61 32.4953 159.2 94.2094
62 34.4827 136.451 67.4856
63 34.9357 157.121 87.2496
64 32.4935 138.173 73.186
65 32.8494 162.387 96.6882
66 33.1697 130.848 64.5086
67 32.3471 151.463 86.7688
68 33.0562 146.449 80.3366
69 32.8956 138.594 72.8028
70 33.7986 138.506 70.9088
71 31.694 156.971 93.583
72 31.7709 161.203 97.6612
73 32.3886 118.827 54.0498
74 31.3677 158.185 95.4496
75 33.0849 146.63 80.4602
76 31.3616 151.335 88.6118
77 31.0984 130.406 68.2092
78 32.0007 162.772 98.7706
79 33.0745 132.041 65.892
80 31.5795 157.505 94.346
81 31.9196 152.477 88.6378
82 31.878 121.298 57.542
83 32.7314 149.836 84.3732
84 30.638 146.177 84.901
85 31.5484 144.052 80.9552
86 30.2766 130.897 70.3438
87 32.6462 166.98 101.688
88 31.2822 164.777 102.213
89 31.1926 147.845 85.4598
90 32.1516 136.578 72.2748
91 31.3599 127.384 64.6642
92 31.272 163.961 101.417
93 31.8895 142.219 78.44
94 30.7135 136.524 75.097
