0 34.1383 81.2738 12.9972
1 34.1033 123.961 55.7544
2 34.1182 98.2564 30.02
3 34.4464 87.3151 18.4223
4 34.2193 96.5547 28.1161
5 35.1247 109.781 39.5316
6 34.5233 91.8602 22.8136
7 35.3018 136.086 65.4824
8 33.7029 102.561 35.1552
9 34.306 101.413 32.801
10 33.9164 83.3252 15.4924
11 34.9585 97.791 27.874
12 33.5797 95.0108 27.8514
13 34.5978 148.345 79.1494
14 34.1199 110.836 42.5962
15 34.3394 121.846 53.1672
16 33.3026 112.906 46.3008
17 34.6172 130.127 60.8926
18 32.3616 107.639 42.9158
19 33.3092 126.212 59.5936
20 33.2094 89.5124 23.0936
21 33.7249 117.642 50.1922
22 31.4911 112.899 49.9168
23 33.6547 101.226 33.9166
24 32.7192 91.6319 26.1935
25 33.0949 114.996 48.8062
26 33.9814 117.462 49.4992
27 34.6139 120.81 51.5822
28 32.5052 121.491 56.4806
29 33.1165 82.9199 16.6869
30 33.8772 112.286 44.5316
31 33.6486 120.888 53.5908
32 33.784 93.7824 26.2144
33 34.0565 99.8076 31.6946
34 34.347 82.3897 13.6957
35 34.1133 93.7603 25.5337
36 33.5468 97.8072 30.7136
37 34.3192 67.694 -0.9444
38 34.3522 100.436 31.7316
39 34.7547 84.0996 14.5902
40 32.0918 61.6431 -2.5405
41 33.3761 89.8474 23.0952
42 33.1319 90.9301 24.6663
43 33.8225 82.7322 15.0872
44 32.8806 107.203 41.4418
45 32.8033 89.0779 23.4713
46 32.5762 94.745 29.5926
47 32.9751 93.9118 27.9616
48 31.1534 102.174 39.8672
49 33.7436 106.53 39.0428
50 32.7391 87.593 22.1148
51 33.1638 82.6723 16.3447
52 33.3475 99.4879 32.7929
53 33.0551 66.7757 0.6655
54 32.6488 101.321 36.0234
55 32.6304 117.238 51.9772
56 33.9202 106.245 38.4046
57 33.2481 85.0089 18.5127
58 32.084 89.7563 25.5883
59 32.6079 112.928 47.7122
60 31.7917 93.9476 30.3642
61 32.7725 88.6104 23.0654
62 33.3582 122.417 55.7006
63 32.3694 111.662 46.9232
64 25.7457 91.6952 40.2038
65 34.2702 109.948 41.4076
66 34.1735 103.31 34.963
67 34.2339 100.584 32.1162
68 34.4218 123.408 54.5644
69 27.0942 83.3338 29.1454
70 34.7558 104.506 34.9944
71 35.2556 150.57 80.0588
72 34.1373 112.119 43.8444
73 34.312 99.2224 30.5984
74 34.1189 110.338 42.1002
75 33.9781 104.176 36.2198
76 33.6834 105.237 37.8702
77 33.3751 102.718 35.9678
78 33.7144 133.392 65.9632
79 34.3828 113.726 44.9604
80 33.1776 111.626 45.2708
81 34.0748 118.611 50.4614
82 36.1647 117.063 44.7336
83 34.014 115.589 47.561
84 32.5452 99.1002 34.0098
85 32.7679 74.395 8.8592
86 31.8748 105.554 41.8044
87 34.4305 101.294 32.433
88 33.3729 97.8687 31.1229
89 33.7135 107.984 40.557
90 33.3058 106.94 40.3284
91 33.325 71.9879 5.3379
92 32.834 121.999 56.331
93 33.7668 120.414 52.8804
94 32.8736 125.058 59.3108
