0 34.7539 228.207 158.699
1 33.7484 213.404 145.907
2 34.7723 201.142 131.597
3 35.5286 195 123.943
4 35.2017 198.876 128.473
5 35.8516 213.841 142.138
6 34.8643 213.372 143.643
7 35.2246 231.187 160.738
8 34.4568 233.905 164.991
9 34.6143 195.37 126.141
10 33.8985 202.598 134.801
11 35.1256 238.659 168.408
12 35.4161 209.064 138.232
13 34.7759 191.096 121.544
14 35.9084 218.369 146.552
15 35.4881 214.148 143.172
16 33.6957 201.132 133.741
17 34.1168 199.055 130.821
18 34.7035 194.91 125.503
19 34.2058 202.035 133.623
20 34.5859 228.892 159.72
21 34.9491 221.074 151.176
22 35.1958 208.306 137.914
23 34.5545 235.304 166.195
24 33.6041 207.588 140.38
25 33.9734 217.397 149.45
26 32.7587 206.821 141.304
27 34.5611 211.061 141.939
28 34.2333 215.992 147.525
29 33.2956 204.448 137.857
30 33.5184 217.538 150.501
31 34.2147 226.204 157.775
32 35.6024 114.034 42.8292
33 35.8505 108.043 36.342
34 35.6538 87.684 16.3764
35 35.4677 107.475 36.5396
36 34.2499 88.6949 20.1951
37 34.5536 71.2081 2.1009
38 35.085 80.7715 10.6015
39 35.0868 67.5611 -2.6125
40 34.6168 114.153 44.9194
41 34.8123 74.4086 4.784
42 34.7917 104.85 35.2666
43 33.8471 87.3133 19.6191
44 34.0235 84.6187 16.5717
45 33.9813 88.7214 20.7588
46 33.953 72.0926 4.1866
47 35.0757 94.8452 24.6938
48 33.1039 82.0246 15.8168
49 33.739 65.6048 -1.8732
50 33.6589 127.936 60.6182
51 32.7957 70.4938 4.9024
52 33.9858 88.188 20.2164
53 33.3212 127.883 61.2406
54 33.5191 101.067 34.0288
55 33.3054 106.201 39.5902
56 32.9253 100.455 34.6044
57 33.2076 98.8285 32.4133
58 33.0666 79.009 12.8758
59 33.8168 91.3333 23.6997
60 31.9809 97.2774 33.3156
61 34.0961 106.23 38.0378
62 32.6989 88.8049 23.4071
63 33.3211 91.0226 24.3804
64 34.4048 137.588 68.7784
65 34.7736 164.636 95.0888
66 33.4235 143.789 76.942
67 35.9091 124.956 53.1378
68 34.6057 140.796 71.5846
69 35.5495 156.273 85.174
70 35.4862 140.019 69.0466
71 35.0964 134.182 63.9892
72 33.6464 130.489 63.1962
73 34.4079 149.028 80.2122
74 35.3149 154.107 83.4772
75 33.8372 110.187 42.5126
76 33.9154 136.379 68.5482
77 34.0129 135.505 67.4792
78 34.4572 116.472 47.5576
79 34.1954 128.053 59.6622
80 34.001 114.928 46.926
81 33.6899 137.632 70.2522
82 35.1987 155.489 85.0916
83 33.4106 129.114 62.2928
84 33.0627 119.928 53.8026
85 34.6259 162.845 93.5932
86 32.9752 139.915 73.9646
87 33.5659 154.148 87.0162
88 33.9906 118.764 50.7828
89 33.7482 155.062 87.5656
90 33.3623 133.675 66.9504
91 33.4815 135.023 68.06
92 34.1721 125.841 57.4968
93 33.7612 122.158 54.6356
94 33.1821 122.739 56.3748
