0 35.1205 139.661 69.42
1 34.541 145.908 76.826
2 35.0957 104.461 34.2696
3 35.05 108.709 38.609
4 35.1789 151.083 80.7252
5 34.862 106.399 36.675
6 33.9123 110.326 42.5014
7 34.6983 151.658 82.2614
8 34.8916 157.459 87.6758
9 34.5055 133.602 64.591
10 34.2451 108.952 40.4618
11 34.1503 148.845 80.5444
12 33.7068 119.283 51.8694
13 33.0549 132.936 66.8262
14 34.102 109.96 41.756
15 32.675 135.526 70.176
16 34.8391 155.274 85.5958
17 33.1529 141.022 74.7162
18 33.1159 174.372 108.14
19 34.4651 139.83 70.8998
20 33.8261 134.35 66.6978
21 33.9085 119.999 52.182
22 33.2413 128.354 61.8714
23 33.896 144.6 76.808
24 34.2586 129.542 61.0248
25 33.9479 144.798 76.9022
26 33.4953 119.149 52.1584
27 31.7013 113.388 49.9854
28 33.3065 132.274 65.661
29 32.842 94.2332 28.5492
30 33.403 129.788 62.982
31 31.9594 146.484 82.5652
32 34.9501 93.559 23.6588
33 34.8152 66.0705 -3.5599
34 35.8375 87.3656 15.6906
35 35.0625 61.6646 -8.4604
36 34.7329 64.3002 -5.1656
37 34.5398 74.9667 5.8871
38 34.8498 94.8428 25.1432
39 35.6314 113.141 41.8782
40 34.8168 84.2988 14.6652
41 34.1072 83.575 15.3606
42 34.4303 72.2706 3.41
43 34.1851 52.3505 -16.0197
44 33.8702 73.5101 5.7697
45 34.2071 68.2255 -0.1887
46 34.6382 77.0468 7.7704
47 33.7659 96.0664 28.5346
48 33.9677 78.4908 10.5554
49 34.1606 83.6616 15.3404
50 33.3432 68.5642 1.8778
51 34.1139 89.7986 21.5708
52 33.7963 80.6079 13.0153
53 32.476 73.8954 8.9434
54 33.7271 62.0703 -5.3839
55 32.6139 54.4784 -10.7494
56 32.5952 63.1064 -2.084
57 32.5491 58.8794 -6.2188
58 31.0691 78.3557 16.2175
59 32.6317 109.648 44.3846
60 30.6435 60.3312 -0.9558
61 32.0595 52.3685 -11.7505
62 33.0722 80.8114 14.667
63 32.5258 75.3439 10.2923
64 34.0489 147.664 79.5662
65 33.3444 158.573 91.8842
66 33.4206 132.677 65.8358
67 34.0865 158.959 90.786
68 32.6646 136.381 71.0518
69 33.2951 170.594 104.004
70 34.2226 143.754 75.3088
71 32.5297 135.19 70.1306
72 32.9547 159.111 93.2016
73 33.5389 134.808 67.7302
74 31.7862 109.218 45.6456
75 32.4907 114.172 49.1906
76 32.7882 147.666 82.0896
77 31.6136 132.385 69.1578
78 31.9449 151.114 87.2242
79 31.7039 145.784 82.3762
80 31.9684 125.818 61.8812
81 32.3774 135.471 70.7162
82 32.2316 156.947 92.4838
83 31.7641 125.585 62.0568
84 31.8903 129.304 65.5234
85 32.0264 135.292 71.2392
86 32.2162 112.535 48.1026
87 31.6727 122.923 59.5776
88 31.4551 139.883 76.9728
89 31.8659 156.466 92.7342
90 31.2771 123.187 60.6328
91 32.4908 150.69 85.7084
92 31.2881 156.951 94.3748
93 30.5339 149.135 88.0672
94 31.2742 134.447 71.8986
