0 35.562 78.833 7.709
1 33.2836 75.3727 8.8055
2 35.591 74.8392 3.6572
3 35.9596 69.1566 -2.7626
4 36.2891 98.6185 26.0403
5 34.6506 84.3503 15.0491
6 36.3539 83.6633 10.9555
7 35.2886 74.8808 4.3036
8 34.0466 75.1755 7.0823
9 35.1481 68.6487 -1.6475
10 35.0199 68.932 -1.1078
11 35.2698 59.4926 -11.047
12 34.4509 62.8013 -6.1005
13 34.7785 85.2936 15.7366
14 36.0258 101.671 29.6194
15 35.3061 88.8165 18.2043
16 33.5701 73.2653 6.1251
17 34.6576 107.673 38.3578
18 34.6311 90.4583 21.1961
19 34.5364 60.4613 -8.6115
20 33.8873 89.7162 21.9416
21 35.4457 83.0487 12.1573
22 35.0557 67.4991 -2.6123
23 33.7959 76.1383 8.5465
24 34.6417 88.6633 19.3799
25 35.0128 88.9041 18.8785
26 33.4291 95.1148 28.2566
27 35.6525 97.5806 26.2756
28 34.5446 112.165 43.0758
29 34.4458 82.0145 13.1229
30 34.4044 72.0629 3.2541
31 33.8019 74.7769 7.1731
32 36.0415 123.265 51.182
33 35.668 101.703 30.367
34 35.753 118.982 47.476
35 36.4001 136.97 64.1698
36 35.7556 101.135 29.6238
37 36.1606 120.605 48.2838
38 35.2388 104.283 33.8054
39 35.1309 116.657 46.3952
40 35.216 90.8186 20.3866
41 34.4455 93.1753 24.2843
42 34.2571 106.464 37.9498
43 35.7783 126.715 55.1584
44 34.6453 103.239 33.9484
45 34.47 104.127 35.187
46 35.7304 135.8 64.3392
47 33.4322 115.281 48.4166
48 33.4157 94.6962 27.8648
49 34.9044 111.934 42.1252
50 34.4135 99.093 30.266
51 34.5403 85.4541 16.3735
52 33.5173 127.442 60.4074
53 33.925 102.024 34.174
54 34.3123 115.428 46.8034
55 34.6062 141.012 71.7996
56 34.1421 132.563 64.2788
57 33.0566 115.39 49.2768
58 33.9012 96.2735 28.4711
59 33.1552 123.14 56.8296
60 34.1229 88.7744 20.5286
61 34.4261 112.45 43.5978
62 33.217 91.6802 25.2462
63 33.9324 133.213 65.3482
64 35.1997 89.0627 18.6633
65 36.2092 85.5051 13.0867
66 34.0851 90.1386 21.9684
67 35.9087 79.4403 7.6229
68 34.7466 75.9521 6.4589
69 34.6375 83.1879 13.9129
70 35.54 103.246 32.166
71 34.8844 97.6981 27.9293
72 35.0206 63.8594 -6.1818
73 35.4066 98.5211 27.7079
74 33.8905 92.6669 24.8859
75 35.099 100.901 30.703
76 34.5461 91.7466 22.6544
77 36.0437 126.835 54.7476
78 35.0459 122.027 51.9352
79 35.0703 60.5151 -9.6255
80 34.0308 84.0388 15.9772
81 34.8379 68.4547 -1.2211
82 34.7499 83.7202 14.2204
83 33.5364 93.5402 26.4674
84 32.419 86.1234 21.2854
85 33.6737 111.453 44.1056
86 34.0958 64.2302 -3.9614
87 33.4301 88.6345 21.7743
88 32.4712 85.0754 20.133
89 31.8531 70.3848 6.6786
90 33.4242 61.5304 -5.318
91 34.4636 107.73 38.8028
92 32.2777 87.2206 22.6652
93 33.5962 100.272 33.0796
94 33.4218 76.5522 9.7086
