0 32.6011 176.292 111.09
1 33.5784 197.343 130.186
2 33.2515 161.237 94.734
3 32.9018 150.314 84.5104
4 33.8434 148.325 80.6382
5 34.0153 175.829 107.798
6 32.7821 176.981 111.417
7 33.1847 168.98 102.611
8 33.6922 161.304 93.9196
9 33.0508 172.817 106.715
10 32.1164 174.389 110.156
11 32.8995 184.669 118.87
12 32.7718 164.19 98.6464
13 33.0536 164.66 98.5528
14 32.6079 162.792 97.5762
15 32.7003 167.282 101.881
16 26.3728 140.678 87.9324
17 33.136 163.486 97.214
18 32.389 186.011 121.233
19 32.7857 146.498 80.9266
20 32.0053 141.323 77.3124
21 32.1824 160.427 96.0622
22 31.6133 178.016 114.789
23 31.7287 168.098 104.641
24 30.855 161.779 100.069
25 32.2438 170.15 105.662
26 31.6547 149.583 86.2736
27 32.3266 138.329 73.6758
28 31.1612 171.538 109.216
29 30.9599 164.94 103.02
30 32.8379 197.173 131.497
31 31.7205 164.505 101.064
32 33.85 131.758 64.058
33 33.1568 132.548 66.2344
34 33.7268 159.007 91.5534
35 33.6775 122.928 55.573
36 33.7781 110.349 42.7928
37 33.2171 136.044 69.6098
38 32.933 154.419 88.553
39 32.4756 133.262 68.3108
40 32.6298 134.116 68.8564
41 32.4391 121.31 56.4318
42 34.0518 148.352 80.2484
43 33.8408 135.09 67.4084
44 33.3241 117.351 50.7028
45 32.8824 122.18 56.4152
46 32.437 125.509 60.635
47 32.6391 120.256 54.9778
48 31.6696 141.662 78.3228
49 31.6992 109.552 46.1536
50 32.9866 162.538 96.5648
51 30.534 135.094 74.026
52 32.2717 118.084 53.5406
53 32.1131 144.599 80.3728
54 32.6481 135.905 70.6088
55 32.6189 150.875 85.6372
56 32.3872 143.1 78.3256
57 31.0127 108.166 46.1406
58 31.2396 124.408 61.9288
59 31.5802 117.401 54.2406
60 31.8817 144.477 80.7136
61 31.886 126.765 62.993
62 30.5201 128.693 67.6528
63 30.7581 137.926 76.4098
64 31.5105 130.41 67.389
65 31.5769 121.957 58.8032
66 32.7232 132.523 67.0766
67 31.2573 149.031 86.5164
68 31.3985 134.981 72.184
69 31.5849 106.458 43.2882
70 31.3478 100.803 38.1074
71 31.1954 144.15 81.7592
72 32.1123 159.512 95.2874
73 31.3226 120.696 58.0508
74 30.8973 89.8949 28.1003
75 31.5085 107.588 44.571
76 32.1103 114.949 50.7284
77 31.2913 139.758 77.1754
78 31.7216 154.825 91.3818
79 32.2078 159.312 94.8964
80 30.6758 123.063 61.7114
81 30.537 115.59 54.516
82 30.7284 156.687 95.2302
83 32.5006 139.944 74.9428
84 30.5793 130.941 69.7824
85 30.3437 132.113 71.4256
86 29.819 133.601 73.963
87 31.4493 128.556 65.6574
88 31.2768 110.844 48.2904
89 30.4909 144.509 83.5272
90 31.4311 129.321 66.4588
91 31.1458 146.839 84.5474
92 31.1943 141.536 79.1474
93 31.7667 107.92 44.3866
94 32.2351 144.36 79.8898
