0 35.102 70.3324 0.1284
1 35.1874 75.5414 5.1666
2 35.7061 86.0998 14.6876
3 33.5745 95.2309 28.0819
4 34.3058 92.9533 24.3417
5 34.2183 103.087 34.6504
6 34.5369 69.5412 0.4674
7 34.524 79.7545 10.7065
8 34.3272 120.603 51.9486
9 34.7664 108.666 39.1332
10 33.5848 96.2769 29.1073
11 33.9055 78.7105 10.8995
12 34.0466 82.9058 14.8126
13 34.2227 80.119 11.6736
14 34.195 89.1541 20.7641
15 33.9704 91.4372 23.4964
16 34.2679 93.9821 25.4463
17 33.5584 64.057 -3.0598
18 33.1746 89.7726 23.4234
19 33.402 64.6213 -2.1827
20 32.6358 83.1147 17.8431
21 33.2825 94.9545 28.3895
22 32.9645 68.4984 2.5694
23 34.367 85.3441 16.6101
24 33.8213 81.7724 14.1298
25 34.0787 100.653 32.4956
26 34.8222 94.2701 24.6257
27 33.5721 109.885 42.7408
28 33.0985 86.1703 19.9733
29 33.1227 72.3759 6.1305
30 32.2374 67.9411 3.4663
31 33.5508 89.4948 22.3932
32 33.7057 133.922 66.5106
33 32.719 149.609 84.171
34 34.0223 145.248 77.2034
35 32.5992 151.838 86.6396
36 32.8487 160.031 94.3336
37 32.8918 137.194 71.4104
38 32.8956 162.488 96.6968
39 33.929 170.556 102.698
40 32.9843 155.996 90.0274
41 31.5424 129.911 66.8262
42 32.0396 169.829 105.75
43 33.8533 145.013 77.3064
44 32.4528 167.815 102.909
45 32.9642 139.163 73.2346
46 33.7499 147.17 79.6702
47 31.4095 130.059 67.24
48 32.1278 142.536 78.2804
49 32.7096 170.851 105.432
50 33.06 158.023 91.903
51 32.1309 120.994 56.7322
52 31.1606 153.126 90.8048
53 32.6874 135.926 70.5512
54 30.5426 160.141 99.0558
55 31.4104 185.914 123.093
56 31.3214 136.146 73.5032
57 32.564 171.499 106.371
58 31.1081 151.863 89.6468
59 31.7737 148.512 84.9646
60 30.3638 152.618 91.8904
61 31.6273 170.059 106.804
62 31.206 132.15 69.738
63 31.8611 128.765 65.0428
64 32.289 152.214 87.636
65 30.9521 161.954 100.05
66 31.0868 154.747 92.5734
67 31.7247 154.048 90.5986
68 31.4631 145.521 82.5948
69 31.3576 154.198 91.4828
70 31.547 143.791 80.697
71 31.6183 160.441 97.2044
72 30.801 155.87 94.268
73 30.9312 159.147 97.2846
74 31.101 128.528 66.326
75 30.0112 155.904 95.8816
76 29.9025 167.299 107.494
77 30.8461 145.669 83.9768
78 28.9657 145.078 87.1466
79 30.7849 157.406 95.8362
80 31.0148 139.656 77.6264
81 29.8669 121.733 61.9992
82 30.8084 150.153 88.5362
83 30.4969 171.697 110.703
84 31.2382 173.501 111.025
85 30.5159 153.28 92.2482
86 30.9697 141.042 79.1026
87 30.6675 153.516 92.181
88 29.4698 165.151 106.211
89 29.6842 141.981 82.6126
90 29.6208 142.294 83.0524
91 31.0305 165.903 103.842
92 30.0644 163.683 103.554
93 29.2383 152.878 94.4014
94 30.6193 139.291 78.0524
