0 33.2676 105.854 39.3188
1 33.1606 153.433 87.1118
2 33.4786 143.012 76.0548
3 33.812 138.487 70.863
4 33.5976 150.096 82.9008
5 33.9037 128.442 60.6346
6 33.5225 147.306 80.261
7 34.41 146.651 77.831
8 33.248 101.916 35.42
9 32.8332 133.324 67.6576
10 32.9974 128.412 62.4172
11 32.6287 106.175 40.9176
12 32.1671 121.753 57.4188
13 32.2394 111.163 46.6842
14 32.9749 147.068 81.1182
15 32.6413 117.308 52.0254
16 31.1499 139.26 76.9602
17 33.8072 97.8874 30.273
18 33.3722 125.022 58.2776
19 33.6457 142.778 75.4866
20 31.6048 138.175 74.9654
21 32.8211 125.071 59.4288
22 33.2688 128.432 61.8944
23 33.8242 119.892 52.2436
24 32.5818 117.611 52.4474
25 32.5683 140.52 75.3834
26 33.726 96.2215 28.7695
27 34.0451 144.383 76.2928
28 32.3363 141.525 76.8524
29 32.3825 141.788 77.023
30 33.8574 138.887 71.1722
31 34.2147 105.181 36.7516
32 37.5327 125.766 50.7006
33 39.8529 154.088 74.3822
34 39.2349 150.825 72.3552
35 39.0834 146.359 68.1922
36 39.2686 123.891 45.3538
37 37.3207 146.525 71.8836
38 39.2603 114.18 35.6594
39 38.3252 122.862 46.2116
40 38.605 137.375 60.165
41 38.588 162.958 85.782
42 38.0961 155.256 79.0638
43 38.317 147.84 71.206
44 38.0894 165.67 89.4912
45 35.8781 175.358 103.602
46 37.6913 118.562 43.1794
47 37.6218 139.628 64.3844
48 36.3372 154.013 81.3386
49 38.5595 144.542 67.423
50 37.8016 148.833 73.2298
51 39.4008 155.541 76.7394
52 37.0743 148.446 74.2974
53 38.4784 152.483 75.5262
54 36.8346 132.982 59.3128
55 38.207 178.287 101.873
56 35.9198 186.711 114.871
57 36.6693 145.064 71.7254
58 36.3935 126.116 53.329
59 36.1933 144.861 72.4744
60 36.533 126.194 53.128
61 36.9256 146.218 72.3668
62 37.11 137.822 63.602
63 37.3761 137.686 62.9338
