0 33.6425 150.43 83.145
1 33.8932 131.23 63.4436
2 33.923 148.892 81.046
3 33.4421 121.213 54.3288
4 33.9581 143.949 76.0328
5 33.8881 137.715 69.9388
6 33.533 120.522 53.456
7 32.9098 130.903 65.0834
8 32.1023 142.255 78.0504
9 34.3051 132.222 63.6118
10 32.6201 141.296 76.0558
11 34.1359 127.452 59.1802
12 33.3686 148.973 82.2358
13 32.7599 137.327 71.8072
14 32.7616 128.323 62.7998
15 31.7453 141.241 77.7504
16 32.6196 141.501 76.2618
17 32.1862 138.633 74.2606
18 32.1025 126.144 61.939
19 31.6186 142.266 79.0288
20 32.1383 139.713 75.4364
21 33.2116 152.6 86.1768
22 32.2243 142.567 78.1184
23 32.7733 173.1 107.553
24 32.0574 136.475 72.3602
25 31.3163 137.234 74.6014
26 31.8719 139.712 75.9682
27 31.5005 122.262 59.261
28 31.7125 145.568 82.143
29 31.7656 142.023 78.4918
30 32.7411 130.58 65.0978
31 31.5234 118.931 55.8842
32 32.8762 157.71 91.9576
33 32.7728 171.281 105.735
34 33.2814 135.338 68.7752
35 32.3279 158.51 93.8542
36 33.1702 132.743 66.4026
37 33.1048 153.007 86.7974
38 33.676 162.157 94.805
39 32.4241 141.445 76.5968
40 32.6341 167.438 102.17
41 32.7979 157.522 91.9262
42 32.2122 179.606 115.182
43 32.9581 157.11 91.1938
44 32.071 146.311 82.169
45 32.435 171.337 106.467
46 31.9662 171.103 107.171
47 31.9664 155.22 91.2872
48 31.9613 151.518 87.5954
49 32.3066 139.712 75.0988
50 31.397 140.115 77.321
51 32.3711 153.294 88.5518
52 32.4521 179.898 114.994
53 30.646 131.444 70.152
54 30.7073 149.127 87.7124
55 31.2934 137.847 75.2602
56 31.1308 133.566 71.3044
57 31.4637 152.882 89.9546
58 31.1324 130.883 68.6182
59 30.7751 129.464 67.9138
60 30.7036 154.947 93.5398
61 30.5102 167.851 106.831
62 30.6701 126.767 65.4268
63 31.4433 132.516 69.6294
64 32.5488 141.07 75.9724
65 31.5953 156.522 93.3314
66 32.3638 157.305 92.5774
67 32.074 159.844 95.696
68 31.1716 159.198 96.8548
69 31.8019 152.186 88.5822
70 31.8651 152.42 88.6898
71 32.5484 153.8 88.7032
72 32.2301 155.828 91.3678
73 32.3782 127.677 62.9206
74 32.3271 145.139 80.4848
75 32.6032 148.39 83.1836
76 31.1041 168.747 106.539
77 32.2045 166.028 101.619
78 31.8078 168.806 105.19
79 30.9469 149.424 87.5302
80 31.7223 164.129 100.684
81 30.9868 146.503 84.5294
82 31.6217 157.801 94.5576
83 30.4491 124.968 64.0698
84 30.6803 154.2 92.8394
85 31.0672 138.291 76.1566
86 30.5544 137.675 76.5662
87 31.3596 148.979 86.2598
88 31.0059 158.58 96.5682
89 30.3195 167.556 106.917
90 30.0125 153.755 93.73
91 30.9017 146.389 84.5856
92 31.4467 135.22 72.3266
93 29.7322 145.406 85.9416
94 30.7857 152.185 90.6136
