0 35.0468 131.043 60.9494
1 34.8788 162.039 92.2814
2 34.7852 150.032 80.4616
3 35.4136 128.049 57.2218
4 34.3094 148.158 79.5392
5 34.634 129.013 59.745
6 35.0217 158.554 88.5106
7 34.766 142.299 72.767
8 33.9136 160.075 92.2478
9 33.4483 142.349 75.4524
10 35.0802 165.763 95.6026
11 34.1933 139.135 70.7484
12 31.5699 100.379 37.2392
13 34.28 184.23 115.67
14 33.578 122.06 54.904
15 35.1498 157.502 87.2024
16 33.3149 155.858 89.2282
17 34.7218 150.046 80.6024
18 34.0722 160.275 92.1306
19 34.3001 121.051 52.4508
20 34.6597 138.552 69.2326
21 35.8923 160.22 88.4354
22 34.6128 140.884 71.6584
23 34.8388 153.601 83.9234
24 34.4108 154.637 85.8154
25 35.3985 146.347 75.55
26 36.1238 171.496 99.2484
27 34.6612 158.471 89.1486
28 35.0003 147.618 77.6174
29 33.6194 125.721 58.4822
30 34.9021 164.989 95.1848
31 33.8977 166.877 99.0816
32 31.8598 132.939 69.2194
33 32.2517 141.424 76.9206
34 31.6316 129.483 66.2198
35 32.0094 126.006 61.9872
36 31.1267 103.77 41.5166
37 30.7796 96.9633 35.4041
38 29.6691 110.884 51.5458
39 31.004 132.719 70.711
40 31.3675 139.2 76.465
41 30.8448 125.825 64.1354
42 30.5377 138.19 77.1146
43 30.9646 126.457 64.5278
44 31.2883 127.175 64.5984
45 30.8633 129.213 67.4864
46 30.3247 111.811 51.1616
47 29.5499 136.464 77.3642
48 30.8457 116.159 54.4676
49 30.7624 111.005 49.4802
50 31.7117 137.386 73.9626
51 29.9748 151.753 91.8034
52 29.5999 142.091 82.8912
53 30.449 139.025 78.127
54 29.5869 135.39 76.2162
55 29.8858 121.683 61.9114
56 31.5479 110.874 47.7782
57 31.683 144.392 81.026
58 30.4311 119.717 58.8548
59 30.927 127.928 66.074
60 31.9756 112.152 48.2008
61 33.664 116.971 49.643
62 32.971 131.9 65.958
63 32.8961 148.645 82.8528
