0 33.688 78.4243 11.0483
1 35.0058 79.7791 9.7675
2 36.181 76.385 4.023
3 34.2362 84.7115 16.2391
4 34.7545 75.6926 6.1836
5 34.2425 80.9731 12.4881
6 35.3986 94.2561 23.4589
7 33.9803 93.0016 25.041
8 35.827 91.1945 19.5405
9 34.8787 88.8348 19.0774
10 34.9233 84.0982 14.2516
11 36.1761 63.36 -8.9922
12 33.837 85.953 18.279
13 35.9423 100.483 28.5984
14 35.0463 79.4934 9.4008
15 34.3138 106.226 37.5984
16 34.5269 75.5914 6.5376
17 33.9785 95.38 27.423
18 33.7769 101.891 34.3372
19 34.2142 76.6774 8.249
20 32.9735 80.2244 14.2774
21 34.3367 78.2697 9.5963
22 34.3767 64.2324 -4.521
23 34.5172 73.7698 4.7354
24 34.1822 75.9534 7.589
25 32.9497 93.4291 27.5297
26 34.6538 77.7329 8.4253
27 32.5632 89.4639 24.3375
28 33.7491 83.161 15.6628
29 33.8232 73.3627 5.7163
30 34.4186 78.2018 9.3646
31 34.2572 83.4831 14.9687
32 35.3935 123.334 52.547
33 34.1766 93.9867 25.6335
34 35.0034 115.947 45.9402
35 36.6072 116.025 42.8106
36 34.5488 101.934 32.8364
37 35.4512 113.561 42.6586
38 34.6763 122.961 53.6084
39 35.0597 123.542 53.4226
40 34.613 87.9084 18.6824
41 33.7527 102.147 34.6416
42 35.6849 117.654 46.2842
43 35.1652 121.457 51.1266
44 33.9102 104.863 37.0426
45 33.9992 113.534 45.5356
46 34.2922 118.177 49.5926
47 33.9511 118.785 50.8828
48 33.4859 98.1734 31.2016
49 32.822 103.284 37.64
50 33.831 115.591 47.929
51 33.5624 109.304 42.1792
52 32.8886 92.7484 26.9712
53 33.0968 99.7184 33.5248
54 33.2031 109.504 43.0978
55 33.8283 121.543 53.8864
56 33.7926 119.67 52.0848
57 32.4733 101.949 37.0024
58 32.5938 98.2007 33.0131
59 30.7186 110.813 49.3758
60 32.2832 102.207 37.6406
61 31.9825 136.113 72.148
62 33.0623 99.5551 33.4305
63 33.5092 115.446 48.4276
64 34.3724 116.033 47.2882
65 35.2558 140.503 69.9914
66 34.7664 148.287 78.7542
67 33.3029 125.489 58.8832
68 34.5744 134.409 65.2602
69 34.8592 129.504 59.7856
70 33.7776 120.984 53.4288
71 34.2614 93.2657 24.7429
72 34.605 138.977 69.767
73 32.8357 105.35 39.6786
74 32.7645 142.09 76.561
75 32.9178 159.284 93.4484
76 33.0192 106.797 40.7586
77 33.7038 114.896 47.4884
78 32.9256 149.799 83.9478
79 33.2336 136.086 69.6188
80 31.4565 120.999 58.086
81 34.0884 127.205 59.0282
82 33.0038 113.671 47.6634
83 32.6875 109.127 43.752
84 33.1559 129.281 62.9692
85 31.8029 118.017 54.4112
86 31.9288 114.266 50.4084
87 31.5778 107.309 44.1534
88 31.4076 144.804 81.9888
89 32.3783 95.0876 30.331
90 31.495 117.071 54.081
91 32.2937 118.714 54.1266
92 32.7031 100.882 35.4758
93 32.2962 122.805 58.2126
94 32.9456 118.182 52.2908
