0 35.4383 117.403 46.5264
1 36.6444 102.437 29.1482
2 35.9424 72.0094 0.1246
3 36.1356 67.9847 -4.2865
4 36.6083 80.2608 7.0442
5 35.2807 96.9964 26.435
6 36.3624 112.987 40.2622
7 36.7369 122.218 48.7442
8 35.282 117.043 46.479
9 34.9621 92.3937 22.4695
10 36.1048 93.8886 21.679
11 35.8492 81.2515 9.5531
12 35.4355 96.1993 25.3283
13 34.5705 78.2539 9.1129
14 34.3349 118.297 49.6272
15 35.1788 95.3292 24.9716
16 35.3374 90.9227 20.2479
17 36.9155 96.6286 22.7976
18 36.2279 115.076 42.6202
19 36.5845 100.221 27.052
20 36.0565 85.7939 13.6809
21 36.1786 86.4432 14.086
22 36.085 82.8126 10.6426
23 35.6397 115.49 44.2106
24 35.3988 104.262 33.4644
25 34.7033 66.5945 -2.8121
26 35.1436 111.867 41.5798
27 34.7428 99.7216 30.236
28 34.3636 89.1 20.3728
29 35.6068 108.285 37.0714
30 35.0741 87.3732 17.225
31 35.4287 111.294 40.4366
32 36.9158 48.5359 -25.2957
33 37.3241 58.5766 -16.0716
34 36.8611 36.5708 -37.1514
35 37.9892 40.8982 -35.0802
36 36.4059 40.7702 -32.0416
37 35.6954 67.3204 -4.0704
38 36.7978 41.4001 -32.1955
39 37.1162 39.3581 -34.8743
40 37.7919 66.1061 -9.4777
41 36.4294 51.4772 -21.3816
42 36.6049 43.3111 -29.8987
43 37.4821 46.0512 -28.913
44 36.1369 60.317 -11.9568
45 37.202 52.4275 -21.9765
46 36.056 62.5537 -9.5583
47 37.0602 66.7055 -7.4149
48 36.9618 48.8117 -25.1119
49 36.5605 56.2394 -16.8816
50 36.8381 61.8853 -11.7909
51 36.147 63.1324 -9.1616
52 34.7444 54.5529 -14.9359
53 35.4852 44.3381 -26.6323
54 35.8239 46.6186 -25.0292
55 34.7357 69.5622 0.0908
56 36.5201 74.158 1.1178
57 35.4508 64.2221 -6.6795
58 36.7818 44.2915 -29.2721
59 36.9735 53.4973 -20.4497
60 35.3619 47.6405 -23.0833
61 36.6196 45.8745 -27.3647
62 37.0894 47.3115 -26.8673
63 37.1614 69.9119 -4.4109
64 36.7632 82.9728 9.4464
65 36.8023 112.746 39.1414
66 35.3579 136.153 65.4372
67 38.6103 95.5056 18.285
68 36.6771 133.459 60.1048
69 37.5017 98.3443 23.3409
70 37.9853 119.771 43.8004
71 37.4154 117.41 42.5792
72 37.3227 123.038 48.3926
73 37.2624 113.408 38.8832
74 38.6412 108.964 31.6816
75 37.9406 133.064 57.1828
76 37.7072 108.369 32.9546
77 36.808 133.106 59.49
78 34.934 123.95 54.082
79 36.8074 112.75 39.1352
80 35.7386 118.821 47.3438
81 37.5016 113.896 38.8928
82 35.6683 92.6121 21.2755
83 36.4633 124.426 51.4994
84 35.5521 119.122 48.0178
85 35.3344 128.528 57.8592
86 36.3651 112.501 39.7708
87 36.3596 117.543 44.8238
88 35.5189 122.902 51.8642
89 37.5133 111.077 36.0504
90 38.3231 103.697 27.0508
91 37.4652 130.037 55.1066
92 37.3375 121.809 47.134
93 36.9919 132.146 58.1622
94 36.7456 130.637 57.1458
