0 34.846 102.653 32.961
1 33.7012 99.3279 31.9255
2 33.9233 125.65 57.8034
3 33.3277 112.432 45.7766
4 33.2115 109.163 42.74
5 32.6311 106.504 41.2418
6 33.0315 112.243 46.18
7 32.7354 114.183 48.7122
8 33.0392 106.597 40.5186
9 34.3068 130.969 62.3554
10 31.7514 95.9946 32.4918
11 33.741 125.978 58.496
12 32.0445 120.931 56.842
13 32.7538 126.917 61.4094
14 32.2997 125.703 61.1036
15 32.6917 120.848 55.4646
16 33.9914 139.095 71.1122
17 33.576 114.767 47.615
18 32.1796 128.961 64.6018
19 32.8782 116.773 51.0166
20 31.6909 102.979 39.5972
21 32.2798 120.058 55.4984
22 31.0354 123.149 61.0782
23 33.7004 110.178 42.7772
24 32.568 138.028 72.892
25 32.8804 94.6855 28.9247
26 31.9462 133.068 69.1756
27 32.5061 145.131 80.1188
28 33.0655 130.015 63.884
29 31.7493 122.468 58.9694
30 31.7808 142.432 78.8704
31 31.8454 105.392 41.7012
32 33.6992 131.643 64.2446
33 33.34 131.738 65.058
34 34.8093 128.952 59.3334
35 33.6952 132.348 64.9576
36 32.3279 125.527 60.8712
37 33.3471 120.536 53.8418
38 33.105 132.455 66.245
39 32.9737 121.235 55.2876
40 33.5398 130.629 63.5494
41 33.1198 120.984 54.7444
42 33.0862 110.119 43.9466
43 33.5295 122.366 55.307
44 34.0049 113.105 45.0952
45 33.64 155.63 88.35
46 33.7004 131.228 63.8272
47 32.5986 151.487 86.2898
48 31.7463 108.59 45.0974
49 32.0737 143.096 78.9486
50 32.5958 124.649 59.4574
51 32.6481 136.82 71.5238
52 30.4588 129.884 68.9664
53 31.931 134.735 70.873
54 32.3702 141.574 76.8336
55 33.1127 153.305 87.0796
56 32.3884 155.74 90.9632
57 32.9957 140.253 74.2616
58 31.2471 130.91 68.4158
59 32.5187 138.543 73.5056
60 32.688 141.351 75.975
61 31.333 147.272 84.606
62 33.0769 132.464 66.3102
63 31.9138 128.914 65.0864
64 32.3502 120.55 55.8496
65 32.6509 80.9733 15.6715
66 32.0834 102.685 38.5182
67 31.8648 85.5872 21.8576
68 31.8549 76.0065 12.2967
69 32.6295 102.577 37.318
70 32.6162 109.318 44.0856
71 31.6718 114.338 50.9944
72 31.8473 116.397 52.7024
73 31.7619 95.6396 32.1158
74 31.3369 73.3752 10.7014
75 31.7958 98.9802 35.3886
76 31.5615 114.043 50.92
77 32.5791 95.1547 29.9965
78 31.6141 99.5048 36.2766
79 32.31 104.164 39.544
80 30.954 96.6509 34.7429
81 31.7548 103.281 39.7714
82 31.526 113.424 50.372
83 31.7955 88.5129 24.9219
84 30.6789 98.5598 37.202
85 31.9148 129.152 65.3224
86 31.7438 103.608 40.1204
87 31.1616 71.6677 9.3445
88 31.3598 90.2189 27.4993
89 30.714 93.5063 32.0783
90 30.2969 113.76 53.1662
91 30.206 104.001 43.589
92 30.9832 109.295 47.3286
93 30.6882 84.4557 23.0793
94 30.5853 84.0913 22.9207
