0 34.1307 176.73 108.469
1 33.4015 155.404 88.601
2 34.896 167.485 97.693
3 33.9162 191.738 123.906
4 31.5171 209.04 146.006
5 33.4576 163.918 97.0028
6 34.4711 194.739 125.797
7 34.6368 211.721 142.447
8 34.9537 187.2 117.293
9 33.3896 182.94 116.161
10 33.8876 156.274 88.4988
11 34.2898 156.569 87.9894
12 33.8448 187.794 120.104
13 34.4027 182.722 113.917
14 32.8705 175.429 109.688
15 34.3372 201.154 132.48
16 32.9598 170.183 104.263
17 33.4644 175.437 108.508
18 34.455 189.942 121.032
19 33.9752 200.798 132.848
20 31.5068 169.397 106.383
21 30.6523 164.795 103.49
22 32.0569 180.286 116.172
23 34.4803 229.601 160.64
24 33.0436 190.1 124.013
25 33.4935 187.344 120.357
26 35.1521 211.041 140.737
27 33.9128 187.268 119.442
28 33.425 193.512 126.662
29 34.4809 218.255 149.293
30 33.3766 172.888 106.135
31 33.962 210.3 142.376
32 33.4079 81.9603 15.1445
33 33.1911 69.725 3.3428
34 32.9477 95.4765 29.5811
35 32.4506 45.2061 -19.6951
36 32.665 71.0789 5.7489
37 32.9062 72.5214 6.709
38 32.3646 73.696 8.9668
39 32.3857 66.6808 1.9094
40 33.1307 51.4329 -14.8285
41 32.9326 65.5422 -0.323
42 33.0652 43.5223 -22.6081
43 32.0909 73.6501 9.4683
44 32.4354 52.9522 -11.9186
45 33.0515 65.0018 -1.1012
46 31.7461 42.5224 -20.9698
47 31.6502 61.9743 -1.3261
48 33.038 75.5504 9.4744
49 31.9063 56.8107 -7.0019
50 31.646 73.8757 10.5837
51 32.1236 94.9794 30.7322
52 31.5009 64.3655 1.3637
53 33.3311 71.043 4.3808
54 30.719 42.1196 -19.3184
55 31.0274 89.8164 27.7616
56 33.0775 50.4204 -15.7346
57 34.5996 68.7415 -0.4577
58 33.6599 86.377 19.0572
59 31.9968 87.3307 23.3371
60 34.2656 79.4103 10.8791
61 34.2881 89.9651 21.3889
62 33.6896 49.6031 -17.7761
63 34.246 76.9379 8.4459
