0 47.79 37.0438 47.79
1 47.79 37.0438 47.79
2 47.79 37.0438 47.79
3 47.79 37.0438 47.79
4 47.79 37.0438 47.79
5 47.79 37.0438 47.79
6 47.79 37.0438 47.79
7 47.79 37.0438 47.79
8 47.79 37.0438 47.79
9 47.79 37.0438 47.79
10 47.79 37.0438 47.79
11 47.79 37.0438 47.79
12 47.79 37.0438 47.79
13 47.79 37.0438 47.79
14 47.79 37.0438 47.79
15 47.79 37.0438 47.79
16 47.79 37.0438 47.79
17 47.79 37.0438 47.79
18 47.79 37.0438 47.79
19 47.79 37.0438 47.79
20 47.79 37.0438 47.79
21 47.79 37.0438 47.79
22 47.79 37.0438 47.79
23 47.79 37.0438 47.79
24 47.79 37.0438 47.79
25 47.79 37.0438 47.79
26 47.79 37.0438 47.79
27 47.79 37.0438 47.79
28 47.79 37.0438 47.79
29 47.79 37.0438 47.79
30 47.79 37.0438 47.79
31 47.79 37.0438 47.79
32 47.79 37.0438 47.79
33 47.79 37.0438 47.79
34 47.79 37.0438 47.79
35 47.79 37.0438 47.79
36 47.79 37.0438 47.79
37 47.79 37.0438 47.79
38 47.79 37.0438 47.79
39 47.79 37.0438 47.79
40 47.79 37.0438 47.79
41 47.79 37.0438 47.79
42 47.79 37.0438 47.79
43 47.79 37.0438 47.79
44 47.79 37.0438 47.79
45 47.79 37.0438 47.79
46 47.79 37.0438 47.79
47 47.79 37.0438 47.79
48 47.79 37.0438 47.79
49 47.79 37.0438 47.79
50 47.79 37.0438 47.79
51 47.79 37.0438 47.79
52 47.79 37.0438 47.79
53 47.79 37.0438 47.79
54 47.79 37.0438 47.79
55 47.79 37.0438 47.79
56 47.79 37.0438 47.79
57 47.79 37.0438 47.79
58 47.79 37.0438 47.79
59 47.79 37.0438 47.79
60 47.79 37.0438 47.79
61 47.79 37.0438 47.79
62 47.79 37.0438 47.79
63 47.79 37.0438 47.79
64 47.79 37.0438 47.79
65 47.79 37.0438 47.79
66 47.79 37.0438 47.79
67 47.79 37.0438 47.79
68 47.79 37.0438 47.79
69 47.79 37.0438 47.79
70 47.79 37.0438 47.79
71 47.79 37.0438 47.79
72 47.79 37.0438 47.79
73 47.79 37.0438 47.79
74 47.79 37.0438 47.79
75 47.79 37.0438 47.79
76 47.79 37.0438 47.79
77 47.79 37.0438 47.79
78 47.79 37.0438 47.79
79 47.79 37.0438 47.79
80 47.79 37.0438 47.79
81 47.79 37.0438 47.79
82 47.79 37.0438 47.79
83 47.79 37.0438 47.79
84 47.79 37.0438 47.79
85 47.79 37.0438 47.79
86 47.79 37.0438 47.79
87 47.79 37.0438 47.79
88 47.79 37.0438 47.79
89 47.79 37.0438 47.79
90 47.79 37.0438 47.79
91 47.79 37.0438 47.79
92 47.79 37.0438 47.79
93 47.79 37.0438 47.79
94 47.79 37.0438 47.79
95 47.79 37.0438 47.79
