0 36.2915 133.357 60.774
1 35.3625 154.901 84.176
2 36.2068 100.123 27.7094
3 35.9321 111.305 39.4408
4 35.0165 136.195 66.162
5 35.3332 125.026 54.3596
6 36.5854 132.575 59.4042
7 36.6417 124.357 51.0736
8 37.5051 131.923 56.9128
9 37.6815 115.941 40.578
10 39.0339 141.909 63.8412
11 38.8803 137.23 59.4694
12 38.0952 112.182 35.9916
13 37.6708 131.613 56.2714
14 40.8911 145.988 64.2058
15 39.6635 145.05 65.723
16 38.729 117.255 39.797
17 37.9742 112.602 36.6536
18 39.259 130.928 52.41
19 38.3494 125.726 49.0272
20 39.5348 138.064 58.9944
21 40.3431 124.875 44.1888
22 39.5654 116.694 37.5632
23 39.6096 132.766 53.5468
24 40.1748 146.511 66.1614
25 39.1738 130.839 52.4914
26 38.2712 105.203 28.6606
27 39.5397 132.211 53.1316
28 39.7079 147.56 68.1442
29 37.817 127.537 51.903
30 39.4208 135.097 56.2554
31 39.2036 139.83 61.4228
32 35.0187 173.402 103.365
33 34.0148 178.142 110.112
34 35.8357 179.48 107.809
35 34.5544 181.579 112.47
36 34.353 171.095 102.389
37 34.5572 176.218 107.104
38 35.0197 180.259 110.22
39 35.7663 152.025 80.4924
40 33.4139 166.875 100.047
41 34.4587 150.337 81.4196
42 34.3337 165.945 97.2776
43 34.8062 181.635 112.023
44 33.1306 161.156 94.8948
45 33.0333 169.598 103.531
46 33.0761 152.451 86.2988
47 34.4429 182.786 113.9
48 33.0196 166.461 100.422
49 31.7131 165.387 101.961
50 33.3505 168.88 102.179
51 33.5434 172.525 105.438
52 32.9515 179.576 113.673
53 33.6511 180.511 113.209
54 34.296 171.25 102.658
55 34.6458 175.999 106.707
56 33.5554 162.141 95.0302
57 34.416 165.429 96.597
58 33.1442 156.99 90.7016
59 34.2358 180.195 111.723
60 34.7411 193.325 123.843
61 34.2576 174.759 106.244
62 33.3181 175.547 108.911
63 33.9214 180.503 112.66
64 37.312 82.3629 7.7389
65 35.346 79.7181 9.0261
66 36.0375 75.3119 3.2369
67 35.5793 95.882 24.7234
68 35.5361 81.4059 10.3337
69 36.3706 111.311 38.5698
70 36.5128 88.0909 15.0653
71 35.5509 69.8087 -1.2931
72 36.1901 71.9629 -0.4173
73 36.1709 105.556 33.2142
74 35.9599 70.1112 -1.8086
75 35.5668 86.7092 15.5756
76 34.6448 97.4562 28.1666
77 35.6597 101.714 30.3946
78 35.7132 84.6639 13.2375
79 35.952 97.3628 25.4588
80 34.017 86.5895 18.5555
81 35.5212 95.973 24.9306
82 35.9547 97.911 26.0016
83 35.6487 92.4046 21.1072
84 34.1172 90.9863 22.7519
85 35.8337 88.4588 16.7914
86 34.8811 82.7515 12.9893
87 35.3921 71.8526 1.0684
88 35.427 110.252 39.398
89 34.2288 77.9882 9.5306
90 36.0004 84.595 12.5942
91 36.4037 85.0435 12.2361
92 34.3979 83.6825 14.8867
93 34.6355 92.4526 23.1816
94 34.9879 95.2448 25.269
95 34.181 97.4912 29.1292
