0 32.7601 123.494 57.9738
1 35.1049 152.249 82.0392
2 34.066 156.004 87.872
3 35.0509 151.623 81.5212
4 34.1783 158.853 90.4964
5 33.6014 127.351 60.1482
6 34.1635 147.521 79.194
7 35.0092 142.651 72.6326
8 33.4823 152.87 85.9054
9 34.1872 135.152 66.7776
10 33.9612 157.858 89.9356
11 35.4722 148.62 77.6756
12 34.7287 133.215 63.7576
13 32.632 133.778 68.514
14 35.3787 150.468 79.7106
15 34.8613 171.003 101.28
16 34.1007 166.212 98.0106
17 35.5664 175.088 103.955
18 33.5848 161.701 94.5314
19 34.6654 164.244 94.9132
20 33.0809 161.1 94.9382
21 32.6462 153.506 88.2136
22 34.1183 135.285 67.0484
23 34.5001 147.322 78.3218
24 33.799 138.558 70.96
25 33.7599 151.695 84.1752
26 33.4043 134.37 67.5614
27 33.751 145.016 77.514
28 33.7377 173.872 106.397
29 34.5392 132.113 63.0346
30 34.0538 167.676 99.5684
31 34.5561 165.48 96.3678
32 35.0789 121.56 51.4022
33 34.7642 149.21 79.6816
34 35.8137 152.845 81.2176
35 34.5408 122.989 53.9074
36 34.8767 129.522 59.7686
37 35.3144 142.502 71.8732
38 35.5377 142.994 71.9186
39 35.2919 155.28 84.6962
40 34.0463 146.798 78.7054
41 34.9937 143.36 73.3726
42 34.3123 153.678 85.0534
43 35.6167 144.32 73.0866
44 34.9111 134.106 64.2838
45 35.6923 140.154 68.7694
46 35.2582 131.705 61.1886
47 34.8474 164.617 94.9222
48 34.6635 151.413 82.086
49 35.5062 149.209 78.1966
50 34.9313 171.282 101.419
51 35.2745 178.787 108.238
52 35.4325 124.82 53.955
53 34.8701 132.951 63.2108
54 30.8517 128.522 66.8186
55 36.1909 146.23 73.8482
56 34.3026 144.251 75.6458
57 34.4564 149.038 80.1252
58 33.9445 133.846 65.957
59 35.2931 136.901 66.3148
60 34.0282 140.604 72.5476
61 34.6776 146.115 76.7598
62 35.4149 143.269 72.4392
63 34.8186 148.579 78.9418
64 35.8703 88.3777 16.6371
65 35.5464 105.152 34.0592
66 36.2471 75.7556 3.2614
67 36.5513 80.6111 7.5085
68 36.2311 77.9695 5.5073
69 36.1508 86.4033 14.1017
70 36.2762 73.9883 1.4359
71 35.8748 76.4809 4.7313
72 34.592 61.7752 -7.4088
73 36.711 77.5896 4.1676
74 35.878 72.2762 0.5202
75 36.2365 70.6295 -1.8435
76 36.7515 91.063 17.56
77 35.589 79.2894 8.1114
78 35.6903 78.8358 7.4552
79 35.4638 92.4461 21.5185
80 35.7503 74.4289 2.9283
81 34.9614 55.0354 -14.8874
82 35.8854 82.5733 10.8025
83 37.4129 84.321 9.4952
84 35.0815 66.2071 -3.9559
85 35.6199 83.1465 11.9067
86 35.5085 91.7618 20.7448
87 36.8614 75.5159 1.7931
88 34.8482 92.5469 22.8505
89 35.7725 84.1161 12.5711
90 34.6988 69.1481 -0.2495
91 36.3227 94.4727 21.8273
92 36.3682 82.4704 9.734
93 35.355 85.2608 14.5508
94 34.5271 64.184 -4.8702
