0 34.301 149.396 80.794
1 33.2054 138.782 72.3712
2 33.6724 111.067 43.7222
3 34.5644 158.231 89.1022
4 34.1959 161.232 92.8402
5 34.734 152.555 83.087
6 34.0522 171.529 103.425
7 33.8679 132.956 65.2202
8 34.093 153.662 85.476
9 34.8892 148.587 78.8086
10 33.6649 155.362 88.0322
11 34.444 153.594 84.706
12 33.7648 135.208 67.6784
13 33.0398 145.059 78.9794
14 33.5096 122.267 55.2478
15 34.0931 138.648 70.4618
16 34.6422 150.745 81.4606
17 34.5382 136.564 67.4876
18 32.4358 147.483 82.6114
19 32.6593 145.05 79.7314
20 33.3883 140.791 74.0144
21 33.0524 140.805 74.7002
22 32.8016 128.623 63.0198
23 34.028 132.65 64.594
24 33.5401 145.288 78.2078
25 33.8182 153.23 85.5936
26 32.8464 135.587 69.8942
27 32.431 144.103 79.241
28 32.6334 152.699 87.4322
29 34.1768 150.269 81.9154
30 33.0415 140.44 74.357
31 33.1615 152.188 85.865
32 34.902 82.6957 12.8917
33 35.5341 110.041 38.9728
34 34.7096 107.294 37.8748
35 36.2562 119.789 47.2766
36 34.5635 98.0849 28.9579
37 35.7605 115.99 44.469
38 34.7242 109.209 39.7606
39 35.2031 131.476 61.0698
40 34.9661 94.4834 24.5512
41 36.0371 113.072 40.9978
42 34.9064 95.4283 25.6155
43 34.8253 87.0081 17.3575
44 35.7549 108.599 37.0892
45 34.6793 77.4199 8.0613
46 34.5808 95.6939 26.5323
47 34.6298 107.26 38.0004
48 34.2293 141.157 72.6984
49 35.3245 97.9596 27.3106
50 34.1783 85.2886 16.932
51 33.7548 106.77 39.2604
52 31.7894 64.978 1.3992
53 34.2922 134.362 65.7776
54 32.3144 90.1021 25.4733
55 34.278 100.445 31.889
56 34.138 101.996 33.72
57 34.5412 133.356 64.2736
58 33.4287 99.087 32.2296
59 34.4798 121.944 52.9844
60 33.6895 92.5555 25.1765
61 34.3521 118.336 49.6318
62 33.4595 102.178 35.259
63 33.365 91.1229 24.3929
64 34.0218 206.667 138.623
65 34.4576 205.751 136.836
66 33.7482 160.941 93.4446
67 31.4298 183.902 121.042
68 33.498 208.203 141.207
69 33.8067 209.567 141.954
70 34.2057 196.815 128.404
71 33.417 190.507 123.673
72 34.2248 197.258 128.808
73 33.2918 196.041 129.457
74 33.521 177.994 110.952
75 34.5734 195.403 126.256
76 33.6009 182.495 115.293
77 33.5452 177.743 110.653
78 34.3388 196.742 128.064
79 32.6588 179.462 114.144
80 34.1055 206.94 138.729
81 33.1849 204.229 137.859
82 34.1451 221.916 153.626
83 33.7629 189.38 121.854
84 34.0899 187.104 118.924
85 33.7241 175.265 107.817
86 32.2353 182.64 118.169
87 33.8186 187.478 119.841
88 32.322 198.989 134.345
89 31.641 185.869 122.587
90 32.3927 171.031 106.246
91 32.1695 170.436 106.097
92 32.8573 180.469 114.754
93 33.637 191.674 124.4
94 33.793 203.542 135.956
