0 37.9619 127.193 51.2692
1 39.3329 144.112 65.4462
2 38.3808 113.636 36.8744
3 38.0779 121.601 45.4452
4 38.644 147.905 70.617
5 39.9085 144.03 64.213
6 39.7394 130.572 51.0932
7 39.0217 131.75 53.7066
8 37.991 110.208 34.226
9 37.3954 129.025 54.2342
10 38.1247 149.229 72.9796
11 38.5946 115.172 37.9828
12 40.0023 129.535 49.5304
13 40.4186 164.983 84.1458
14 39.2163 142.479 64.0464
15 39.0522 148.207 70.1026
16 37.7855 119.568 43.997
17 38.3776 150.424 73.6688
18 38.2111 148.846 72.4238
19 39.2905 149.322 70.741
20 38.2019 130.701 54.2972
21 39.1797 147.562 69.2026
22 37.5488 159.805 84.7074
23 38.0411 150.085 74.0028
24 39.0657 143.366 65.2346
25 39.4659 157.325 78.3932
26 39.0161 135.359 57.3268
27 38.0837 127.208 51.0406
28 38.6365 131.447 54.174
29 38.7062 151.655 74.2426
30 39.7994 152.577 72.9782
31 40.0441 120.084 39.9958
32 39.349 57.6615 -21.0365
33 40.636 62.2662 -19.0058
34 40.1205 67.1223 -13.1187
35 39.0579 51.7401 -26.3757
36 38.3747 55.7731 -20.9763
37 39.7991 77.1846 -2.4136
38 40.4418 80.763 -0.1206
39 38.6704 72.4269 -4.9139
40 39.0288 61.6328 -16.4248
41 39.3104 89.8728 11.252
42 39.4669 83.5783 4.6445
43 30.7028 50.656 -10.7496
44 39.6562 75.9609 -3.3515
45 40.3864 60.8541 -19.9187
46 40.426 70.9999 -9.8521
47 39.4372 77.0504 -1.824
48 39.8314 64.2687 -15.3941
49 33.7624 53.0896 -14.4352
50 37.6842 67.2062 -8.1622
51 39.5957 69.2019 -9.9895
52 38.9103 42.0994 -35.7212
53 38.7986 59.0384 -18.5588
54 38.7355 38.6635 -38.8075
55 38.3962 57.5132 -19.2792
56 38.6094 48.2341 -28.9847
57 39.5614 47.5233 -31.5995
58 39.6759 63.7108 -15.641
59 39.774 63.6091 -15.9389
60 39.9408 69.7675 -10.1141
61 36.7067 59.4833 -13.9301
62 38.6653 67.5279 -9.8027
63 41.0136 92.2732 10.246
64 38.1175 150.391 74.156
65 38.2257 174.174 97.7226
66 38.9633 145.108 67.1814
67 37.8292 147.552 71.8936
68 37.3413 147.609 72.9264
69 40.0757 175.033 94.8816
70 40.2811 108.003 27.4408
71 38.2797 153.694 77.1346
72 39.3862 166.168 87.3956
73 37.5197 162.658 87.6186
74 37.9397 144.024 68.1446
75 37.1306 161.521 87.2598
76 39.0215 153.721 75.678
77 37.8387 146.656 70.9786
78 39.1789 142.621 64.2632
79 38.3862 129.574 52.8016
80 40.9946 137.345 55.3558
81 39.1517 153.82 75.5166
82 38.457 166.635 89.721
83 38.5221 182.429 105.385
84 39.1154 101.567 23.3362
85 38.2429 113.426 36.9402
86 39.6825 86.1906 6.8256
87 40.2528 115.947 35.4414
88 39.7132 143.524 64.0976
89 37.3172 158.971 84.3366
90 38.5927 158.249 81.0636
91 37.7867 104.013 28.4396
92 38.963 157.927 80.001
93 38.5829 160.622 83.4562
94 39.0558 99.3919 21.2803
