0 34.9148 152.562 82.7324
1 34.3806 153.189 84.4278
2 33.3539 120.182 53.4742
3 36.5065 162.541 89.528
4 36.0285 147.457 75.4
5 34.528 148.487 79.431
6 35.2078 161.307 90.8914
7 35.4981 140.558 69.5618
8 34.716 143.432 74
9 34.9836 158.466 88.4988
10 34.9974 152.236 82.2412
11 35.667 147.851 76.517
12 34.4049 153.251 84.4412
13 35.722 163.823 92.379
14 34.5352 144.894 75.8236
15 35.5038 139.844 68.8364
16 35.2167 129.29 58.8566
17 34.8645 136.633 66.904
18 35.4427 168.391 97.5056
19 34.4771 149.916 80.9618
20 33.2732 140.523 73.9766
21 32.375 154.538 89.788
22 33.9212 150.814 82.9716
23 33.2179 159.495 93.0592
24 32.5015 118.915 53.912
25 33.5934 131.257 64.0702
26 32.7946 120.738 55.1488
27 33.5654 124.512 57.3812
28 32.7024 142.577 77.1722
29 33.3177 145.054 78.4186
30 33.3977 118.526 51.7306
31 34.4383 144.314 75.4374
32 34.4966 132.741 63.7478
33 35.3004 193.142 122.541
34 34.7784 131.557 62.0002
35 34.6905 158.88 89.499
36 35.0879 147.303 77.1272
37 35.2694 154.425 83.8862
38 34.8324 144.987 75.3222
39 35.1297 168.537 98.2776
40 34.93 149.571 79.711
41 36.0997 169.826 97.6266
42 35.0164 157.418 87.3852
43 35.8591 166.24 94.5218
44 34.5965 162.775 93.582
45 34.7747 159.824 90.2746
46 34.6169 167.114 97.8802
47 34.8927 155.576 85.7906
48 33.7042 148.205 80.7966
49 35.6779 160.516 89.1602
50 34.272 153.613 85.069
51 34.0882 136.145 67.9686
52 33.92 159.869 92.029
53 35.5351 160.203 89.1328
54 35.1677 164.265 93.9296
55 35.4451 147.312 76.4218
56 34.5591 152.686 83.5678
57 34.9494 146.209 76.3102
58 34.4396 169.281 100.402
59 34.6972 155.251 85.8566
60 33.7567 131.375 63.8616
61 33.379 159.583 92.825
62 33.206 153.791 87.379
63 35.2581 150.958 80.4418
64 34.9004 136.6 66.7992
65 34.918 130.783 60.947
66 35.4318 131.511 60.6474
67 34.9282 120.241 50.3846
68 36.9994 130.82 56.8212
69 36.5176 152.018 78.9828
70 35.7469 117.448 45.9542
71 35.8558 129.389 57.6774
72 35.2486 119.225 48.7278
73 35.5857 143.145 71.9736
74 34.7208 121.17 51.7284
75 35.3445 125.402 54.713
76 35.2674 144.619 74.0842
77 35.345 147.13 76.44
78 35.274 128.373 57.825
79 35.1213 127.238 56.9954
80 34.6406 99.7514 30.4702
81 35.1497 128.539 58.2396
82 34.4583 106.183 37.2664
83 35.179 131.064 60.706
84 34.7259 145.94 76.4882
85 33.8236 129.778 62.1308
86 33.9536 138.933 71.0258
87 33.338 146.376 79.7
88 36.0302 136.649 64.5886
89 33.6022 120.284 53.0796
90 34.4796 113.64 44.6808
91 33.8168 103.2 35.5664
92 33.6353 131.232 63.9614
93 33.5502 119.063 51.9626
94 32.1393 106.894 42.6154
