0 35.938 79.0571 7.1811
1 36.4857 73.3499 0.3785
2 34.8981 111.826 42.0298
3 35.779 102.567 31.009
4 35.6232 74.9284 3.682
5 35.5989 125.648 54.4502
6 34.1946 109.937 41.5478
7 35.3552 81.496 10.7856
8 35.6839 93.8608 22.493
9 35.4659 100.984 30.0522
10 34.9876 88.073 18.0978
11 34.5573 85.0428 15.9282
12 35.0783 91.437 21.2804
13 35.0217 79.5285 9.4851
14 35.086 78.9464 8.7744
15 35.0764 97.9229 27.7701
16 34.7614 96.3972 26.8744
17 34.6442 74.7168 5.4284
18 35.6593 95.2903 23.9717
19 35.7987 94.5537 22.9563
20 35.2597 103.578 33.0586
21 35.8209 78.1286 6.4868
22 35.7993 114.204 42.6054
23 36.2236 97.6958 25.2486
24 34.8822 114.798 45.0336
25 35.8004 108.282 36.6812
26 34.5671 97.2101 28.0759
27 34.8248 79.8933 10.2437
28 34.51 83.9782 14.9582
29 33.845 120.257 52.567
30 34.0321 87.0434 18.9792
31 34.9342 89.6481 19.7797
32 35.7667 101.196 29.6626
33 35.8304 102.099 30.4382
34 35.3191 94.7218 24.0836
35 35.9893 110.066 38.0874
36 34.9588 67.4441 -2.4735
37 35.729 81.0178 9.5598
38 35.0954 86.2803 16.0895
39 35.1999 59.7523 -10.6475
40 34.8612 119.371 49.6486
41 37.1259 125.088 50.8362
42 34.9636 68.1483 -1.7789
43 35.1773 105.62 35.2654
44 34.7418 85.4338 15.9502
45 35.3943 117.144 46.3554
46 35.7597 96.4717 24.9523
47 35.6921 131.517 60.1328
48 35.9516 127.93 56.0268
49 35.8001 122.243 50.6428
50 35.908 93.6566 21.8406
51 36.5399 89.274 16.1942
52 35.5642 96.9295 25.8011
53 36.3027 93.4203 20.8149
54 35.5434 87.8227 16.7359
55 37.3156 110.164 35.5328
56 35.7395 106.681 35.202
57 35.9557 94.1407 22.2293
58 35.8883 124.774 52.9974
59 35.4001 79.8141 9.0139
60 35.3021 101.797 31.1928
61 35.3387 110.652 39.9746
62 36.4616 89.9445 17.0213
63 36.6288 82.9237 9.6661
64 36.1059 148.9 76.6882
65 36.9861 92.9146 18.9424
66 35.5678 104.681 33.5454
67 36.594 124.949 51.761
68 34.5921 90.5202 21.336
69 34.4473 102.147 33.2524
70 34.342 128.846 60.162
71 35.5886 118.399 47.2218
72 34.8352 142.181 72.5106
73 34.8623 105.359 35.6344
74 35.123 92.0514 21.8054
75 33.6303 119.453 52.1924
76 33.7637 102.57 35.0426
77 35.3747 122.204 51.4546
78 34.2829 127.232 58.6662
79 34.8663 143.236 73.5034
80 35.0601 138.962 68.8418
81 34.613 104.214 34.988
82 34.5961 140.494 71.3018
83 32.8418 137.783 72.0994
84 31.1273 151.78 89.5254
85 35.1128 105.777 35.5514
86 36.7511 111.266 37.7638
87 35.6661 118.097 46.7648
88 35.3534 124.919 54.2122
89 35.4171 94.4628 23.6286
90 34.3649 98.3695 29.6397
91 35.8327 135.663 63.9976
92 33.7005 120.108 52.707
93 35.117 111.082 40.848
94 34.4872 109.489 40.5146
