0 34.6203 141.43 72.1894
1 34.9983 133.113 63.1164
2 34.7548 121.227 51.7174
3 34.2305 132.082 63.621
4 34.0811 155.763 87.6008
5 35.9663 112.379 40.4464
6 35.5669 123.928 52.7942
7 34.7827 132.935 63.3696
8 34.5122 139.387 70.3626
9 36.1144 142.314 70.0852
10 35.2509 140.931 70.4292
11 35.6542 132.149 60.8406
12 34.0875 124.04 55.865
13 35.6974 127.406 56.0112
14 34.4059 126.801 57.9892
15 34.9162 113.664 43.8316
16 35.0175 108.674 38.639
17 34.5739 147.472 78.3242
18 35.0314 140.203 70.1402
19 34.4242 127.044 58.1956
20 33.2159 127.198 60.7662
21 34.9849 119.193 49.2232
22 33.889 122.238 54.46
23 33.9988 133.967 65.9694
24 32.7099 125.558 60.1382
25 34.3918 136.646 67.8624
26 34.5132 142.388 73.3616
27 34.8864 126.34 56.5672
28 33.6913 124.056 56.6734
29 35.4926 119.045 48.0598
30 33.9421 130.181 62.2968
31 35.6224 130.327 59.0822
32 34.7898 102.1 32.5204
33 36.2352 141.866 69.3956
34 35.2453 110.665 40.1744
35 35.6439 117.303 46.0152
36 35.3091 121.719 51.1008
37 35.1712 126.008 55.6656
38 33.8765 94.8901 27.1371
39 33.862 120.418 52.694
40 34.5472 141.836 72.7416
41 35.7595 103.866 32.347
42 33.3686 75.7063 8.9691
43 34.6675 125.107 55.772
44 35.1343 113.986 43.7174
45 34.7787 110.318 40.7606
46 34.6266 113.262 44.0088
47 26.1834 54.1446 1.7778
48 34.7047 128.869 59.4596
49 34.7513 131.375 61.8724
50 34.2387 137.501 69.0236
51 35.2139 126.004 55.5762
52 32.8457 101.153 35.4616
53 34.5918 110.672 41.4884
54 33.8007 110.495 42.8936
55 34.1155 139.196 70.965
56 33.8946 103.232 35.4428
57 32.9414 79.3136 13.4308
58 34.2857 107.419 38.8476
59 34.5263 104.416 35.3634
60 32.8863 107.758 41.9854
61 35.321 107.243 36.601
62 35.1168 105.388 35.1544
63 34.1623 97.9496 29.625
64 35.0942 47.6292 -22.5592
65 35.36 68.7033 -2.0167
66 35.0296 36.93 -33.1292
67 36.2182 62.5484 -9.888
68 37.1155 72.7745 -1.4565
69 36.1109 52.0152 -20.2066
70 35.5991 63.0038 -8.1944
71 36.2766 74.3793 1.8261
72 35.6552 77.5065 6.1961
73 36.1618 54.923 -17.4006
74 36.1261 53.1903 -19.0619
75 35.832 66.3543 -5.3097
76 35.4648 81.083 10.1534
77 36.1042 70.3225 -1.8859
78 34.8549 70.6607 0.9509
79 36.3666 52.4428 -20.2904
80 34.6331 64.9483 -4.3179
81 35.1093 67.8335 -2.3851
82 36.2534 94.7121 22.2053
83 35.2464 59.9679 -10.5249
84 34.0116 57.6834 -10.3398
85 36.1637 76.9292 4.6018
86 35.521 44.7764 -26.2656
87 34.2394 77.6664 9.1876
88 33.9341 67.5398 -0.3284
89 35.6086 54.2088 -17.0084
90 34.3745 57.1755 -11.5735
91 34.8231 56.0996 -13.5466
92 34.2983 68.6381 0.0415
93 34.5388 37.9875 -31.0901
94 35.3093 47.5612 -23.0574
