0 35.1696 131.321 60.9818
1 35.3082 148.987 78.3706
2 34.1229 94.7117 26.4659
3 33.6879 131.346 63.9702
4 34.3821 144.993 76.2288
5 34.8764 135.572 65.8192
6 34.9817 137.232 67.2686
7 34.2861 142.151 73.5788
8 35.9735 129.379 57.432
9 36.0945 131.313 59.124
10 34.865 159.615 89.885
11 34.7863 137.219 67.6464
12 34.7716 129.359 59.8158
13 35.1744 128.405 58.0562
14 34.7866 134.004 64.4308
15 34.3808 137.046 68.2844
16 33.5403 148.561 81.4804
17 33.8061 124.567 56.9548
18 33.6031 141.568 74.3618
19 35.8882 153.064 81.2876
20 33.0366 115.311 49.2378
21 33.3083 161.757 95.1404
22 34.5199 123.187 54.1472
23 34.637 170.166 100.892
24 33.8372 130.717 63.0426
25 33.8803 114.452 46.6914
26 34.1923 148.49 80.1054
27 33.4623 147.868 80.9434
28 33.0654 143.131 77.0002
29 33.8935 143.011 75.224
30 34.0479 142.666 74.5702
31 35.0172 108.699 38.6646
32 32.9033 170.372 104.565
33 34.7265 158.585 89.132
34 34.0616 160.98 92.8568
35 34.1951 173.54 105.15
36 33.7465 190.79 123.297
37 35.2775 165.565 95.01
38 32.2393 150.412 85.9334
39 33.785 175.903 108.333
40 32.8319 154.86 89.1962
41 34.4212 181.257 112.415
42 34.9138 174.624 104.796
43 33.5982 159.885 92.6886
44 32.7335 181.839 116.372
45 32.5225 180.916 115.871
46 33.3927 189.811 123.026
47 32.5767 163.361 98.2076
48 33.1708 177.514 111.172
49 24.3961 137.145 88.3528
50 33.1707 182.589 116.248
51 24.421 160.601 111.759
52 31.3221 188.442 125.798
53 33.0447 163.526 97.4366
54 32.1928 168.151 103.765
55 33.2485 183.734 117.237
56 32.1998 167.924 103.524
57 32.1814 155.332 90.9692
58 32.3274 205.449 140.794
59 32.4584 183.33 118.413
60 31.9132 169.034 105.208
61 31.0448 155.594 93.5044
62 30.9381 167.749 105.873
63 33.003 214.239 148.233
64 34.6087 93.5792 24.3618
65 35.0573 123.531 53.4164
66 33.3554 109.155 42.4442
67 34.4189 102.684 33.8462
68 34.4121 125.782 56.9578
69 34.2733 132.173 63.6264
70 33.8263 112.329 44.6764
71 33.1957 110.911 44.5196
72 32.6887 138.336 72.9586
73 34.3836 101.895 33.1278
74 34.1987 123.607 55.2096
75 33.6655 115.672 48.341
76 32.521 111.689 46.647
77 33.5513 120.993 53.8904
78 33.236 101.252 34.78
79 33.8467 131.726 64.0326
80 31.7716 103.972 40.4288
81 33.6395 139.516 72.237
82 33.7612 137.72 70.1976
83 33.626 134.964 67.712
84 32.3128 123.178 58.5524
85 33.5187 103.8 36.7626
86 31.9727 99.8929 35.9475
87 32.8676 98.9128 33.1776
88 32.8452 121.422 55.7316
89 31.9669 110.841 46.9072
90 32.2215 98.8088 34.3658
91 32.5045 143.571 78.562
92 32.3886 100.746 35.9688
93 31.5753 121.959 58.8084
94 31.6063 119.097 55.8844
