0 34.0293 85.411 17.3524
1 35.3484 142.425 71.7282
2 35.1201 119.637 49.3968
3 35.5739 109.135 37.9872
4 34.5793 127.226 58.0674
5 35.4932 133.527 62.5406
6 34.5097 110.925 41.9056
7 35.0409 100.471 30.3892
8 35.2035 99.2861 28.8791
9 35.2968 100.21 29.6164
10 35.656 97.3932 26.0812
11 34.7511 130.363 60.8608
12 34.3571 121.808 53.0938
13 35.426 113.394 42.542
14 34.7728 99.3074 29.7618
15 35.4558 105.547 34.6354
16 35.0364 120.466 50.3932
17 34.8931 119.838 50.0518
18 35.0293 97.6767 27.6181
19 35.6613 137.202 65.8794
20 33.9455 98.0787 30.1877
21 34.789 89.5248 19.9468
22 34.1972 115.252 46.8576
23 35.2345 110.386 39.917
24 34.7996 103.5 33.9008
25 34.9395 116.64 46.761
26 33.5205 118.636 51.595
27 34.1797 118.144 49.7846
28 33.7427 118.268 50.7826
29 33.9643 110.237 42.3084
30 33.1955 114.557 48.166
31 34.7001 119.868 50.4678
32 33.9306 122.097 54.2358
33 35.7546 118.767 47.2578
34 34.4153 126.26 57.4294
35 35.3436 118.318 47.6308
36 33.5006 103.529 36.5278
37 34.4172 151.249 82.4146
38 34.8565 134.476 64.763
39 35.3696 120.127 49.3878
40 34.3681 140.3 71.5638
41 35.4165 104.228 33.395
42 35.6694 131.282 59.9432
43 35.3767 123.592 52.8386
44 34.7935 122.061 52.474
45 34.8601 148.302 78.5818
46 34.3349 149.602 80.9322
47 34.143 112.207 43.921
48 34.7346 113.972 44.5028
49 34.1279 145.313 77.0572
50 34.2025 122.142 53.737
51 34.988 124.745 54.769
52 33.6153 127.719 60.4884
53 34.3005 122.166 53.565
54 32.7672 106.481 40.9466
55 34.5354 131.501 62.4302
56 32.9865 111.183 45.21
57 33.7621 138.559 71.0348
58 34.0198 151.815 83.7754
59 33.4325 122.41 55.545
60 32.9209 127.624 61.7822
61 32.2782 133.787 69.2306
62 33.3997 133.457 66.6576
63 34.0677 121.832 53.6966
64 34.8456 88.5107 18.8195
65 35.0746 79.1852 9.036
66 34.6531 95.9622 26.656
67 35.4816 61.9495 -9.0137
68 35.3509 75.3347 4.6329
69 35.3539 90.951 20.2432
70 33.7688 100.573 33.0354
71 33.7784 71.6999 4.1431
72 34.1918 92.2146 23.831
73 33.6032 90.2234 23.017
74 34.6452 98.5127 29.2223
75 34.4578 86.5927 17.6771
76 33.7291 112.297 44.8388
77 33.8688 88.6176 20.88
78 33.5656 101.573 34.4418
79 33.6367 84.757 17.4836
80 33.5688 72.6796 5.542
81 27.5772 70.9052 15.7508
82 32.2883 90.6872 26.1106
83 32.9009 81.8239 16.0221
84 32.5403 79.233 14.1524
85 33.2222 92.1398 25.6954
86 32.1632 77.8787 13.5523
87 32.7827 94.8015 29.2361
88 31.9124 67.4957 3.6709
89 33.4121 89.8764 23.0522
90 32.3163 88.1655 23.5329
91 32.6108 79.064 13.8424
92 31.9749 80.8854 16.9356
93 30.6463 79.5033 18.2107
94 32.7726 108.57 43.0248
