0 34.8738 132.35 62.6024
1 35.6383 141.746 70.4694
2 35.2534 117.437 46.9302
3 34.835 104.609 34.939
4 35.4667 148.029 77.0956
5 33.5327 122.631 55.5656
6 35.8667 121.778 50.0446
7 35.7219 138.907 67.4632
8 35.2337 148.687 78.2196
9 36.3209 148.547 75.9052
10 35.5693 134.229 63.0904
11 34.6732 132.347 63.0006
12 35.7883 124.241 52.6644
13 35.4659 146.284 75.3522
14 35.7295 148.279 76.82
15 36.6458 112.066 38.7744
16 34.5367 124.381 55.3076
17 35.0129 98.848 28.8222
18 35.7209 127.499 56.0572
19 35.562 125.591 54.467
20 35.0805 169.077 98.916
21 34.967 142.4 72.466
22 35.4112 148.693 77.8706
23 35.013 147.471 77.445
24 34.87 109.527 39.787
25 35.5332 113.203 42.1366
26 36.4997 147.825 74.8256
27 36.5611 150.242 77.1198
28 36.21 175.086 102.666
29 35.5989 136.108 64.9102
30 35.9455 145.372 73.481
31 34.8965 122.016 52.223
32 35.7587 100.621 29.1036
33 36.7427 91.7535 18.2681
34 38.9643 108.237 30.3084
35 37.5265 120.644 45.591
36 36.2146 98.6038 26.1746
37 36.2077 126.369 53.9536
38 36.9275 136.204 62.349
39 37.3361 104.672 29.9998
40 36.0102 82.5218 10.5014
41 36.1148 120.182 47.9524
42 35.9375 118.127 46.252
43 36.5663 114.741 41.6084
44 35.3118 111.234 40.6104
45 35.7236 105.493 34.0458
46 36.0939 89.482 17.2942
47 36.0182 102.184 30.1476
48 34.7453 117.723 48.2324
49 33.8239 84.1901 16.5423
50 34.5179 105.98 36.9442
51 36.3816 84.9888 12.2256
52 34.8267 108.08 38.4266
53 35.1885 100.185 29.808
54 34.8832 110.776 41.0096
55 34.9564 79.1033 9.1905
56 34.1146 90.6439 22.4147
57 33.9973 122.088 54.0934
58 34.8584 136.382 66.6652
59 34.7533 81.2794 11.7728
60 34.3821 99.6782 30.914
61 33.2672 68.0139 1.4795
62 31.9585 84.0144 20.0974
63 33.1149 101.791 35.5612
