0 34.2766 135.611 67.0578
1 35.3315 121.117 50.454
2 34.9569 101.669 31.7552
3 34.5492 133.251 64.1526
4 34.4154 114.336 45.5052
5 35.8028 112.147 40.5414
6 35.3511 134.195 63.4928
7 36.0565 80.9248 8.8118
8 35.3877 101.307 30.5316
9 34.9302 139.513 69.6526
10 35.8798 87.5521 15.7925
11 35.6217 124.531 53.2876
12 36.4511 140.035 67.1328
13 34.128 94.014 25.758
14 35.7625 79.7794 8.2544
15 35.826 69.2242 -2.4278
16 34.2484 133.288 64.7912
17 35.3505 86.0584 15.3574
18 34.8208 144.104 74.4624
19 34.9585 160.122 90.205
20 34.219 105.028 36.59
21 33.965 105.057 37.127
22 34.3454 119.322 50.6312
23 34.9284 128.05 58.1932
24 31.8835 149.994 86.227
25 34.8158 85.9552 16.3236
26 35.1092 93.4871 23.2687
27 35.309 100.34 29.722
28 31.5651 102.196 39.0658
29 35.8195 87.7519 16.1129
30 33.9557 167.782 99.8706
31 34.0585 87.3068 19.1898
32 33.8448 97.2012 29.5116
33 33.863 86.4448 18.7188
34 33.599 77.4612 10.2632
35 33.1921 86.2237 19.8395
36 33.0478 83.9357 17.8401
37 31.9576 62.6013 -1.3139
38 32.754 77.395 11.887
39 33.5003 91.6802 24.6796
40 32.5647 72.6102 7.4808
41 34.4282 99.6522 30.7958
42 34.1813 92.1975 23.8349
43 34.2718 75.5147 6.9711
44 34.1343 86.5182 18.2496
45 35.6502 85.3061 14.0057
46 34.7025 79.3505 9.9455
47 34.3878 64.5337 -4.2419
48 33.4396 86.5469 19.6677
49 32.9686 111.945 46.0078
50 32.7747 83.6284 18.079
51 34.15 105.954 37.654
52 33.045 91.9412 25.8512
53 34.7378 103.191 33.7154
54 32.4106 55.3408 -9.4804
55 32.8988 108.65 42.8524
56 32.36 55.9904 -8.7296
57 33.3114 71.7229 5.1001
58 32.7532 103.752 38.2456
59 32.5231 96.863 31.8168
60 33.158 96.0309 29.7149
61 34.1604 85.6647 17.3439
62 33.2829 65.4185 -1.1473
63 35.3914 87.9258 17.143
64 33.5829 167.865 100.699
65 34.8211 111.064 41.4218
66 33.7787 110.208 42.6506
67 34.6222 120.503 51.2586
68 32.4464 149.444 84.5512
69 33.9339 159.923 92.0552
70 33.6129 160.023 92.7972
71 33.3136 153.912 87.2848
72 32.8401 167.044 101.364
73 33.3356 157.048 90.3768
74 33.1987 129.957 63.5596
75 32.6575 161.919 96.604
76 32.6335 137.446 72.179
77 34.2201 146.828 78.3878
78 32.7974 180.79 115.195
79 32.7848 164.36 98.7904
80 32.4271 143.207 78.3528
81 32.5926 177.418 112.233
82 33.3062 158.177 91.5646
83 32.4351 146.702 81.8318
84 32.0192 109.286 45.2476
85 33.4266 157.37 90.5168
86 31.679 165.353 101.995
87 32.9491 106.559 40.6608
88 33.0523 124.004 57.8994
89 33.3233 119.66 53.0134
90 32.6233 164.873 99.6264
91 30.995 187.589 125.599
92 31.9488 140.295 76.3974
93 31.4875 160.057 97.082
94 32.8048 119.811 54.2014
