0 36.8851 139.688 65.9178
1 35.9208 146.854 75.0124
2 36.9985 138.507 64.51
3 37.7637 93.6162 18.0888
4 35.8109 131.235 59.6132
5 36.7611 145.763 72.2408
6 36.0818 164.619 92.4554
7 38.0819 135.473 59.3092
8 36.385 151.397 78.627
9 36.68 147.089 73.729
10 36.1804 137.803 65.4422
11 37.4346 173.984 99.1148
12 35.7924 106.394 34.8092
13 37.7649 109.684 34.1542
14 35.9701 96.9017 24.9615
15 36.387 157.132 84.358
16 36.6743 177.821 104.472
17 36.8414 178.84 105.157
18 37.4001 116.208 41.4078
19 36.7831 136.361 62.7948
20 34.5476 139.768 70.6728
21 37.7427 128.953 53.4676
22 34.0762 130.859 62.7066
23 36.0903 116.939 44.7584
24 37.3791 107.09 32.3318
25 36.5215 129.498 56.455
26 36.3134 163.536 90.9092
27 35.9853 110.182 38.2114
28 38.0902 125.372 49.1916
29 37.2693 139.002 64.4634
30 36.6083 118.34 45.1234
31 36.7691 113.197 39.6588
32 34.7642 101.088 31.5596
33 35.655 87.3892 16.0792
34 35.0949 104.55 34.3602
35 34.0196 109.832 41.7928
36 35.1904 87.754 17.3732
37 33.303 113.272 46.666
38 33.415 128.862 62.032
39 33.6468 103.896 36.6024
40 32.833 104.937 39.271
41 33.9943 102.824 34.8354
42 33.3438 138.386 71.6984
43 33.4918 114.94 47.9564
44 33.4243 80.1116 13.263
45 33.8824 112.607 44.8422
46 33.6801 118.724 51.3638
47 33.2227 99.5968 33.1514
48 32.0485 108.174 44.077
49 33.2012 125.814 59.4116
50 33.1578 110.404 44.0884
51 34.9553 72.1301 2.2195
52 33.7223 47.8515 -19.5931
53 34.2463 83.6369 15.1443
54 32.9574 61.3744 -4.5404
55 34.1412 64.5731 -3.7093
56 32.8301 62.1473 -3.5129
57 34.5447 59.3557 -9.7337
58 32.6996 125.341 59.9418
59 34.1766 84.4762 16.123
60 33.1415 65.8456 -0.4374
61 32.0411 92.1776 28.0954
62 32.5755 109.165 44.014
63 34.1079 81.2675 13.0517
64 35.8929 127.954 56.1682
65 36.9696 143.336 69.3968
66 36.2651 127.199 54.6688
67 35.865 127.869 56.139
68 35.1445 136.305 66.016
69 35.91 121.609 49.789
70 35.0408 124.342 54.2604
71 35.5059 123.669 52.6572
72 34.5901 128.247 59.0668
73 34.3922 132.501 63.7166
74 35.0398 126.669 56.5894
75 34.4349 127.322 58.4522
76 33.7156 133.2 65.7688
77 35.587 124.541 53.367
78 35.5127 140.479 69.4536
79 34.6547 89.962 20.6526
80 34.058 118.398 50.282
81 35.1917 118.149 47.7656
82 34.0263 137.946 69.8934
83 34.3265 130.571 61.918
84 32.9585 110.918 45.001
85 35.0507 109.782 39.6806
86 34.9234 142.615 72.7682
87 35.365 106.357 35.627
88 34.7046 111.866 42.4568
89 34.6683 128.931 59.5944
90 34.5877 135.19 66.0146
91 33.6464 139.613 72.3202
92 34.2307 146.453 77.9916
93 33.8996 138.69 70.8908
94 33.6095 125.35 58.131
