0 34.4133 100.185 31.3584
1 34.8845 125.589 55.82
2 35.9332 91.6971 19.8307
3 35.5175 93.6715 22.6365
4 34.5673 99.0737 29.9391
5 33.6921 106.105 38.7208
6 34.5279 132.292 63.2362
7 36.2138 93.4165 20.9889
8 35.0635 81.7307 11.6037
9 35.0091 109.849 39.8308
10 34.5958 116.115 46.9234
11 35.2268 123.2 52.7464
12 36.3124 84.8121 12.1873
13 33.9793 107.501 39.5424
14 35.3276 107.483 36.8278
15 34.6063 141.399 72.1864
16 35.8209 83.1511 11.5093
17 37.2375 93.885 19.41
18 35.865 69.841 -1.889
19 34.1383 134.726 66.4494
20 34.1974 124.504 56.1092
21 34.0074 99.9904 31.9756
22 33.9611 67.0148 -0.9074
23 34.7485 100.246 30.749
24 34.4742 119.495 50.5466
25 35.1695 123.261 52.922
26 35.8066 74.3662 2.753
27 34.9126 89.1068 19.2816
28 34.8347 105.103 35.4336
29 35.8951 86.6877 14.8975
30 35.24 67.2508 -3.2292
31 35.4352 91.9921 21.1217
32 34.1647 102.692 34.3626
33 34.1492 58.6924 -9.606
34 34.9947 69.1644 -0.825
35 36.1327 71.1996 -1.0658
36 36.0857 49.4588 -22.7126
37 35.9828 72.6427 0.6771
38 35.9769 76.6357 4.6819
39 34.9665 59.0737 -10.8593
40 34.6503 71.7287 2.4281
41 34.2255 60.9989 -7.4521
42 34.9728 50.3797 -19.5659
43 35.7638 73.5066 1.979
44 34.8149 68.9581 -0.6717
45 35.6049 41.6455 -29.5643
46 35.0861 64.4169 -5.7553
47 35.5453 71.7867 0.6961
48 33.397 40.2182 -26.5758
49 35.0394 62.0175 -8.0613
50 34.0729 37.8393 -30.3065
51 35.1624 66.1006 -4.2242
52 33.2396 62.7317 -3.7475
53 35.0553 96.1621 26.0515
54 33.8886 48.8307 -18.9465
55 35.8934 60.1334 -11.6534
56 34.2848 72.7837 4.2141
57 34.4922 62.0788 -6.9056
58 34.6864 84.938 15.5652
59 35.1415 45.3238 -24.9592
60 34.1755 74.1107 5.7597
61 34.4279 77.5819 8.7261
62 34.0749 68.3735 0.2237
63 35.5262 73.4398 2.3874
64 34.4813 120.951 51.9884
65 35.8121 159.528 87.9038
66 35.5357 138.937 67.8656
67 37.7841 98.9499 23.3817
68 37.1088 102.66 28.4424
69 36.8531 146.876 73.1698
70 36.2395 135.008 62.529
71 35.4237 174.575 103.728
72 36.8386 152.528 78.8508
73 37.2314 157.883 83.4202
74 36.3699 164.925 92.1852
75 36.8797 147.972 74.2126
76 37.6215 136.818 61.575
77 38.3572 113.024 36.3096
78 36.4373 127.672 54.7974
79 37.0891 133.587 59.4088
80 36.219 118.183 45.745
81 37.1528 99.1097 24.8041
82 38.0638 132.919 56.7914
83 35.167 173.979 103.645
84 35.3631 170.395 99.6688
85 35.5706 124.768 53.6268
86 35.5305 142.272 71.211
87 37.7155 91.4514 16.0204
88 36.4114 170.638 97.8152
89 37.4575 109.348 34.433
90 37.6878 129.45 54.0744
91 37.6816 120.537 45.1738
92 37.9357 95.9471 20.0757
93 36.7932 89.0087 15.4223
94 37.8591 138.507 62.7888
