0 35.1817 101.576 31.2126
1 33.9636 83.6015 15.6743
2 35.4221 109.442 38.5978
3 34.9881 81.4493 11.4731
4 35.0765 112.237 42.084
5 34.9966 86.8426 16.8494
6 34.8086 122.738 53.1208
7 36.2674 126.906 54.3712
8 35.5951 80.161 8.9708
9 37.451 98.1326 23.2306
10 34.1377 92.7256 24.4502
11 34.4004 93.4581 24.6573
12 34.9023 124.74 54.9354
13 34.4553 104.9 35.9894
14 35.1325 75.5293 5.2643
15 34.4067 100.428 31.6146
16 35.2349 120.608 50.1382
17 35.3835 101.063 30.296
18 35.7109 81.2429 9.8211
19 35.3145 90.6294 20.0004
20 34.1156 113.936 45.7048
21 35.0016 124.727 54.7238
22 31.2739 106.408 43.8602
23 34.6585 93.985 24.668
24 35.2814 118.204 47.6412
25 34.1434 116.819 48.5322
26 34.0344 94.3079 26.2391
27 33.228 95.944 29.488
28 33.8359 85.8887 18.2169
29 33.6753 104.488 37.1374
30 33.5435 80.7437 13.6567
31 33.5755 80.1021 12.9511
32 34.9476 177.647 107.752
33 34.7192 143.944 74.5056
34 35.5038 141.794 70.7864
35 35.4367 147.463 76.5896
36 34.4238 152.165 83.3174
37 34.6429 158.849 89.5632
38 33.4039 145.011 78.2032
39 34.6172 147.616 78.3816
40 34.0877 146.494 78.3186
41 34.6616 155.182 85.8588
42 34.059 144.733 76.615
43 34.3861 169.592 100.82
44 34.037 153.106 85.032
45 35.2514 123.639 53.1362
46 33.0487 150.144 84.0466
47 33.7712 151.779 84.2366
48 33.251 154.736 88.234
49 32.9236 167.428 101.581
50 32.4363 159.24 94.3674
51 32.8092 144.178 78.5596
52 32.7055 168.226 102.815
53 33.1252 151.952 85.7016
54 32.0561 161.133 97.0208
55 32.779 136.32 70.762
56 33.2478 136.961 70.4654
57 33.2919 167.1 100.516
58 32.6488 146.248 80.9504
59 33.9318 146.567 78.7034
60 32.8729 155.693 89.9472
61 33.2107 143.206 76.7846
62 33.1157 147.81 81.5786
63 32.651 167.006 101.704
64 34.3597 150.729 82.0096
65 33.7944 135.82 68.2312
66 34.7665 142.475 72.942
67 36.0676 114.437 42.3018
68 35.0951 149.341 79.1508
69 34.5399 113.957 44.8772
70 34.9174 134.459 64.6242
71 35.1429 154.237 83.9512
72 34.5177 146.931 77.8956
73 34.6291 153.293 84.0348
74 33.2672 147.812 81.2776
75 34.9504 163.873 93.9722
76 33.4248 140.908 74.0584
77 33.7804 133.144 65.5832
78 33.9887 152.274 84.2966
79 33.2565 129.719 63.206
80 32.7553 136.585 71.0744
81 32.9165 132.448 66.615
82 33.6836 113.932 46.5648
83 33.3003 130.943 64.3424
84 32.8718 126.332 60.5884
85 33.3456 131.938 65.2468
86 32.9464 126.774 60.8812
87 33.7579 165.088 97.5722
88 32.6088 117.999 52.7814
89 32.5847 129.806 64.6366
90 33.0608 139.561 73.4394
91 33.1755 172.493 106.142
92 33.05 120.609 54.509
93 32.2892 134.205 69.6266
94 33.3969 141.202 74.4082
