0 36.4354 78.2909 5.4201
1 36.108 77.701 5.485
2 35.0011 68.5824 -1.4198
3 36.0991 62.2805 -9.9177
4 33.7716 74.1932 6.65
5 35.624 39.9437 -31.3043
6 36.0736 81.949 9.8018
7 36.402 68.6079 -4.1961
8 35.3899 37.6643 -33.1155
9 35.8914 65.9254 -5.8574
10 35.6399 66.1192 -5.1606
11 36.079 66.5633 -5.5947
12 36.1111 72.8067 0.5845
13 35.9352 63.2208 -8.6496
14 37.3993 84.4441 9.6455
15 36.6893 53.7399 -19.6387
16 35.435 53.1799 -17.6901
17 36.5871 74.6611 1.4869
18 35.8373 86.3691 14.6945
19 34.1862 56.7306 -11.6418
20 34.4219 73.7139 4.8701
21 34.958 76.7152 6.7992
22 34.8428 62.5843 -7.1013
23 34.8358 37.0314 -32.6402
24 33.7342 69.2284 1.76
25 35.3472 66.0506 -4.6438
26 34.5469 79.6385 10.5447
27 34.5174 71.617 2.5822
28 34.2257 63.1946 -5.2568
29 35.8104 86.8125 15.1917
30 35.1619 79.5446 9.2208
31 35.7592 86.6891 15.1707
32 32.1764 166.209 101.856
33 32.1447 150.035 85.7456
34 32.3478 171.611 106.915
35 33.2588 136.511 69.9934
36 33.8502 171.476 103.776
37 32.1424 145.745 81.4602
38 32.9718 141.916 75.9724
39 33.2359 148.907 82.4352
40 31.2026 163.468 101.063
41 32.778 186.723 121.167
42 32.4957 164.806 99.8146
43 33.631 151.504 84.242
44 34.1773 180.715 112.36
45 32.9581 169.604 103.688
46 32.6422 164.576 99.2916
47 32.6815 163.61 98.247
48 32.4033 150.308 85.5014
49 33.3581 189.086 122.37
50 31.9508 141.969 78.0674
51 31.5614 172.473 109.35
52 32.4906 148.472 83.4908
53 32.5944 145.215 80.0262
54 32.5801 149.074 83.9138
55 33.2897 152.491 85.9116
56 31.7818 143.325 79.7614
57 31.5326 151.271 88.2058
58 31.4085 138.948 76.131
59 30.7709 139.34 77.7982
60 31.5874 168.456 105.281
61 31.5808 161.227 98.0654
62 31.3749 150.162 87.4122
63 30.9579 163.302 101.386
64 30.7179 134.351 72.9152
65 34.4954 153.343 84.3522
66 33.7228 145.459 78.0134
67 30.1147 114.298 54.0686
68 34.8218 129.111 59.4674
69 33.768 168.802 101.266
70 32.4983 149.03 84.0334
71 31.8896 148.838 85.0588
72 32.738 155.915 90.439
73 32.3341 139.974 75.3058
74 31.3503 159.068 96.3674
75 32.7012 152.754 87.3516
76 31.1279 171.32 109.064
77 33.4796 154.367 87.4078
78 33.4812 111.7 44.7376
79 33.284 160.149 93.581
80 32.4178 119.35 54.5144
81 25.2492 120.978 70.4796
82 31.8679 127.013 63.2772
83 31.0538 156.601 94.4934
84 31.9983 123.458 59.4614
85 32.5092 105.009 39.9906
86 29.7032 131.862 72.4556
87 32.1307 145.76 81.4986
88 30.9773 125.623 63.6684
89 30.9022 148.848 87.0436
90 31.972 140.782 76.838
91 33.3644 101.627 34.8982
92 30.9454 155.886 93.9952
93 32.2424 153.441 88.9562
94 31.5643 158.52 95.3914
