0 36.7212 122.803 49.3606
1 34.6993 155.062 85.6634
2 35.453 139.152 68.246
3 36.158 104.719 32.403
4 36.1539 126.633 54.3252
5 35.4198 142.553 71.7134
6 35.7466 107.679 36.1858
7 34.7483 127.548 58.0514
8 35.825 138.983 67.333
9 36.3548 105.061 32.3514
10 35.1963 156.204 85.8114
11 34.9711 139.917 69.9748
12 35.6448 132.805 61.5154
13 36.3797 125.323 52.5636
14 36.8902 122.31 48.5296
15 36.5357 123.421 50.3496
16 36.0329 118.348 46.2822
17 36.0214 118.387 46.3442
18 36.3471 127.584 54.8898
19 35.3695 126.199 55.46
20 35.4773 119.767 48.8124
21 36.6694 146.937 73.5982
22 35.4462 137.114 66.2216
23 36.7419 119.506 46.0222
24 33.7238 168.265 100.817
25 35.0114 99.1458 29.123
26 36.9434 143.174 69.2872
27 36.1818 110.255 37.8914
28 36.408 119.883 47.067
29 36.9363 104.062 30.1894
30 35.5749 106.706 35.5562
31 34.9663 131.397 61.4644
32 35.6272 112.855 41.6006
33 35.9397 118.027 46.1476
34 35.2832 118.709 48.1426
35 36.7154 88.0316 14.6008
36 35.7706 142.093 70.5518
37 34.9005 129.05 59.249
38 35.9904 72.317 0.3362
39 35.6984 135.501 64.1042
40 33.5468 103.188 36.0944
41 34.6619 111.526 42.2022
42 35.9486 81.3256 9.4284
43 35.3809 146.553 75.7912
44 36.8687 96.1834 22.446
45 35.3051 88.1258 17.5156
46 35.7151 116.172 44.7418
47 34.7696 129.895 60.3558
48 33.8452 116.237 48.5466
49 35.3608 129.09 58.3684
50 33.8601 117.043 49.3228
51 33.707 138.343 70.929
52 34.8533 117.953 48.2464
53 35.3953 91.3396 20.549
54 34.9032 104.507 34.7006
55 33.8654 114.153 46.4222
56 34.4568 151.33 82.4164
57 33.2347 117.454 50.9846
58 34.2498 123.086 54.5864
59 33.7865 126.857 59.284
60 33.7403 129.817 62.3364
61 33.6368 107.021 39.7474
62 32.7161 122.449 57.0168
63 35.3334 79.4554 8.7886
64 32.4588 89.5351 24.6175
65 33.0619 107.598 41.4742
66 32.4777 106.256 41.3006
67 32.7536 110.255 44.7478
68 31.5564 99.2486 36.1358
69 32.1702 89.4348 25.0944
70 32.241 98.5054 34.0234
71 32.7943 111.014 45.4254
72 32.4415 104.417 39.534
73 32.2251 126.819 62.3688
74 31.4136 98.3851 35.5579
75 31.2854 112.566 49.9952
76 30.8257 82.9909 21.3395
77 31.1392 98.6563 36.3779
78 30.6489 109.471 48.1732
79 32.216 132.428 67.996
80 30.9411 113.079 51.1968
81 30.182 103.352 42.988
82 31.9754 125.437 61.4862
83 31.2963 77.9697 15.3771
84 30.644 106.974 45.686
85 30.4826 73.0929 12.1277
86 29.8025 88.0089 28.4039
87 30.8706 99.0976 37.3564
88 30.6042 82.7329 21.5245
89 29.7264 89.0422 29.5894
90 29.8274 93.0457 33.3909
91 29.7172 88.0635 28.6291
92 29.9903 88.2135 28.2329
93 29.3017 104.65 46.0466
94 30.088 112.038 51.862
