0 34.5444 146.774 77.6852
1 34.2395 145.342 76.863
2 33.4752 141.082 74.1316
3 34.1795 136.969 68.61
4 34.6174 100.49 31.2552
5 32.9253 153.595 87.7444
6 34.2729 154.751 86.2052
7 34.0992 183.711 115.513
8 34.4129 114.853 46.0272
9 35.0369 171.853 101.779
10 35.1244 135.164 64.9152
11 35.1007 104.206 34.0046
12 34.638 115.252 45.976
13 34.6252 132.516 63.2656
14 34.1664 98.5422 30.2094
15 34.8676 105.38 35.6448
16 34.1412 121.721 53.4386
17 33.5949 114.117 46.9272
18 34.3706 126.792 58.0508
19 34.5466 118.168 49.0748
20 34.16 111.632 43.312
21 35.2345 136.883 66.414
22 34.2564 130.332 61.8192
23 34.7377 130.404 60.9286
24 35.1518 118.963 48.6594
25 33.0434 133.852 67.7652
26 33.5919 119.482 52.2982
27 33.9806 119.972 52.0108
28 34.7627 125.138 55.6126
29 34.4336 115.584 46.7168
30 27.0463 567.715 513.622
31 34.1535 162.427 94.12
32 35.9319 161.091 89.2272
33 36.7719 184.438 110.894
34 35.7487 165.544 94.0466
35 36.3534 158.933 86.2262
36 35.2542 142.946 72.4376
37 35.7572 152.759 81.2446
38 34.9913 142.767 72.7844
39 35.8085 165.121 93.504
40 36.1579 158.12 85.8042
41 34.9897 125.367 55.3876
42 36.1465 156.999 84.706
43 35.0795 152.62 82.461
44 34.3143 136.369 67.7404
45 36.2816 165.31 92.7468
46 34.6732 157.821 88.4746
47 36.5986 161.504 88.3068
48 34.6848 152.815 83.4454
49 36.9618 170.144 96.2204
50 35.9356 147.082 75.2108
51 35.3435 155.124 84.437
52 33.8791 138.612 70.8538
53 35.3636 133.025 62.2978
54 34.2679 126.642 58.1062
55 35.8959 175.078 103.286
56 34.774 159.315 89.767
57 35.025 125.054 55.004
58 34.3904 136.227 67.4462
59 35.7045 141.631 70.222
60 35.0216 150.447 80.4038
61 35.2048 180.61 110.2
62 34.4808 160.155 91.1934
63 34.7459 152.846 83.3542
64 35.5046 68.2327 -2.7765
65 34.8585 75.1797 5.4627
66 35.5332 54.1637 -16.9027
67 35.5844 55.4776 -15.6912
68 34.5448 108.106 39.0164
69 36.5208 75.2519 2.2103
70 34.0817 100.076 31.9126
71 34.0938 63.5647 -4.6229
72 35.8759 77.6802 5.9284
73 34.9589 61.3099 -8.6079
74 34.7668 79.4424 9.9088
75 34.4619 118.173 49.2492
76 33.2856 70.845 4.2738
77 33.67 101.331 33.991
78 33.1185 88.0351 21.7981
79 35.5818 67.4034 -3.7602
80 34.6312 87.1648 17.9024
81 34.8224 81.9612 12.3164
82 35.14 48.8376 -21.4424
83 35.0924 49.3312 -20.8536
84 33.6945 36.486 -30.903
85 34.1373 63.9957 -4.2789
86 33.8972 45.0817 -22.7127
87 34.3575 69.9403 1.2253
88 32.6649 120.343 55.0132
89 34.054 58.7621 -9.3459
90 33.5852 77.1855 10.0151
91 34.1004 42.2279 -25.9729
92 32.55 65.5331 0.4331
93 34.1324 49.9853 -18.2795
94 33.6584 59.3988 -7.918
