0 35.9479 88.3254 16.4296
1 37.027 47.7173 -26.3367
2 36.0636 49.159 -22.9682
3 36.1446 64.6524 -7.6368
4 34.804 95.474 25.866
5 36.6076 73.7102 0.495
6 35.6997 29.4426 -41.9568
7 35.3441 65.0862 -5.602
8 35.1129 43.997 -26.2288
9 34.0386 79.0332 10.956
10 34.4396 89.9524 21.0732
11 34.7967 107.232 37.6386
12 34.7758 118.859 49.3074
13 35.0498 88.4969 18.3973
14 34.009 90.1776 22.1596
15 33.5849 59.4555 -7.7143
16 33.517 83.5693 16.5353
17 35.3266 44.1587 -26.4945
18 34.1631 78.1161 9.7899
19 34.6335 90.2893 21.0223
20 34.6484 98.2672 28.9704
21 34.5434 58.8794 -10.2074
22 35.5802 48.0286 -23.1318
23 33.0188 107.414 41.3764
24 33.7383 93.5143 26.0377
25 34.5498 65.743 -3.3566
26 35.0149 41.139 -28.8908
27 32.5396 92.5261 27.4469
28 32.8607 104.037 38.3156
29 35.5632 50.9655 -20.1609
30 34.0957 88.4764 20.285
31 34.7977 55.4039 -14.1915
32 34.0345 117.409 49.34
33 34.189 123.851 55.473
34 33.2021 122.875 56.4708
35 33.5426 123.251 56.1658
36 33.9134 129.973 62.1462
37 33.4262 135.364 68.5116
38 33.6639 120.611 53.2832
39 32.7398 120.416 54.9364
40 33.167 101.143 34.809
41 32.7842 124.708 59.1396
42 33.4872 137.16 70.1856
43 33.08 116.502 50.342
44 32.3677 110.639 45.9036
45 33.393 140.51 73.724
46 33.5203 117.755 50.7144
47 32.6638 141.662 76.3344
48 34.1127 122.839 54.6136
49 32.7969 116.274 50.6802
50 33.1925 135.575 69.19
51 32.2054 113.097 48.6862
52 31.4182 104.255 41.4186
53 33.0269 131.96 65.9062
54 33.5014 101.197 34.1942
55 32.1134 120.54 56.3132
56 32.7471 135.651 70.1568
57 31.8998 133.129 69.3294
58 33.0648 132.962 66.8324
59 31.787 105.465 41.891
60 32.826 109.886 44.234
61 32.4408 117.374 52.4924
62 32.7549 120.097 54.5872
63 32.6168 119.921 54.6874
64 33.4407 140.573 73.6916
65 33.8513 138.632 70.9294
66 34.9942 159.205 89.2166
67 34.4678 147.773 78.8374
68 34.696 134.605 65.213
69 33.5049 139.101 72.0912
70 33.7803 149.222 81.6614
71 34.0505 153.798 85.697
72 33.7142 131.994 64.5656
73 32.7867 162.125 96.5516
74 33.6729 165.877 98.5312
75 35.3237 163.292 92.6446
76 33.6042 151.994 84.7856
77 33.8749 151.458 83.7082
78 34.3991 152.264 83.4658
79 34.2956 142.656 74.0648
80 34.1039 153.868 85.6602
81 34.1227 138.258 70.0126
82 34.6059 154.627 85.4152
83 32.7358 163.47 97.9984
84 33.9325 155.266 87.401
85 33.6181 119.313 52.0768
86 33.0463 164.121 98.0284
87 32.774 164.253 98.705
88 34.5356 150.623 81.5518
89 32.5864 121.363 56.1902
90 33.4283 157.918 91.0614
91 33.3804 152.624 85.8632
92 34.1943 157.628 89.2394
93 32.969 130.437 64.499
94 33.2452 172.985 106.495
