0 34.1745 152.345 83.996
1 34.6126 148.147 78.9218
2 33.9128 140.862 73.0364
3 34.0037 136.192 68.1846
4 34.1509 119.3 50.9982
5 35.5701 148.703 77.5628
6 34.4981 131.978 62.9818
7 34.1555 132.064 63.753
8 33.6478 133.947 66.6514
9 34.9361 149.612 79.7398
10 33.8788 123.093 55.3354
11 35.1015 132.596 62.393
12 33.0921 143.397 77.2128
13 33.8921 141.623 73.8388
14 33.7985 167.321 99.724
15 34.2937 148.972 80.3846
16 34.0593 146.104 77.9854
17 34.2464 154.512 86.0192
18 35.0714 141.995 71.8522
19 34.0812 134.05 65.8876
20 33.7519 126.96 59.4562
21 33.1363 157.212 90.9394
22 34.5676 149.64 80.5048
23 34.0482 138.586 70.4896
24 33.8821 120.759 52.9948
25 34.2763 162.85 94.2974
26 34.5665 166.717 97.584
27 34.2263 134.259 65.8064
28 33.4676 132.436 65.5008
29 34.9819 161.571 91.6072
30 34.8589 157.064 87.3462
31 35.0451 141.406 71.3158
32 36.4411 75.6914 2.8092
33 36.5632 89.2982 16.1718
34 36.1958 87.6722 15.2806
35 37.2626 73.5833 -0.9419
36 36.0389 82.4798 10.402
37 37.3275 93.8994 19.2444
38 38.35 81.1552 4.4552
39 36.2453 79.2098 6.7192
40 35.5989 86.2757 15.0779
41 36.6351 93.05 19.7798
42 36.403 103.721 30.915
43 36.4535 96.1623 23.2553
44 35.4456 97.9198 27.0286
45 37.1224 88.983 14.7382
46 36.6701 73.8795 0.5393
47 35.6254 86.5216 15.2708
48 34.7941 81.0656 11.4774
49 34.9876 79.2242 9.249
50 34.0998 69.3134 1.1138
51 35.908 100.484 28.668
52 35.8469 92.1479 20.4541
53 37.0066 80.0848 6.0716
54 35.7819 78.6921 7.1283
55 36.1439 87.2211 14.9333
56 35.2689 89.8237 19.2859
57 34.8455 87.9661 18.2751
58 33.599 94.4468 27.2488
59 36.2458 107.372 34.8804
60 36.2164 105.161 32.7282
61 36.7574 82.9536 9.4388
62 35.7666 79.4947 7.9615
63 36.1956 69.9909 -2.4003
64 37.7671 150.595 75.0608
65 37.461 158.153 83.231
66 37.9919 148.947 72.9632
67 37.8563 130.285 54.5724
68 36.5363 150.297 77.2244
69 35.5561 159.444 88.3318
70 37.5189 156.915 81.8772
71 37.3679 134.181 59.4452
72 37.8408 150.875 75.1934
73 36.9625 159.18 85.255
74 36.8918 167.438 93.6544
75 37.1518 169.527 95.2234
76 36.4368 125.933 53.0594
77 37.7308 128 52.5384
78 38.0035 146.025 70.018
79 37.7121 149.239 73.8148
80 36.7198 143.116 69.6764
81 25.4724 105.815 54.8702
82 39.022 158.883 80.839
83 38.3909 140.251 63.4692
84 35.9402 136.269 64.3886
85 38.3135 139.063 62.436
86 35.5781 152.509 81.3528
87 36.9565 157.148 83.235
88 34.6257 118.406 49.1546
89 33.0474 132.573 66.4782
90 37.3516 146.282 71.5788
91 37.5155 165.802 90.771
92 37.5901 138.863 63.6828
93 35.8863 146.926 75.1534
94 38.1368 141.046 64.7724
