0 34.2328 107.511 39.0454
1 34.9239 132.674 62.8262
2 33.6512 122.762 55.4596
3 33.9971 102.064 34.0698
4 33.2041 111.618 45.2098
5 35.2153 124.657 54.2264
6 34.3491 99.56 30.8618
7 33.8442 108.382 40.6936
8 33.3263 87.3884 20.7358
9 32.8856 120.137 54.3658
10 33.7119 95.3568 27.933
11 34.3454 97.8211 29.1303
12 33.6838 88.3934 21.0258
13 33.7169 97.1313 29.6975
14 33.1403 103.56 37.2794
15 32.6596 124.489 59.1698
16 34.3566 81.3502 12.637
17 34.493 105.056 36.07
18 33.2922 112.009 45.4246
19 32.9059 84.3874 18.5756
20 33.0644 89.9614 23.8326
21 33.2496 106.568 40.0688
22 32.4159 73.9285 9.0967
23 33.1924 102.332 35.9472
24 33.1751 89.2357 22.8855
25 31.9025 98.5753 34.7703
26 32.923 121.493 55.647
27 31.5275 95.0251 31.9701
28 31.9277 116.876 53.0206
29 31.3481 88.8683 26.1721
30 31.7631 87.0527 23.5265
31 32.1466 101.723 37.4298
32 32.006 125.118 61.106
33 33.013 130.287 64.261
34 32.8128 145.17 79.5444
35 31.7659 136.868 73.3362
36 31.888 148.032 84.256
37 31.4481 169.836 106.94
38 31.9635 147.054 83.127
39 32.0698 140.355 76.2154
40 31.5463 160.789 97.6964
41 32.4031 152.01 87.2038
42 32.574 131.073 65.925
43 31.7808 126.883 63.3214
44 32.1051 129.665 65.4548
45 31.2814 134.217 71.6542
46 32.5592 151.086 85.9676
47 31.5769 157.315 94.1612
48 31.4571 139.426 76.5118
49 31.9822 130.663 66.6986
50 30.8904 134.327 72.5462
51 31.1932 171.528 109.142
52 30.4428 152.788 91.9024
53 33.0774 155.095 88.9402
54 30.5291 138.802 77.7438
55 30.6106 147.319 86.0978
56 29.4257 143.117 84.2656
57 30.6958 155.246 93.8544
58 30.0518 154.168 94.0644
59 30.4543 122.098 61.1894
60 31.0107 178.649 116.628
61 30.2122 124.483 64.0586
62 30.5745 146.473 85.324
63 31.4871 151.855 88.8808
64 32.9022 95.0526 29.2482
65 31.82 87.7513 24.1113
66 32.9331 85.9748 20.1086
67 31.0885 82.7671 20.5901
68 31.3605 66.1162 3.3952
69 31.7259 78.4406 14.9888
70 31.6911 64.8604 1.4782
71 30.7183 75.0566 13.62
72 31.5261 74.5666 11.5144
73 31.7391 66.3004 2.8222
74 31.5909 71.9796 8.7978
75 31.2244 67.4873 5.0385
76 31.3041 80.0103 17.4021
77 31.6554 93.5912 30.2804
78 31.4049 79.5742 16.7644
79 32.0786 80.086 15.9288
80 31.5957 61.0827 -2.1087
81 30.117 76.6489 16.4149
82 32.0731 96.6843 32.5381
83 30.9877 92.374 30.3986
84 30.4942 80.7079 19.7195
85 31.4268 87.7864 24.9328
86 30.5487 94.8278 33.7304
87 30.6266 90.1581 28.9049
88 30.7267 54.8514 -6.602
89 30.6989 75.3942 13.9964
90 31.799 73.3806 9.7826
91 29.892 80.2035 20.4195
92 29.7711 90.1259 30.5837
93 31.9734 106.484 42.5372
94 31.6551 98.9966 35.6864
