0 35.855 119.618 47.908
1 36.4343 129.584 56.7154
2 36.2809 94.6112 22.0494
3 35.1367 97.2339 26.9605
4 35.5812 131.596 60.4336
5 35.3714 126.05 55.3072
6 36.5538 120.649 47.5414
7 37.2314 110.283 35.8202
8 37.1021 142.261 68.0568
9 36.6557 143.924 70.6126
10 35.7495 146.317 74.818
11 35.5291 104.076 33.0178
12 35.9671 104.338 32.4038
13 36.245 105.641 33.151
14 36.2246 128.021 55.5718
15 35.3034 116.545 45.9382
16 34.7259 128.398 58.9462
17 35.8737 120.681 48.9336
18 35.1616 108.938 38.6148
19 36.8074 143.72 70.1052
20 34.9813 122.922 52.9594
21 35.9527 122.241 50.3356
22 35.1459 121.034 50.7422
23 35.6209 82.2398 10.998
24 35.0686 112.61 42.4728
25 35.401 118.983 48.181
26 35.5619 126.549 55.4252
27 35.5458 120.917 49.8254
28 36.8131 122.468 48.8418
29 36.2475 127.091 54.596
30 35.4857 108.268 37.2966
31 36.6046 113.153 39.9438
32 36.8876 57.2695 -16.5057
33 37.3883 68.5124 -6.2642
34 36.7782 42.8306 -30.7258
35 37.7724 64.7165 -10.8283
36 37.5857 59.7338 -15.4376
37 36.8856 64.8534 -8.9178
38 37.6813 58.0564 -17.3062
39 37.6211 38.6153 -36.6269
40 37.6143 43.1554 -32.0732
41 38.797 56.4683 -21.1257
42 37.6175 71.4606 -3.7744
43 39.035 56.3828 -21.6872
44 38.6886 46.8111 -30.5661
45 36.6537 60.5531 -12.7543
46 37.1485 70.2405 -4.0565
47 39.1827 38.2149 -40.1505
48 36.3243 39.988 -32.6606
49 38.0269 73.614 -2.4398
50 36.7489 45.2369 -28.2609
51 36.0415 49.6997 -22.3833
52 35.8916 49.2279 -22.5553
53 36.7168 56.5335 -16.9001
54 35.5964 61.4126 -9.7802
55 38.5064 65.0872 -11.9256
56 37.4057 44.0538 -30.7576
57 38.5886 71.5266 -5.6506
58 35.9666 63.8426 -8.0906
59 36.7546 66.8108 -6.6984
60 36.367 50.2402 -22.4938
61 35.9564 65.1293 -6.7835
62 37.4884 57.1969 -17.7799
63 38.0478 42.5227 -33.5729
64 36.3266 145.479 72.8258
65 36.606 144.159 70.947
66 34.9467 114.07 44.1766
67 37.9948 96.0601 20.0705
68 35.7592 137.166 65.6476
69 36.4904 96.4896 23.5088
70 36.5085 109.038 36.021
71 35.686 106.472 35.1
72 37.5123 98.6179 23.5933
73 36.0594 142.277 70.1582
74 36.5413 73.2651 0.1825
75 35.9523 148.76 76.8554
76 37.3635 84.5966 9.8696
77 37.1133 92.4123 18.1857
78 35.2681 147.597 77.0608
79 35.6159 108.041 36.8092
80 36.4907 77.7796 4.7982
81 36.719 93.5048 20.0668
82 34.4151 110.437 41.6068
83 35.8878 94.7631 22.9875
84 34.9115 111.645 41.822
85 35.3567 123.948 53.2346
86 36.072 94.0037 21.8597
87 34.8324 110.648 40.9832
88 35.2102 77.2962 6.8758
89 34.0773 116.414 48.2594
90 34.3646 73.0835 4.3543
91 35.7086 91.979 20.5618
92 34.0161 118.097 50.0648
93 34.493 125.16 56.174
94 34.8817 117.739 47.9756
