0 33.5938 126.834 59.6464
1 32.4106 106.124 41.3028
2 33.3777 113.009 46.2536
3 33.5551 125.326 58.2158
4 32.8111 115.993 50.3708
5 34.5292 115.332 46.2736
6 32.4615 112.146 47.223
7 32.7353 132.31 66.8394
8 31.3029 111.616 49.0102
9 31.733 112.018 48.552
10 33.3247 142.627 75.9776
11 33.9178 115.036 47.2004
12 31.6499 97.9893 34.6895
13 32.5163 106.081 41.0484
14 33.0235 116.069 50.022
15 32.7794 108.332 42.7732
16 32.5137 138.634 73.6066
17 31.8244 115.39 51.7412
18 32.511 108.68 43.658
19 33.6899 134.792 67.4122
20 31.5598 101.737 38.6174
21 32.3882 128.995 64.2186
22 33.5578 141.444 74.3284
23 32.2696 107.464 42.9248
24 32.8306 123.89 58.2288
25 31.8794 100.809 37.0502
26 33.1596 110.001 43.6818
27 32.9941 140.893 74.9048
28 32.9465 127.706 61.813
29 32.7987 124.385 58.7876
30 34.1015 117.154 48.951
31 33.3071 133.576 66.9618
32 32.4876 141.45 76.4748
33 32.0212 136.073 72.0306
34 32.882 171.834 106.07
35 33.6835 142.247 74.88
36 33.096 154.014 87.822
37 32.1526 163.5 99.1948
38 32.56 151.679 86.559
39 32.5484 138.455 73.3582
40 30.7111 154.594 93.1718
41 31.4871 153.156 90.1818
42 32.9911 188.766 122.784
43 32.293 160.158 95.572
44 30.7154 142.319 80.8882
45 31.5055 164.531 101.52
46 33.3115 157.522 90.899
47 31.4182 164.204 101.368
48 30.1004 140.507 80.3062
49 30.6768 152.799 91.4454
50 32.8266 140.781 75.1278
51 33.3993 169.68 102.881
52 31.7144 160.997 97.5682
53 31.5174 151.301 88.2662
54 32.0931 145.441 81.2548
55 32.216 153.989 89.557
56 31.8392 156.83 93.1516
57 30.9731 137.448 75.5018
58 31.8036 149.449 85.8418
59 33.1313 155.944 89.6814
60 31.3751 143.119 80.3688
61 31.1795 137.445 75.086
62 31.7512 149.928 86.4256
63 32.2504 161.528 97.0272
64 33.2657 98.772 32.2406
65 32.3204 46.1877 -18.4531
66 33.4004 86.5304 19.7296
67 33.2264 105.404 38.9512
68 33.1418 111.764 45.4804
69 32.7994 86.3682 20.7694
70 33.9189 96.2974 28.4596
71 32.7404 93.0391 27.5583
72 32.6103 94.2042 28.9836
73 32.8707 93.2284 27.487
74 33.7348 114.341 46.8714
75 32.6782 88.586 23.2296
76 30.7987 67.9963 6.3989
77 32.1725 91.3032 26.9582
78 33.394 89.368 22.58
79 32.363 82.5456 17.8196
80 31.7811 90.9214 27.3592
81 31.4889 96.4703 33.4925
82 32.6651 84.5636 19.2334
83 32.9826 121.443 55.4778
84 31.9652 86.6951 22.7647
85 32.475 99.9694 35.0194
86 32.4334 91.0341 26.1673
87 33.4028 109.518 42.7124
88 32.5728 81.9833 16.8377
89 32.3131 88.0006 23.3744
90 33.9618 109.67 41.7464
91 33.6174 118.15 50.9152
92 32.9803 67.4885 1.5279
93 33.3697 118.361 51.6216
94 32.7103 125.61 60.1894
95 34.0226 96.1769 28.1317
