0 33.6303 123.645 56.3844
1 33.0804 159.774 93.6132
2 33.5711 135.928 68.7858
3 34.098 140.216 72.02
4 33.4619 142.483 75.5592
5 33.8954 135.099 67.3082
6 34.6102 149.203 79.9826
7 34.4411 147.365 78.4828
8 33.6124 148.173 80.9482
9 34.3051 140.63 72.0198
10 34.8868 131.637 61.8634
11 34.876 138.96 69.208
12 34.7139 147.783 78.3552
13 35.8185 135.351 63.714
14 35.3753 142.234 71.4834
15 36.3429 140.657 67.9712
16 35.0012 136.55 66.5476
17 34.7711 133.539 63.9968
18 34.555 129.777 60.667
19 34.6885 156.406 87.029
20 35.5766 175.341 104.188
21 34.1785 164.762 96.405
22 34.3917 160.229 91.4456
23 34.9824 127.027 57.0622
24 35.2951 157.363 86.7728
25 35.7965 129.781 58.188
26 35.4016 150.194 79.3908
27 35.2143 166.167 95.7384
28 35.5706 148.3 77.1588
29 35.5423 154.073 82.9884
30 35.5962 155.168 83.9756
31 35.0785 133.072 62.915
32 35.1801 66.6615 -3.6987
33 35.2622 83.5171 12.9927
34 36.225 80.6778 8.2278
35 34.3315 55.7812 -12.8818
36 35.3357 101.887 31.2156
37 35.8888 83.112 11.3344
38 36.3797 110.291 37.5316
39 37.1726 99.5265 25.1813
40 34.0193 76.2639 8.2253
41 34.924 51.8924 -17.9556
42 34.6695 93.1627 23.8237
43 34.3543 73.3652 4.6566
44 32.9853 59.9567 -6.0139
45 33.6004 87.5292 20.3284
46 33.4132 60.9591 -5.8673
47 35.2552 102.582 32.0716
48 33.7601 62.1801 -5.3401
49 33.0827 56.1276 -10.0378
50 34.6093 77.4302 8.2116
51 33.1856 85.5432 19.172
52 33.6547 75.4041 8.0947
53 33.3077 77.7484 11.133
54 33.6546 60.2252 -7.084
55 34.556 97.2664 28.1544
56 32.2272 67.9798 3.5254
57 33.3349 61.6656 -5.0042
58 33.8834 81.0287 13.2619
59 32.6487 80.6127 15.3153
60 32.8733 75.5271 9.7805
61 31.7633 84.4324 20.9058
62 32.4456 76.3139 11.4227
63 32.1741 82.9139 18.5657
