0 34.8766 151.436 81.6828
1 35.8338 136.014 64.3464
2 36.0362 148.616 76.5436
3 36.6113 155.657 82.4344
4 37.1527 130.941 56.6356
5 37.6034 165.319 90.1122
6 36.1546 144.408 72.0988
7 37.9166 160.596 84.7628
8 36.9187 174.327 100.49
9 36.0874 171.263 99.0882
10 36.3923 141.685 68.9004
11 37.8526 148.971 73.2658
12 35.8731 160.412 88.6658
13 37.3029 179.505 104.899
14 36.4868 162.625 89.6514
15 37.3142 172.018 97.3896
16 36.7636 198.959 125.432
17 35.6835 176.122 104.755
18 36.4634 163.362 90.4352
19 37.7901 156.637 81.0568
20 35.9863 138.269 66.2964
21 35.5173 141.447 70.4124
22 35.4008 172.866 102.064
23 35.8583 158.376 86.6594
24 34.6587 181.302 111.985
25 36.8189 143.588 69.9502
26 33.8899 174.301 106.521
27 36.2258 125.446 52.9944
28 36.9372 154.959 81.0846
29 35.6076 136.263 65.0478
30 35.1472 161.217 90.9226
31 37.0366 173.276 99.2028
32 36.9915 134.943 60.96
33 37.5864 139.929 64.7562
34 36.587 130.955 57.781
35 36.9536 125.949 52.0418
36 36.7224 128.29 54.8452
37 36.5386 119.031 45.9538
38 38.1133 125.486 49.2594
39 36.8321 139.878 66.2138
40 36.7129 131.044 57.6182
41 37.6217 115.471 40.2276
42 37.5181 124.907 49.8708
43 36.4061 104.043 31.2308
44 36.2234 136.705 64.2582
45 37.4496 134.979 60.0798
46 35.9985 121.968 49.971
47 36.8865 137.03 63.257
48 35.2008 97.7046 27.303
49 36.289 126.746 54.168
50 36.8615 140.794 67.071
51 35.7896 104.356 32.7768
52 36.0728 151.573 79.4274
53 36.7716 125.698 52.1548
54 35.6063 117.591 46.3784
55 37.0093 124.383 50.3644
56 34.6946 119.128 49.7388
57 35.7624 118.456 46.9312
58 34.3163 120.881 52.2484
59 34.9886 116.157 46.1798
60 34.8534 112.336 42.6292
61 35.3368 99.1736 28.5
62 34.1198 134.016 65.7764
63 35.4302 125.137 54.2766
64 35.4549 129.731 58.8212
65 34.7548 134.084 64.5744
66 36.1264 161.803 89.5502
67 35.6038 112.499 41.2914
68 35.4605 151.287 80.366
69 36.35 136.105 63.405
70 35.2881 145.431 74.8548
71 35.6273 140.462 69.2074
72 34.4107 119.029 50.2076
73 36.204 134.877 62.469
74 33.9562 123.992 56.0796
75 35.432 133.614 62.75
76 34.6049 135.566 66.3562
77 35.496 146.769 75.777
78 34.3119 143.88 75.2562
79 26.7258 92.5584 39.1068
80 35.0985 135.247 65.05
81 34.6464 130.479 61.1862
82 34.7692 118.087 48.5486
83 33.9278 116.43 48.5744
84 33.3987 136.891 70.0936
85 34.4266 138.97 70.1168
86 33.3002 135.201 68.6006
87 36.1046 142.943 70.7338
88 34.1304 116.502 48.2412
89 33.5527 121.108 54.0026
90 34.0293 135.872 67.8134
91 33.3451 130.28 63.5898
92 34.2731 122.878 54.3318
93 33.4859 141.045 74.0732
94 34.0117 144.673 76.6496
