0 33.3281 111.012 44.3558
1 34.173 107.433 39.087
2 33.9804 107.721 39.7602
3 34.7445 119.643 50.154
4 33.3063 90.1665 23.5539
5 34.3868 107.51 38.7364
6 33.3243 129.031 62.3824
7 28.8115 112.781 55.158
8 33.0525 113.164 47.059
9 34.7095 110.338 40.919
10 32.941 121.016 55.134
11 33.733 103.748 36.282
12 33.7839 113.627 46.0592
13 33.8301 92.5728 24.9126
14 33.7853 100.717 33.1464
15 33.8319 108.622 40.9582
16 33.6033 116.065 48.8584
17 34.9145 123.466 53.637
18 33.0413 99.7001 33.6175
19 35.1722 100.806 30.4616
20 34.0571 122.998 54.8838
21 33.2642 105.904 39.3756
22 33.1895 122.486 56.107
23 33.0796 105.416 39.2568
24 32.403 112.759 47.953
25 32.6971 86.063 20.6688
26 32.8978 116.191 50.3954
27 33.7563 112.869 45.3564
28 32.5613 117.02 51.8974
29 33.8023 99.2721 31.6675
30 32.6353 77.0135 11.7429
31 33.0671 104.533 38.3988
32 35.0266 107.339 37.2858
33 35.9929 110.945 38.9592
34 35.1083 132.271 62.0544
35 34.2321 94.974 26.5098
36 34.9006 131.744 61.9428
37 34.198 118.003 49.607
38 34.9016 113.377 43.5738
39 34.2908 108.969 40.3874
40 34.8407 111.304 41.6226
41 35.5793 133.078 61.9194
42 34.725 126.982 57.532
43 34.9781 109.409 39.4528
44 34.4779 118.633 49.6772
45 35.6604 118.162 46.8412
46 33.7971 102.842 35.2478
47 29.6769 100.971 41.6172
48 33.6368 116.931 49.6574
49 33.8194 98.9565 31.3177
50 32.3649 108.386 43.6562
51 33.6709 104.902 37.5602
52 32.2063 112.414 48.0014
53 33.9917 136.258 68.2746
54 33.8407 139.178 71.4966
55 33.7818 126.372 58.8084
56 32.8654 131.922 66.1912
57 32.8167 113.406 47.7726
58 34.9318 148.331 78.4674
59 33.1048 125.283 59.0734
60 34.4095 149.155 80.336
61 33.1846 106.543 40.1738
62 33.3261 156.214 89.5618
63 33.6893 132.24 64.8614
64 34.0142 70.7324 2.704
65 34.7372 88.5999 19.1255
66 34.5153 74.6412 5.6106
67 33.6912 85.7035 18.3211
68 33.1575 52.1871 -14.1279
69 32.6295 63.4834 -1.7756
70 32.8818 50.8623 -14.9013
71 33.9409 79.0153 11.1335
72 32.7514 54.2548 -11.248
73 33.6311 79.4672 12.205
74 34.4683 47.2171 -21.7195
75 34.0808 47.5656 -20.596
76 33.5925 51.3209 -15.8641
77 33.466 94.0534 27.1214
78 31.9723 44.8328 -19.1118
79 34.208 85.9679 17.5519
80 33.2858 66.874 0.3024
81 33.4057 69.9799 3.1685
82 32.4098 77.6563 12.8367
83 33.8282 84.0018 16.3454
84 32.7675 80.7883 15.2533
85 32.57 58.3644 -6.7756
86 33.6902 81.684 14.3036
87 32.0956 88.6675 24.4763
88 31.8673 71.9221 8.1875
89 33.2634 103.97 37.4432
90 33.5385 77.874 10.797
91 32.2949 57.21 -7.3798
92 32.0305 34.5031 -29.5579
93 33.4108 65.6629 -1.1587
94 32.467 68.9752 4.0412
