0 112.976 3.53743 582.487 -238.646 40.4135 -2.48082 0.062498 -2428.96 220.067
1 111.89 12.2464 430.427 -139.599 22.7023 -1.18452 0.0299828 -2752.63 243.978
2 115.011 5.54234 582.169 -231.26 38.9868 -2.38648 0.0607184 -2411.44 219.498
3 97.5117 10.3788 473.393 -174.23 28.9245 -1.62833 0.0405975 -2546.98 228.557
4 97.334 11.7464 413.438 -138.688 22.517 -1.18604 0.0300895 -2394.18 218.021
5 104.695 7.42729 562.614 -223.508 37.917 -2.32934 0.0600828 -2423.29 221.742
6 122.267 6.22853 598.292 -236.204 40.3833 -2.53677 0.0658635 -2509.1 226.938
7 116.001 7.3043 574.641 -223.907 37.8324 -2.29835 0.0583634 -2624.29 233.119
8 114.04 8.38483 392.812 -119.04 16.7272 -0.505347 0.00258492 -514.579 85.4902
9 112.788 6.5516 576.263 -227.731 38.5671 -2.37257 0.0605298 -2577.75 228.707
10 108.886 5.14385 543.475 -212.643 35.2 -2.08904 0.0526007 -2746.7 236.647
11 107.714 7.58479 524.108 -202.046 34.2469 -2.0828 0.0540889 -2869.36 247.025
12 118.587 6.86775 502.146 -184.811 30.841 -1.81649 0.0462953 -2517.84 222.176
13 98.0492 8.219 502.6 -193.153 32.2252 -1.88274 0.0478035 -2709.63 238.358
14 121.379 4.82117 556.183 -216.918 36.5936 -2.23308 0.0570338 -2497.49 221.63
15 111.86 6.59475 533.49 -205.855 34.7485 -2.11815 0.0551358 -2683.31 235.78
16 73.353 14.9419 275.62 -73.6037 10.8582 -0.296033 0.00657333 -2251.24 209.655
17 73.9599 14.107 256.037 -63.9673 9.0693 -0.185099 0.004691 -2754.85 242.675
18 78.1333 12.2867 354.629 -120.131 19.8569 -1.04217 0.0281514 -2518.25 226.943
19 99.4565 13.6305 356.401 -105.748 16.8777 -0.771466 0.0198329 -2607.02 234.894
20 110.438 14.5806 394.316 -119.202 19.7504 -1.02257 0.0270467 -2678.89 237.645
21 144.723 5.71317 333.04 -89.2175 13.845 -0.54698 0.013509 -2872.95 248.123
22 95.363 14.7852 452.568 -155.554 26.228 -1.50913 0.0394958 -2834.62 244.399
23 80.9949 10.6924 381.842 -135.126 22.2859 -1.20438 0.0317913 -2758.54 240.946
24 104.36 12.1696 397.003 -126.577 20.2444 -0.973655 0.0237367 -2844.38 249.11
25 90.2446 8.64569 463.893 -175.628 28.9514 -1.62845 0.0407289 -2783.14 240.474
26 103.531 10.7322 475.276 -173.877 29.5285 -1.73983 0.0456196 -2897.56 250.947
27 131.778 7.67972 491.687 -169.451 27.6667 -1.53625 0.0389239 -2568.6 229.962
28 107.704 9.12227 489.587 -183.685 31.6881 -1.95925 0.0528998 -2770.97 244.205
29 122.424 7.11753 533.902 -201.521 34.3826 -2.11764 0.0558374 -2607.28 231.212
30 104.967 11.2586 425.414 -143.815 23.5196 -1.23285 0.030852 -2704.74 240.257
31 116.862 4.53369 307.063 -90.7095 13.6115 -0.492357 0.0115679 -2914.43 249.08
32 3.14902 15.5771 -16.0075 38.3626 -8.47961 1.05606 -0.0249348 -3112.26 261.467
33 13.5463 15.9265 92.1293 -7.54623 -1.14254 0.613874 -0.0168098 -2759.5 242.253
34 14.4211 14.933 270.93 -105.106 17.1035 -0.793303 0.0206743 -2828.93 245.03
35 -18.0491 17.3917 -155.449 107.073 -21.5739 2.09776 -0.0542632 -2734.54 237.333
36 29.252 16.0891 167.933 -37.7894 4.31531 0.202414 -0.00661023 -2797.13 241.135
37 20.341 13.955 221.724 -78.0604 11.9649 -0.378338 0.00913271 -2747.24 239.356
38 70.0639 8.83007 459.887 -183.916 30.5063 -1.74698 0.0440099 -2380.5 217.373
39 32.6057 15.0902 225.684 -71.972 11.0241 -0.313069 0.00734669 -3061.77 259.402
40 9.54996 16.708 -170.513 124.042 -24.1634 2.27559 -0.0597037 -2964.42 253.101
41 -10.3732 15.5298 -79.5838 63.4158 -12.9822 1.40312 -0.0348346 -3215.66 266.626
42 0.592405 21.9221 -38.3428 64.1937 -13.2275 1.43305 -0.0363822 -2465.78 222.503
43 2.91367 17.1448 -159.972 116.685 -22.7477 2.15129 -0.0559159 -2425.44 216.342
44 -6.72784 18.3499 133.712 -32.105 3.54549 0.19519 -0.00487042 -3021.2 251.113
45 29.716 17.0803 114.15 -5.63369 -1.45754 0.588854 -0.0150983 -2987.02 252.214
46 -11.0112 18.0823 -122.294 93.1608 -18.7529 1.87197 -0.0488929 -3099.6 256.369
47 45.7148 12.9441 294.639 -103.342 16.4927 -0.746697 0.0189412 -2558 226.183
48 -21.0395 21.4047 -99.3077 84.4422 -17.2136 1.75981 -0.0457881 -2661.35 232.828
49 -13.2133 19.3685 65.531 1.70095 -2.5534 0.658232 -0.0167444 -2637.63 229.639
50 0.998178 18.4519 -80.6329 79.6283 -16.2929 1.6785 -0.043637 -2653.85 229.806
51 -2.32372 21.7283 -52.3302 70.0575 -14.2716 1.4967 -0.038323 -2403.69 214.397
52 -3.14409 20.0912 -108.115 95.9608 -19.5075 1.95015 -0.0517154 -2411.61 215.562
53 -7.65838 21.7168 -129.584 109.121 -21.7846 2.10008 -0.0550246 -2705.17 233.163
54 -34.6263 23.175 -66.7894 65.9937 -13.837 1.49006 -0.0390184 -2909.41 242.417
55 8.02791 21.8435 48.7028 22.0456 -5.42466 0.841 -0.0213116 -2883.65 244.723
56 7.71201 18.0816 147.897 -29.3969 2.54283 0.294396 -0.00758646 -2622.05 227.358
57 -23.0741 21.4477 -153.268 112.963 -22.5693 2.16167 -0.0559789 -2263.7 206.853
58 -5.92623 21.7753 -54.2409 66.8155 -13.3373 1.41353 -0.0350869 -2776.31 239.139
59 -2.99543 22.1592 5.55086 43.8761 -10.0717 1.21867 -0.0318035 -2817.12 240.157
60 -18.6451 23.6095 -92.5185 88.6025 -17.8219 1.76083 -0.0442914 -2908.02 245.393
61 -6.21469 22.782 -5.6406 46.9004 -10.0001 1.14666 -0.0277479 -2718.94 235.22
62 14.3832 18.6403 115.791 -10.1709 -0.753315 0.547127 -0.0137419 -2518.29 227.386
63 1.43872 22.0214 28.3501 35.8976 -8.97262 1.16001 -0.0304627 -2685.27 234.601
