0 164.486 12.5731 355.903 -63.5979 7.21538 0.0576598 0.000187887 -2539.03 248.035
1 203.217 7.17073 568.053 -168.856 26.4678 -1.3739 0.0365545 -2618.54 252.936
2 160.821 9.36559 414.372 -105.58 14.9655 -0.506781 0.0140017 -2564.41 250.067
3 149.803 9.43249 453.945 -131.409 19.4297 -0.808296 0.0211481 -2513.32 245.707
4 159.868 6.39226 475.273 -143.079 21.5321 -1.0037 0.0270446 -2773.12 259.666
5 187.008 6.38498 564.708 -176.251 27.3916 -1.39551 0.0359378 -2632.53 253.708
6 175.075 9.29375 488.391 -136.27 20.3072 -0.878011 0.0231499 -2606.06 254.032
7 130.971 17.0534 380.87 -86.069 11.9867 -0.331565 0.010435 -2355.34 236.261
8 72.208 25.9213 467.641 -135.596 20.8187 -0.98126 0.0271059 -2658.51 254.061
9 159.098 12.3769 438.165 -113.288 16.6694 -0.644286 0.0176785 -2646.13 254.271
10 155.528 13.1627 333.415 -58.7595 7.03975 0.0353033 0.000520416 -2560.46 246.369
11 185.849 8.99995 447.739 -111.976 16.4576 -0.650945 0.0179648 -2531.76 246.004
12 152.395 11.7859 482.961 -137.967 20.6982 -0.930016 0.0245211 -2504.24 243.639
13 150.811 12.8356 291.29 -40.3469 3.68955 0.28226 -0.00542087 -2597.08 249.444
14 129.009 16.4005 358.978 -77.1323 10.3917 -0.220499 0.0073674 -2582.99 247.491
15 134.479 16.4325 333.996 -62.5145 8.00929 -0.0665465 0.00431352 -2238.56 228.437
16 113.196 16.5733 801.312 -338.016 61.287 -4.17653 0.112648 -3069.46 286.089
17 149.27 12.1672 442.416 -119.569 17.8657 -0.768587 0.0212927 -2574.51 246.86
18 157.969 15.8858 319.007 -48.1826 6.06323 0.0380948 0.00230795 -2560.74 248.497
19 148.411 9.1936 401.108 -108.23 15.8415 -0.585833 0.0160482 -2585.75 248.174
20 114.268 16.6351 195.335 -2.60086 -2.34595 0.639321 -0.0122787 -2563.21 246.005
21 -180.771 75.7254 290.868 -41.6134 4.07753 0.243284 -0.00457379 -2541.99 243.972
22 105.945 25.2935 343.158 -49.1575 4.34623 0.260305 -0.00508184 -2404.43 238.762
23 118.928 20.9134 362.741 -66.5244 7.92391 -0.0461408 0.00359824 -2539.54 244.278
24 -143.84 69.3497 500.54 -122.569 15.7897 -0.519604 0.0139891 -2520.16 243.757
25 132.783 18.43 288.955 -30.9123 1.75003 0.420498 -0.00903288 -2447.25 238.559
26 142.552 11.6775 319.642 -61.5338 7.56372 -0.0304603 0.00329166 -2659.89 250.895
27 135.702 10.4334 342.847 -80.8388 11.052 -0.277802 0.00971529 -2712.76 258.008
28 121.702 21.9685 491.224 -112.308 13.8843 -0.380788 0.00983431 -2439.84 235.972
29 132.576 17.741 231.211 -6.20399 -2.11657 0.649029 -0.0133124 -2500.19 242.344
30 137.91 23.814 323.924 -29.1168 0.907914 0.518985 -0.0117996 -2389.89 239.786
31 116.217 21.1274 366.584 -63.4569 6.40132 0.131257 -0.00210644 -2447.03 239.903
32 98.1941 17.7991 262.834 -45.0987 5.03354 0.183002 -0.00174728 -2734.95 262.629
33 95.3404 18.9043 193.812 -5.04121 -2.42485 0.713018 -0.0146972 -2758.39 261.99
34 105.619 22.2904 201.052 2.79253 -3.57225 0.809996 -0.0179948 -2882.96 271.83
35 93.5498 16.6823 299.154 -69.3178 9.4439 -0.141204 0.00591063 -2750.02 261.852
36 73.6942 19.1946 231.473 -30.0722 1.58461 0.421243 -0.00716325 -2913.52 270.327
37 82.4333 22.8186 124.396 27.0242 -7.17116 1.02806 -0.0223074 -2799.95 266.519
38 104.791 21.7842 249.573 -16.3114 -1.00662 0.632154 -0.0136339 -2844.82 265.737
39 94.2176 20.6789 180.458 2.56005 -3.16915 0.736055 -0.014882 -2571.62 251.552
40 -19.434 42.0797 589.085 -172.983 23.2383 -0.915819 0.0212358 -2760.42 260.957
41 146.711 8.40885 183.05 -4.99592 -1.66055 0.594479 -0.00992843 -2675.76 259.059
42 108.74 19.4602 286.284 -44.4005 4.39341 0.264547 -0.00478415 -2497.48 247.654
43 97.7892 19.5199 165.426 12.8372 -5.80201 0.986389 -0.0222837 -2552.14 251.033
44 77.7603 19.6799 169.129 -5.17531 -1.33759 0.567076 -0.0103036 -2708.89 257.195
45 83.172 20.8945 176.084 4.16002 -4.10526 0.828292 -0.0171965 -2710.71 260.795
46 98.196 19.0246 276.187 -35.8922 1.82476 0.465585 -0.0102305 -2723.57 258.219
47 105.685 16.0477 524.648 -150.364 19.8776 -0.739731 0.0181129 -2880.83 266.844
48 157.146 11.4021 456.391 -117.253 16.0218 -0.531242 0.0138697 -2381.22 239.371
49 135.149 9.02241 280.157 -53.6234 6.24754 0.0604697 0.00173895 -2638.97 252.389
50 123.567 20.2943 181.443 16.0067 -5.58362 0.909599 -0.0197222 -2414.13 241.245
51 7.09841 37.6109 346.696 -76.456 10.5283 -0.244563 0.00881522 -2988.34 273.044
52 -229.133 78.7607 264.623 -38.4758 2.99356 0.351141 -0.00701208 -2718.26 257.339
53 108.362 20.7985 225.237 -9.00527 -1.72638 0.675221 -0.0150936 -2794.93 263.253
54 112.828 16.1097 222.865 -17.5159 -0.238805 0.55718 -0.0117104 -2651.46 252.614
55 115.91 20.3282 171.28 18.8927 -6.29396 0.970471 -0.0211228 -2576.78 251.799
56 130.063 16.7397 419.499 -99.6291 13.3008 -0.374064 0.0111603 -2697.09 258.364
57 -113.692 56.2441 471.364 -147.839 22.3122 -1.01285 0.0262096 -2806.45 263.695
58 150.929 9.33296 440.329 -126.236 19.0741 -0.849093 0.024195 -2803.04 265.096
59 130.938 11.6236 359.986 -85.0374 11.1764 -0.258191 0.00859362 -2667.78 253.229
60 -136.793 66.3257 351.361 -70.3185 8.84366 -0.079815 0.00399721 -2820.67 265.756
61 132.105 12.6096 393.011 -93.4868 12.0555 -0.312567 0.00998516 -2831.48 262.003
62 -47.7648 47.2193 456.214 -131.255 19.7396 -0.872212 0.0242111 -2820.58 266.365
63 131.962 15.2177 441.281 -114.905 16.153 -0.581884 0.016157 -2960.34 275.181
64 197.835 -1.64815 361.605 -77.8093 8.56584 0.00241529 0.00101776 -2780.44 260.611
65 5.38141 32.9173 418.168 -104.438 12.2415 -0.221496 0.00590166 -3013.43 273.256
66 91.4464 18.0665 145.732 13.4095 -5.33905 0.90372 -0.0191501 -2849.51 267.829
67 119.087 17.5491 342.02 -55.2038 4.02974 0.370693 -0.00855932 -2651.4 255.747
68 78.8837 22.9102 394.939 -84.0876 8.61074 0.0678335 -0.00193588 -2887.01 269.967
69 71.8128 16.4404 143.863 5.04885 -4.14764 0.776837 -0.0150593 -2811.13 260.628
70 168.362 -1.77512 145.795 6.10589 -4.9449 0.901858 -0.0203376 -2627.7 249.008
71 18.4793 35.8059 352.702 -62.4885 5.51842 0.24782 -0.00573453 -2755.49 259.886
72 38.1142 34.6674 460.173 -103.251 11.8051 -0.167189 0.00405466 -2568.45 249.582
73 97.3489 16.5992 607.507 -188.309 25.4687 -1.06628 0.0245361 -2579.98 246.704
74 52.4896 18.1957 135.15 0.638222 -2.95489 0.68825 -0.0137591 -2834.45 258.703
75 73.5561 18.2896 173.836 -0.261615 -4.1039 0.856716 -0.0192759 -2671.9 252.311
76 63.2461 21.4334 194.32 -5.46536 -3.44171 0.810325 -0.0179135 -2868.25 265.435
77 -33.9754 44.5848 359.095 -72.3848 8.2243 -0.0298353 0.00250038 -2712.33 253.589
78 83.6705 25.3734 476.237 -116.681 14.689 -0.401905 0.00981962 -2834.8 263.179
79 112.959 19.445 285.6 -37.0591 3.12438 0.271793 -0.00288164 -2724.84 259.774
80 80.0539 20.4252 565.297 -172.949 24.2773 -1.10085 0.0279855 -2954.31 269.34
81 45.7916 25.1668 647.468 -214.422 31.0742 -1.57568 0.0394505 -2743.07 254.453
82 97.6797 23.2762 369.708 -67.8964 7.24391 0.0434817 0.00135553 -2818.29 263.751
83 109.663 16.1824 177.505 3.31969 -3.41837 0.711116 -0.0135817 -2793.52 259.73
84 96.1361 18.8892 365.178 -75.0069 7.84237 0.0574169 -0.000625848 -2741.36 256.706
85 72.64 23.4334 443.691 -113.733 14.5699 -0.409664 0.0103624 -2759.23 257.522
86 139.027 11.5861 374.094 -89.1985 12.0789 -0.329273 0.0103858 -2733.34 256.642
87 85.7657 19.8886 115.445 32.4937 -8.65549 1.09766 -0.0235295 -2776.24 259.891
88 -100.147 52.0236 417.247 -125.517 18.9791 -0.84677 0.0239739 -2883.85 267.307
89 172.871 7.38914 452.272 -122.886 17.864 -0.713817 0.0188228 -2593.73 248.884
90 110.652 15.9571 310.32 -54.6366 5.14018 0.211665 -0.00335585 -2597.13 250.482
91 88.8241 23.2824 320.517 -56.1048 6.15092 0.115621 -0.00132159 -2851.36 263.768
92 67.2782 26.2881 341.173 -61.3924 5.76415 0.220805 -0.00480284 -2605.75 252.145
93 71.383 19.0947 115.222 24.2496 -7.74668 1.10939 -0.0250191 -2795.41 262.528
94 115.416 18.1534 432.423 -103.229 13.0587 -0.320508 0.00890826 -2852.24 264.621
95 115.416 18.1534 412.006 -106.006 12.6811 -0.371865 0.00192371 -2852.24 264.621
