0 53.0145 19.7649 166.71 -13.5292 -0.670189 0.606447 -0.0123662 -2820.25 268.131
1 38.4865 20.8088 -18.6844 72.1092 -15.0211 1.5771 -0.0361551 -2703.02 254.779
2 78.0453 14.2467 261.348 -64.0795 8.5547 -0.0826449 0.00446017 -2655.58 253.95
3 84.373 18.0613 200.538 -24.5528 2.44475 0.286472 -0.00287134 -2859.26 268.003
4 5.50215 27.5252 130.057 5.4714 -4.20988 0.822978 -0.0176767 -2888.35 264.816
5 -41.2661 39.8653 284.851 -69.7151 9.79893 -0.201292 0.00871952 -2828.03 266.425
6 67.5482 15.3915 138.199 -3.2975 -1.99284 0.626493 -0.0118723 -2697.43 254.292
7 73.3456 16.0244 126.2 8.05537 -4.25568 0.820786 -0.0173695 -2577.32 248.952
8 94.2723 14.8865 320.944 -86.8859 13.0338 -0.436208 0.014015 -2965.05 272.702
9 96.8115 15.7065 254.791 -50.3437 6.69572 0.00703831 0.00331144 -2781.34 262.655
10 74.065 16.9797 121.398 9.88555 -3.86913 0.736831 -0.0142305 -2565.4 246.189
11 91.5962 13.6682 243.386 -49.6503 6.26997 0.0364993 0.00293426 -2601.4 251.603
12 110.477 11.6921 361.629 -102.297 15.0311 -0.55192 0.0162667 -2700.55 256.031
13 85.9905 13.5494 249.978 -55.9323 7.29411 -0.0280265 0.00428259 -2665.41 255.042
14 85.5404 13.6491 263.34 -62.8524 8.5258 -0.108583 0.0050781 -2834.42 260.579
15 95.5551 15.3322 220.416 -31.6245 3.20388 0.236959 -0.00182821 -2904.66 268.201
16 111.771 12.3147 353.772 -97.7262 14.5829 -0.549091 0.0166531 -2610.74 250.017
17 73.5025 15.2225 192.17 -30.6184 2.95204 0.305513 -0.00545522 -2495.85 241.188
18 90.6197 16.0956 246.526 -48.6823 6.7034 -0.036718 0.00511852 -2773.04 258.791
19 65.0562 20.3579 30.5389 56.2871 -11.4922 1.25738 -0.0266173 -2619.39 250.834
20 96.6219 16.5594 210.04 -20.7829 0.782762 0.463262 -0.00890912 -2632.96 251.326
21 54.2442 19.1767 54.9355 37.3369 -8.6035 1.09695 -0.0243091 -2769.95 257.008
22 100.129 17.9739 174.607 -5.08396 -0.605537 0.468343 -0.00665602 -2638.95 254.581
23 71.082 19.8955 -28.0511 86.6758 -16.6187 1.61083 -0.0355069 -2627.13 249.481
24 108.103 16.235 198.838 -12.6594 -0.197799 0.504462 -0.00934863 -2400.37 238.575
25 77.9529 20.5457 39.941 59.6539 -12.2217 1.3099 -0.0274926 -2706.75 257.896
26 102.078 14.4801 267.186 -55.5026 7.36422 -0.0290769 0.00388381 -2858.3 266.245
27 71.6779 16.3535 86.2942 26.887 -7.23088 1.00328 -0.0214527 -2461.87 239.873
28 86.2744 14.2872 188.429 -21.7876 1.36613 0.363234 -0.00479216 -2849.84 263.288
29 116.47 9.41608 367.838 -104.543 14.7947 -0.497723 0.0143526 -2644.18 252.65
30 109.146 11.0024 350.062 -97.9113 14.3059 -0.52705 0.0163169 -2770.22 259.106
31 114.972 11.1411 360.234 -100.068 14.4433 -0.485053 0.0139299 -2818.76 263.294
32 78.8104 12.8943 502.694 -185.828 29.3084 -1.51049 0.0386236 -2631.9 252.795
33 98.387 9.00995 487.012 -178.293 28.0491 -1.43537 0.0373622 -2866.92 267.146
34 86.4134 9.43437 380.338 -126.463 18.6522 -0.77005 0.0210348 -2610.72 249.322
35 83.3909 12.9751 332.836 -99.0721 14.3511 -0.469472 0.0136915 -2690.41 257.344
36 75.0982 6.5584 427.151 -162.446 24.8524 -1.20748 0.0319127 -2705.55 253.995
37 77.035 9.40868 476.432 -182.43 28.5571 -1.43621 0.0365826 -2906.62 269.463
38 83.6369 8.27404 337.405 -109.544 15.7139 -0.561951 0.0158304 -2857.43 263.547
39 62.6629 8.08416 454.019 -181.403 28.5109 -1.4623 0.0378678 -2912.02 267.7
40 122.853 7.72297 480.165 -164.994 25.9002 -1.3275 0.0359306 -2589.04 251.499
41 22.8294 27.6071 334.955 -94.4575 13.9006 -0.449053 0.0132786 -2610.82 253.132
42 71.6887 7.60283 425.162 -162.144 25.0526 -1.22868 0.0321403 -2792.34 258.924
43 55.7493 18.3363 475.427 -168.075 26.0286 -1.28242 0.0333446 -2912.61 269.877
44 87.4428 8.33561 426.388 -152.041 22.9901 -1.04552 0.0269678 -2914.42 269.193
45 104.465 10.8571 375.752 -113.778 16.8542 -0.666086 0.0190794 -2833.61 266.069
46 90.7811 9.34746 405.818 -139.824 21.5325 -1.01892 0.028157 -2779.4 260.758
47 92.6412 15.2984 202.962 -21.8825 1.14496 0.395211 -0.00611691 -2775.57 259.374
48 112.662 11.7085 438.978 -145.01 23.2738 -1.17839 0.032836 -2721.39 260.354
49 66.6289 18.6144 121.851 9.84109 -4.10947 0.803243 -0.0165538 -2656.77 256.393
50 64.2668 13.9033 234.216 -58.0698 7.65498 -0.0494402 0.0046674 -2868.81 266.075
51 49.758 15.9485 235.939 -65.4459 9.52275 -0.1949 0.00808982 -2811.04 261.741
52 85.2914 10.7413 248.971 -61.4327 7.89997 -0.0217841 0.00312939 -2825.81 265.424
53 59.1651 14.948 196.004 -40.8881 4.82806 0.159661 -0.000375052 -2747.94 260.74
54 86.2397 8.7087 262.504 -77.1626 11.4444 -0.355498 0.0133559 -2714.13 257.427
55 66.5435 16.6398 227.904 -49.9621 6.54047 0.0408491 0.00204757 -2849.72 266.671
56 90.8969 11.7051 346.861 -105.448 15.6794 -0.603938 0.0182797 -2932.47 271.615
57 85.3089 10.6019 340.66 -111.967 17.3211 -0.735604 0.021646 -2878.1 268.036
58 117.938 10.0899 433 -139.431 21.5718 -1.00772 0.0273108 -2756.4 261.131
59 85.8691 7.50315 419.923 -155.091 24.322 -1.22249 0.0335759 -2876.37 267.103
60 102.012 8.37029 429.219 -148.077 22.905 -1.10918 0.0300042 -2877.95 265.319
61 90.9082 11.8955 284.877 -73.8554 10.2004 -0.217631 0.0076642 -2734.19 254.588
62 75.1139 11.5646 368.335 -125.987 19.4292 -0.865994 0.0241211 -2768.97 259.737
63 88.2688 7.71878 415.572 -149.04 22.6685 -1.04323 0.0277809 -2701.73 257.916
64 160.322 5.72845 612.016 -218.068 35.048 -1.95046 0.0504416 -2623.31 255.367
65 71.9579 11.3828 342.718 -92.5616 9.8985 0.0148707 -0.00137459 -2943.2 269.109
66 114.551 5.9322 547.759 -206.335 32.6214 -1.75022 0.0452292 -2851.42 266.631
67 95.6155 13.043 296.837 -66.5891 7.43965 0.0752648 -8.15964e-05 -2679.09 258.207
68 78.5273 10.9021 386.419 -130.867 19.3655 -0.788761 0.0213218 -3160.27 287.157
69 116.564 4.42397 404.871 -129.907 18.4253 -0.742865 0.0203566 -2788.09 259.266
70 131.24 7.70516 501.334 -170.625 26.683 -1.36388 0.0365376 -3031.15 279.385
71 114.879 9.1577 488.934 -169.584 26.2761 -1.28689 0.0335708 -3023.02 279.779
72 144.962 7.3441 509.503 -168.384 26.1691 -1.31275 0.0344323 -2908.63 271.006
73 105.686 8.02362 498.185 -181.685 28.5739 -1.48097 0.0390261 -2928.41 272.746
74 106.062 5.31845 499.739 -188.276 29.8163 -1.60659 0.0429723 -2991.51 272.902
75 103.396 11.6713 465.666 -161.592 25.74 -1.31257 0.0357156 -3005.45 279.131
76 95.5823 9.6709 436.213 -153.6 24.2764 -1.23503 0.0340454 -2784.51 261.484
77 121.455 8.35721 471.022 -157.699 24.1398 -1.1507 0.0301811 -2919.22 271.382
78 95.084 15.4563 318.597 -78.6335 10.7436 -0.2292 0.00849176 -2678.19 258.182
79 148.428 6.83787 462.707 -145.155 22.4359 -1.09525 0.0300561 -2825.15 263.29
80 133.863 9.5503 449.151 -140.814 22.0224 -1.07858 0.0302945 -2792.29 263.875
81 113.664 5.86374 391.667 -127.162 18.8508 -0.814337 0.0231604 -2874.04 267.208
82 46.8972 27.9632 465.877 -150.711 24.1011 -1.22539 0.0340529 -2986.98 277.86
83 123.361 11.7765 388.039 -110.974 17.1232 -0.762014 0.0233087 -3063.27 280.683
84 119.922 15.9909 346.702 -84.554 12.7038 -0.418777 0.0141137 -2920.17 274.196
85 99.7873 9.62642 404.997 -133.372 20.1059 -0.880229 0.0240197 -2759.21 260.859
86 106.568 9.38273 424.584 -141.618 21.7361 -1.0121 0.0283088 -2984.48 276.995
87 117.369 8.58322 456.177 -153.546 23.6948 -1.13316 0.0303141 -2853.14 268.96
88 120.042 9.70524 429.576 -137.521 21.2354 -0.986884 0.027319 -2785.24 263.955
89 85.8212 10.6278 400.608 -136.975 20.8314 -0.923479 0.0254266 -2975.4 275.738
90 99.3614 8.62982 445.189 -157.986 24.6547 -1.21367 0.0326657 -2885.19 269.472
91 142.716 7.10019 463.225 -146.217 22.0077 -0.98797 0.0264724 -2687.45 260.451
92 91.9053 14.9258 312.744 -81.5324 11.6074 -0.291693 0.00984171 -2925.91 272.585
93 97.9658 11.5155 439.656 -149.042 22.9249 -1.05347 0.0281347 -2891.58 273.033
94 108.521 8.80823 471.592 -168.468 26.9215 -1.40329 0.0375647 -2936.66 271.914
95 108.521 8.80823 435.23 -172 26.5783 -1.43663 0.0343266 -2936.66 271.914
