0 102.019 7.58836 486.39 -177.928 27.8006 -1.421 0.0369229 -2902.4 268.927
1 72.2445 17.5579 331.43 -86.6352 11.6756 -0.289464 0.0100444 -2846.38 265.639
2 43.6603 16.8637 168.394 -26.9797 2.13609 0.33626 -0.00408915 -2927.21 270.16
3 61.9767 13.9694 308.815 -94.3718 13.4362 -0.406001 0.0123358 -2688.98 255.507
4 96.5355 8.31842 398.957 -134.231 20.3367 -0.938335 0.0267608 -2985.47 273.633
5 107.87 7.97893 476.686 -167.199 25.5694 -1.23958 0.0325674 -2890.07 270.309
6 81.0876 17.8703 479.439 -156.782 24.0234 -1.16179 0.0312288 -2739.6 262.887
7 68.2553 19.247 60.5569 50.9784 -12.4772 1.4433 -0.0329186 -3009.54 275.901
8 43.0466 14.9841 107.646 5.61245 -4.7445 0.892284 -0.0192214 -2750.37 258.64
9 97.5235 10.3648 388.426 -124.517 18.7579 -0.819606 0.0235579 -3036.41 278.086
10 113.868 8.15659 356.179 -102.337 14.4741 -0.512896 0.0158209 -2794.49 260.128
11 98.351 12.6822 252.941 -48.0896 5.13181 0.157513 -0.000751589 -2861.63 266.266
12 57.4154 19.862 72.6914 37.4741 -9.52241 1.19977 -0.0263209 -2662.28 254.822
13 115.19 6.68374 447.787 -150.623 22.5206 -1.02701 0.0269982 -2825.28 263.109
14 85.4915 12.1781 286.217 -73.0246 9.5231 -0.151503 0.0068019 -3168.79 282.765
15 117.815 12.2428 294.442 -60.621 7.38115 -0.00143485 0.00252298 -2817.75 262.529
16 74.8812 16.5141 150.851 -2.91792 -2.06217 0.633812 -0.0126404 -2750.04 256.601
17 67.4775 20.271 75.9639 39.9407 -9.60521 1.18557 -0.0254454 -2859.84 268.474
18 21.0934 23.8509 68.7927 29.4303 -7.58049 1.01786 -0.0212087 -2825.22 262.552
19 141.35 7.09657 484.214 -156.483 23.9006 -1.15258 0.0307687 -2968.37 273.892
20 129.508 7.64292 456.699 -148.438 22.8818 -1.12129 0.0305343 -2675.78 253.262
21 104.569 7.50228 384.727 -125.056 18.6772 -0.809936 0.0230591 -2862.25 265.099
22 46.9537 18.19 104.01 13.2574 -5.19936 0.852333 -0.0165312 -2893.16 267.724
23 82.9347 11.3523 206.476 -39.0118 4.01149 0.214792 -0.00216527 -2642.85 250.245
24 142.013 4.131 364.38 -104.004 14.9295 -0.552326 0.0168467 -2632.64 251.293
25 111.228 10.9445 347.051 -93.934 13.1273 -0.395795 0.0126256 -2891.1 269.014
26 71.2517 15.7764 197.224 -28.8693 2.21922 0.347532 -0.00502343 -3196.63 287.531
27 75.6666 17.6812 121.705 15.4809 -5.34675 0.865314 -0.0170903 -2833.89 266.323
28 73.7523 21.1404 154.866 10.1861 -4.95199 0.866029 -0.017394 -2989.03 277.382
29 84.3076 15.1886 139.388 9.87125 -5.27604 0.918845 -0.0202409 -2860.8 265.345
30 69.0862 14.7308 223.831 -47.1293 5.52376 0.116 0.000360702 -2833.23 264.121
31 70.5676 19.2728 301.24 -70.2782 9.03099 -0.0907875 0.00437234 -2642.66 253.361
32 105.346 7.53548 527.833 -200.271 32.5116 -1.83993 0.04954 -2769.45 260.317
33 81.9222 9.86155 308.935 -93.8815 13.676 -0.500793 0.0162701 -2998.34 271.921
34 91.5559 10.222 328.96 -96.8925 13.7701 -0.454657 0.0135506 -2854.91 263.405
35 42.1256 19.688 65.0508 34.596 -9.33865 1.22025 -0.0285025 -2880.42 263.046
36 34.8135 17.1151 85.9225 13.5459 -5.33465 0.881435 -0.0183271 -2698.41 253.094
37 47.789 19.3744 86.1899 20.7654 -5.76381 0.861862 -0.0165186 -2644.84 253.216
38 45.8513 19.697 55.915 41.286 -10.2055 1.21881 -0.026369 -2888.75 264.341
39 80.1843 10.5336 314.76 -96.6738 14.1355 -0.514069 0.0160598 -2749.53 256.554
40 -7.52283 29.1229 231.495 -47.9914 5.59483 0.0707103 0.00242624 -3007.95 271.922
41 89.7329 9.26544 355.525 -115.501 17.5556 -0.779156 0.0230493 -2751.81 256.52
42 81.521 8.77541 372.265 -130.048 20.2989 -0.997234 0.0289472 -2827.23 260.415
43 71.7562 15.2513 175.36 -19.9018 0.874503 0.426619 -0.00721729 -2854.09 263.848
44 74.8562 13.4871 230.63 -50.4016 6.31799 0.0133265 0.00393537 -2868.91 264.42
45 62.4757 10.8147 287.486 -92.6688 13.6807 -0.494753 0.0158743 -2900.49 265.284
46 85.5752 10.8312 333.552 -104.405 15.9755 -0.696887 0.0221328 -3134.96 280.545
47 53.121 17.7483 61.8467 34.6392 -8.3296 1.01263 -0.0198344 -2802.22 258.171
48 80.517 6.92604 418.891 -157.487 24.9411 -1.31261 0.0354462 -2716.26 249.444
49 94.5795 9.11443 362.092 -116.467 17.5713 -0.757832 0.0219976 -2784.59 258.395
50 78.4825 7.02376 425.991 -161.396 25.3605 -1.30841 0.0348822 -2794.43 255.007
51 63.4133 14.8397 176.076 -24.2835 1.6623 0.341697 -0.00443623 -2793.8 259.04
52 95.216 8.86524 401.727 -137.866 21.6472 -1.08091 0.0306377 -2766.41 257.893
53 122.053 10.2885 435.443 -139.002 21.8444 -1.06748 0.0291193 -2643.26 250.398
54 65.4794 11.149 237.422 -65.5058 9.24623 -0.224863 0.0100605 -2755.21 254.51
55 83.7199 10.8084 358.085 -118.416 18.3045 -0.821403 0.0236753 -2644.72 250.886
56 104.855 8.61274 369.17 -116.512 17.8942 -0.833486 0.0251435 -2916.85 266.084
57 73.8682 12.5382 177.356 -26.4978 2.26017 0.297824 -0.00322684 -2894.13 265.141
58 110.227 10.3056 349.087 -101.729 15.6529 -0.684017 0.0216625 -2919.7 267.643
59 67.3627 10.3331 242.871 -63.7037 8.00455 -0.0890625 0.00603408 -2918.84 264.857
60 107.79 8.28987 400.642 -132.045 20.6095 -1.01856 0.0296531 -3012.66 272.911
61 115.404 7.33649 345.298 -99.7114 14.4936 -0.562545 0.0177497 -2897.91 264.63
62 104.69 7.97371 495.463 -184.507 30.241 -1.73303 0.047678 -3062.94 275.058
63 85.789 12.1346 204.999 -31.3548 2.59281 0.266564 -0.00220978 -2835.95 259.728
64 118.259 7.96712 544.648 -201.358 32.6561 -1.8305 0.0481732 -2854.29 264.98
65 154.831 8.0085 520.226 -167.724 26.2689 -1.34996 0.0364206 -2682.62 259.359
66 127.707 9.79252 530.986 -184.802 29.3744 -1.53607 0.0399079 -2947.94 274.985
67 86.357 16.3957 155.388 1.49608 -3.38871 0.791384 -0.0169161 -2692.15 258.024
68 100.057 14.7474 277.284 -60.3856 8.16145 -0.0866491 0.00492478 -3020.01 275.235
69 89.8697 17.1494 104.536 35.6906 -9.74846 1.21452 -0.0268351 -2721.84 255.573
70 107.453 12.2477 332.177 -89.798 13.3457 -0.481908 0.0160293 -2868.83 267.228
71 141.272 13.4673 440.187 -120.762 18.1049 -0.761912 0.0214912 -2888.38 270.523
72 117.558 13.3737 308.825 -72.0421 10.547 -0.302738 0.0121829 -2842.06 266.877
73 119.935 13.917 254.617 -39.9174 4.35942 0.19393 -0.00142064 -2673.45 257.88
74 150.88 9.67837 459.426 -136.019 20.7925 -0.949543 0.0260111 -2709.34 259.547
75 112.801 13.7882 332.986 -85.1976 12.5959 -0.40675 0.0138231 -2876.11 270.408
76 80.4051 17.4546 160.446 -5.56401 -1.24895 0.567492 -0.0101945 -2744.17 260.082
77 80.188 20.3041 84.4475 43.0902 -10.222 1.22803 -0.0277553 -2959.6 269.154
78 114.713 9.41204 320.593 -89.0497 13.4496 -0.505002 0.0168361 -2660.81 254.215
79 83.9377 16.2304 228.439 -38.8586 4.267 0.188868 -0.0016193 -2716.65 255.853
80 140.84 2.72881 234.82 -48.1922 5.99351 0.0385297 0.00298779 -2731.2 255.253
81 81.5846 17.7866 119.668 19.4394 -6.21649 0.964772 -0.0207036 -2645.35 255.454
82 92.0546 15.0859 265.792 -56.943 7.21464 0.0263842 0.00126533 -2688.24 256.032
83 172.661 7.65135 588.459 -196.59 31.8685 -1.7866 0.0474598 -2854.49 267.285
84 150.356 12.0002 407.369 -105.441 15.5736 -0.566434 0.0161626 -2402.56 242.705
85 121.544 8.38532 437.219 -144.938 22.5898 -1.07879 0.028972 -2980 274.147
86 132.414 9.43087 438.319 -135.095 20.6906 -0.949203 0.0259041 -2812.76 263.934
87 89.0168 14.952 202.018 -29.0246 2.81304 0.29607 -0.00421741 -2866.21 266.228
88 148.153 12.2041 432.015 -119.19 18.1713 -0.775405 0.0222286 -2878.51 271.74
89 107.732 15.0276 297.913 -66.6511 9.13735 -0.127138 0.00601528 -2802.56 265.565
90 104.565 19.274 277.595 -49.6867 6.67562 0.00955708 0.00325757 -2739.96 261.378
91 109.363 16.6741 258.416 -45.2831 6.19501 0.0111904 0.00406184 -2899.33 270.971
92 94.7971 14.7176 222.764 -36.4115 3.99731 0.21519 -0.00204565 -2750.27 260.692
93 127.849 7.64231 390.4 -119.748 18.0618 -0.734027 0.0203173 -2613.82 253.134
94 137.596 14.9006 416.461 -113.875 17.9327 -0.801754 0.0238243 -2952.39 277.754
95 135.155 14.3472 415.494 -114.094 17.883 -0.813021 0.0212705 -2952.39 277.754
