0 100.239 8.81701 458.354 -166.423 27.2552 -1.50584 0.03638 -2521.15 218.815
1 118.941 6.06258 590.612 -232.201 39.1292 -2.38763 0.0599837 -2186.27 203.556
2 93.6797 6.51155 457.69 -171.266 27.2918 -1.44654 0.0345715 -2024.69 193.065
3 73.4293 8.1301 430.126 -164.533 26.1282 -1.34168 0.0305776 -2145.1 197.882
4 122.628 6.98991 440.57 -146.742 23.1666 -1.18203 0.0282155 -2199.15 202.192
5 159.395 -0.326723 692.333 -249.925 37.9153 -2.11314 0.0491772 -2289.96 204.347
6 73.8135 12.0361 298.441 -89.2492 13.2059 -0.446908 0.00928969 -2122.27 197.25
7 95.9182 10.7463 329.176 -97.5577 14.915 -0.597251 0.0138259 -1762.24 176.743
8 143.523 3.0514 303.722 -77.3261 11.0623 -0.308005 0.00669682 -2422.06 219.893
9 112.48 8.62519 482.633 -175.64 29.4638 -1.71592 0.0435935 -2224.2 204.92
10 111.674 5.71993 508.61 -195.014 32.8901 -1.99505 0.0514703 -2151.36 198.682
11 84.1459 12.3261 327.826 -99.7338 15.5799 -0.685768 0.0169771 -2143.36 199.291
12 80.6249 11.1184 307.095 -91.0764 13.41 -0.469845 0.00971758 -2319.44 206.802
13 94.3068 12.3905 294.527 -76.529 11.1574 -0.321986 0.00661911 -2316.08 211.129
14 91.983 13.7982 267.984 -62.0144 8.91757 -0.196727 0.00478212 -2226.26 206.505
15 74.6985 8.96797 397.563 -148.323 24.0693 -1.27255 0.0308235 -2444.03 215.733
16 43.4083 20.618 8.39112 62.2433 -13.2969 1.44257 -0.0376768 -2573.3 226.527
17 40.7083 16.311 121.397 1.40754 -3.95857 0.842001 -0.0242354 -2066.02 190.316
18 67.2089 14.2781 212.015 -46.9855 6.62658 -0.0487244 0.00095615 -2193.76 202.001
19 48.3466 18.5839 51.6122 33.4538 -7.35366 0.965812 -0.0248324 -2206.99 202.364
20 109.258 14.2925 285.149 -62.9121 9.57467 -0.28669 0.00795933 -2317.09 212.246
21 77.481 18.0316 211.71 -21.6301 0.267815 0.520829 -0.015583 -2153.66 200.227
22 78.1811 16.9 245.197 -53.0822 7.87508 -0.146649 0.00341246 -2584.24 226.323
23 157.212 1.26768 104.62 29.6403 -8.50072 1.13074 -0.0304385 -1948.19 187.614
24 29.833 19.8505 110.248 3.14312 -2.95958 0.685814 -0.0187735 -2221.91 199.848
25 57.8137 13.3092 216.632 -53.7006 7.41072 -0.0973868 0.00248868 -2062.13 192.679
26 122.307 6.52834 453.569 -156.764 25.4398 -1.38879 0.0341465 -2172.03 199.248
27 92.3065 13.6696 263.189 -58.723 7.87726 -0.0514907 -0.00122588 -2141.6 199.85
28 119.672 13.2027 283.628 -56.3719 7.79024 -0.110069 0.00221075 -2305.33 211.272
29 76.1888 16.6978 91.3004 38.7447 -11.1728 1.40621 -0.0395038 -1823.99 178.488
30 96.1238 11.7495 326.199 -95.5793 15.1223 -0.671513 0.0177016 -2570.21 229.215
31 39.4778 20.4308 58.7136 37.7381 -9.60474 1.22126 -0.0333858 -2381 212.696
32 58.3368 11.0296 333.382 -114.48 17.581 -0.81909 0.0207929 -3055.28 254.382
33 71.7117 4.60501 461.959 -192.216 31.9562 -1.89993 0.0488948 -2522.89 219.43
34 113.217 -0.791381 516.282 -212.705 35.3174 -2.11183 0.0541527 -2134.41 201.106
35 101.211 3.98902 529.777 -212.458 35.2487 -2.10739 0.0535678 -2371.92 213.428
36 58.4789 10.6782 392.226 -139.806 21.0776 -0.991223 0.0228153 -2588.89 222.522
37 94.0731 7.24152 443.437 -166.358 27.55 -1.57522 0.040226 -2528.76 222.526
38 116.266 4.45177 456.727 -164.369 26.3916 -1.44739 0.0358963 -2600.18 225.804
39 69.4881 8.84357 394.261 -150.996 24.9648 -1.39507 0.0362853 -2523.1 223.528
40 40.4596 11.2172 349.725 -128.277 19.5214 -0.925775 0.0223338 -2701.28 228.004
41 77.9632 11.1604 333.136 -100.33 14.2181 -0.497567 0.010783 -2186.12 202.475
42 132.277 -0.887311 340.803 -112.858 17.4942 -0.80387 0.0197515 -2291.24 206.818
43 80.8946 7.8994 383.633 -139.821 22.5838 -1.19373 0.0305423 -2654.12 231.758
44 67.4646 12.5484 454.716 -159.302 24.3246 -1.25116 0.0309024 -2685.96 233.388
45 74.1313 7.81494 339.245 -121.332 19.6378 -1.03104 0.0274343 -2636.62 229.235
46 279.398 -33.926 298.934 -109.275 17.3835 -0.843305 0.0216228 -2345.72 206.214
47 87.5025 4.0777 253.214 -82.6762 13.2123 -0.604461 0.0175273 -2335.46 208.604
48 53.854 16.2505 278.673 -78.9176 11.7742 -0.417423 0.0106351 -2635.37 226.593
49 32.9309 14.0766 303.19 -104.437 15.7802 -0.687939 0.0170613 -2271.1 203.397
50 57.0142 14.1115 349.122 -111.249 16.4341 -0.708075 0.0169622 -2520.33 219.854
51 65.7889 5.06446 374.793 -146.075 23.0187 -1.18866 0.0289895 -2560.83 220.612
52 164.126 -5.09496 369.424 -114.087 16.0608 -0.617861 0.0132371 -2076.51 193.79
53 61.6683 10.2093 314.932 -106.026 15.9961 -0.67298 0.0162399 -2290.75 207.112
54 83.8649 7.73832 347.245 -118.887 18.6879 -0.911582 0.0234147 -2407.51 215.558
55 39.6511 10.6133 231.942 -76.746 11.2957 -0.366852 0.00962403 -2450.98 217.012
56 68.6761 8.99895 444.388 -155.998 22.7072 -1.07575 0.0243782 -2518.9 217.458
57 62.6969 15.9972 198.887 -29.9988 2.27998 0.322798 -0.00887031 -2263.43 206.814
58 98.1438 10.8816 340.695 -96.6148 13.9432 -0.494029 0.0106017 -2304.57 209.542
59 59.9227 6.2293 340.437 -134.935 22.2322 -1.2138 0.0316376 -2566.42 220.888
60 74.1527 9.6108 457.79 -161.065 23.7851 -1.131 0.024935 -2303.41 205.589
61 30.0647 11.518 303.525 -108.308 15.8911 -0.664803 0.0155441 -2337.36 203.843
62 73.3498 7.51021 497.693 -183.777 27.6821 -1.46389 0.0353804 -2501.55 217.856
63 188.043 -9.92888 783.777 -304.149 47.0687 -2.76602 0.0658532 -2806.02 237.049
