0 148.196 7.32379 578.519 -207.677 34.6347 -2.0409 0.0505899 -2216.18 207.474
1 105.009 13.1119 387.661 -119.978 19.4457 -0.96578 0.0239574 -2548.92 226.792
2 147.05 5.29304 627.043 -237.885 40.0842 -2.4609 0.0621172 -2534.61 226.309
3 157.45 8.77547 536.995 -179.01 29.7202 -1.69587 0.0419039 -2597.88 230.712
4 62.3931 33.8764 715.349 -219.127 33.1457 -1.84725 0.0438968 -2005.74 189.727
5 104.824 14.5546 333.602 -89.3036 14.0419 -0.572949 0.0142557 -2577.23 230.25
6 166.807 6.93254 577.304 -197.409 32.6142 -1.88263 0.0464178 -2049.72 196.958
7 149.996 14.2486 539.757 -170.014 27.9494 -1.55075 0.0380527 -2237.1 210.033
8 156.862 8.04428 491.208 -153.362 24.3416 -1.25065 0.0295638 -2145.49 203.034
9 115.646 17.9886 411.416 -98.6449 13.4722 -0.441919 0.00925024 -2295.11 210.427
10 121.218 8.84456 419.341 -133.877 21.1872 -1.05544 0.0255456 -2305.35 210.596
11 137.68 5.07487 554.536 -204.102 33.8769 -2.01079 0.0500727 -2115.01 195.759
12 132.912 14.7984 330.031 -61.4214 7.37689 -0.011453 -0.0007601 -2369.8 219.86
13 129.642 13.8675 447.31 -129.385 20.4707 -1.0543 0.0274292 -2342.53 217.528
14 126.23 13.2474 309.992 -62.2569 8.16043 -0.111027 0.00222868 -2213.01 206.102
15 164.951 8.89632 503.19 -159.732 27.0885 -1.60674 0.0428264 -2276.82 211.903
16 116.349 14.9084 271.591 -39.879 3.4454 0.297447 -0.0101385 -2355.95 214.248
17 118.444 13.9474 240.021 -30.2123 2.60245 0.305883 -0.00860576 -1976.97 192.603
18 151.296 9.79147 466.005 -145.565 24.5062 -1.39798 0.0358381 -2171.31 202.926
19 151.925 12.291 395.258 -97.7407 14.8104 -0.58248 0.0120173 -2059.99 192.45
20 127.404 14.1351 295.203 -46.266 4.59985 0.167219 -0.00489259 -2407.59 218.653
21 119.909 14.7935 232.048 -18.1767 -0.382604 0.569178 -0.0163065 -1979.78 195.06
22 120.072 15.6812 266.627 -39.087 4.28878 0.174298 -0.00584063 -2308.76 211.423
23 159.28 17.2713 325.107 -46.8531 6.05261 0.0227579 -0.00174692 -2612.24 231.843
24 125.44 16.6487 389.092 -87.168 11.6823 -0.324697 0.00617806 -2354.4 213.211
25 122.063 16.6378 266.471 -37.069 4.38216 0.113891 -0.00248459 -2520.16 228.061
26 159.225 12.6594 380.933 -89.1188 13.9668 -0.585954 0.0152706 -2165.89 205.858
27 110.609 19.1197 183.565 4.28524 -2.94328 0.670222 -0.0174528 -2334.21 214.098
28 146.988 11.6836 312.646 -58.0688 7.63462 -0.0770539 0.000568386 -1921.23 186.612
29 117.934 21.8178 386.041 -88.9769 14.024 -0.597616 0.015504 -2496.55 226.291
30 109.423 15.1889 281.706 -59.843 9.18128 -0.265437 0.00762719 -2388.45 217.045
31 148.023 15.627 319.161 -56.7217 8.38563 -0.195501 0.00565545 -2755.05 241.939
32 55.1177 9.63065 536.939 -207.678 31.629 -1.68782 0.039379 -2595.69 224.539
33 35.8386 9.39851 322.235 -122.426 18.4534 -0.823058 0.0196312 -2342.96 210.095
34 58.7697 10.3674 356.669 -122.842 18.233 -0.811897 0.0192817 -2649.98 228.864
35 49.4787 4.35864 579.475 -240.505 36.9108 -2.07908 0.0499735 -2582.97 221.464
36 131.663 -6.33624 810.336 -336.851 53.022 -3.21245 0.0768399 -2732.57 226.676
37 152.922 -10.5361 644.975 -259.544 40.0223 -2.29654 0.0553109 -2519.94 218.526
38 169.213 -12.7235 932.144 -391.066 61.9179 -3.845 0.094056 -2892.33 242.332
39 50.9603 7.87692 646.277 -261.843 40.2852 -2.29224 0.0541705 -2501.57 217.066
40 179.903 -19.256 758.063 -315.982 48.4246 -2.82524 0.0671857 -2722.16 229.427
41 57.9874 6.73205 708.87 -280.399 41.5437 -2.26187 0.0513609 -2365.77 208.914
42 25.4918 7.41281 408.9 -167.971 25.5957 -1.34226 0.0327506 -2814.87 234.82
43 58.1916 7.83974 608.444 -236.22 35.5013 -1.9545 0.0461902 -2631.96 224.822
44 48.0708 6.72058 800.959 -336.866 52.7895 -3.20671 0.0787909 -2688.05 229.58
45 93.6275 -0.816209 483.526 -186.037 27.6155 -1.42369 0.03341 -2390.32 210.254
46 13.9843 10.9318 375.813 -139.231 18.9235 -0.748006 0.0151443 -2859.77 237.077
47 174.842 -15.1546 991.143 -410.944 63.5635 -3.88967 0.0936957 -2554.59 218.426
48 42.306 11.8978 476.168 -175.624 25.9607 -1.31582 0.0312503 -2598.05 222.798
49 36.2755 9.19256 464.529 -178.628 26.4654 -1.36485 0.0324132 -2806.93 233.681
50 107.839 -0.0265969 919.435 -377.833 58.9517 -3.58108 0.0859807 -2449.38 213.837
51 84.9966 7.52749 717.787 -272.437 40.8413 -2.27363 0.0530793 -2714.56 232.271
52 164.619 -12.5484 1006.11 -421.095 66.0075 -4.09464 0.0993438 -2529.08 218.352
53 34.9145 12.0106 495.868 -185.443 27.2233 -1.38261 0.0321232 -2527.25 218.825
54 105.561 -5.67514 793.539 -338.454 53.1463 -3.21798 0.0776058 -2559.82 218.548
55 133.717 -1.92039 924.888 -372.828 58.2439 -3.55717 0.0862069 -2451.53 215.031
56 254.6 -32.6954 859.75 -356.47 54.3731 -3.21867 0.0759133 -2584.85 217.705
57 153.532 -12.2997 354.7 -131.937 19.5897 -0.921176 0.0221432 -2551.55 219.042
58 61.0982 9.54783 583.602 -221.658 33.5019 -1.83816 0.044339 -2549.78 222.253
59 160.806 -7.55148 980.342 -392.348 60.0027 -3.57693 0.0843412 -2361.21 208.526
60 117.474 -3.68774 414.03 -148.315 21.1968 -0.963204 0.0213943 -2443.69 211.412
61 74.3993 4.73989 241.107 -76.4967 11.1127 -0.373699 0.00942828 -2323.88 205.294
62 59.0595 2.21241 409.129 -161.479 23.8765 -1.19238 0.0292322 -2657.91 228.348
63 28.7186 12.6946 371.699 -139.036 21.6261 -1.15075 0.0302311 -3153.33 254.902
