0 99.926 9.31244 534.885 -197.815 30.9204 -1.6053 0.0410129 -2836.3 267.036
1 88.5476 11.894 375.459 -116.359 16.429 -0.536688 0.0135554 -2846.79 266.49
2 125.002 9.61253 422.335 -129.2 19.2999 -0.819285 0.0227035 -2656 256.338
3 96.2241 13.3047 288.464 -66.8344 8.41198 -0.0452848 0.00349691 -2529.8 246.981
4 91.6312 13.6654 239.299 -41.0563 3.55541 0.309215 -0.00525731 -2935.72 271.781
5 78.0751 16.845 234.387 -37.4197 2.85209 0.369586 -0.00721818 -2534.68 246.643
6 78.57 17.5665 134.495 13.2085 -5.691 0.961472 -0.0214223 -2554.73 248.355
7 97.3971 13.6656 282.44 -63.151 8.11424 -0.0705522 0.00516879 -2744.9 259.827
8 90.8605 13.0162 257.633 -53.9928 6.0053 0.143192 -0.00157921 -2693.45 257.715
9 108.529 15.2542 273.052 -48.8507 5.3854 0.16604 -0.00152396 -2884.87 271.271
10 45.4135 22.3404 45.3696 53.7863 -12.4977 1.39187 -0.0304173 -2740.05 259.789
11 129.825 8.62913 377.745 -105.278 15.2014 -0.562929 0.0168314 -2636.44 252.918
12 102.116 16.477 197.708 -4.3339 -3.28785 0.80411 -0.0174978 -2769.14 262.534
13 97.3219 17.8303 198.119 -8.41492 -1.69594 0.631991 -0.012052 -2577.72 250.545
14 25.3353 31.4201 420.559 -104.622 12.9285 -0.29252 0.00831584 -2620.22 251.813
15 93.0708 17.9548 148.626 19.588 -7.57408 1.12437 -0.0260716 -2578.91 249.474
16 116.94 15.1376 298.193 -60.33 8.01565 -0.0741351 0.00528715 -2809.8 264.456
17 103.627 12.2132 323.322 -83.8052 11.4967 -0.273782 0.00910093 -2662.68 255.104
18 94.7352 19.5301 270.949 -38.1249 2.78638 0.37367 -0.00711185 -2638.32 255.597
19 77.0831 19.3831 143.931 8.39674 -4.2041 0.822167 -0.0177839 -2537.46 247.003
20 91.9037 14.6315 212.296 -20.2793 -0.607628 0.604468 -0.0123473 -2607.94 251.768
21 87.6193 17.8093 187.008 -10.0858 -1.23697 0.618108 -0.0125885 -2630.55 252.806
22 98.5659 17.1485 181.589 0.118169 -3.5641 0.809308 -0.0178223 -2733.69 258.635
23 107.074 10.0201 352.9 -100.889 14.3473 -0.481865 0.0139881 -2561.76 246.216
24 -194.938 75.0171 200.664 -2.15798 -3.42337 0.817611 -0.018581 -2554.34 249.017
25 74.1748 15.915 172.539 -8.03128 -2.78363 0.810774 -0.0194962 -2773.36 258.9
26 102.001 18.4245 227.63 -16.1915 -0.994293 0.636703 -0.013171 -2643.16 256.589
27 103.939 20.1405 171.065 11.7429 -4.92674 0.867178 -0.0185882 -2789.98 262.786
28 122.586 11.8044 311.058 -67.3135 8.46855 -0.0722569 0.00442879 -2834.8 264.25
29 91.4601 17.6567 173.54 4.10857 -4.63544 0.907736 -0.0208635 -2603.76 250.141
30 100.868 20.6775 242.049 -16.5248 -1.21999 0.676944 -0.0149477 -2807.47 266.785
31 77.3394 17.5687 192.052 -13.74 -1.34528 0.668448 -0.0146106 -2708.67 257.133
32 125.715 10.7752 398.852 -116.295 17.5581 -0.72761 0.0202907 -2557.68 248.989
33 135.621 8.21988 402.221 -117.665 17.4506 -0.700396 0.0191171 -2581.48 249.101
34 95.4138 15.5623 528.02 -185.135 29.7464 -1.60475 0.0422887 -2628.2 252.55
35 130.053 9.81769 427.15 -127.191 18.6907 -0.746343 0.0194047 -2579.31 249.419
36 80.8682 19.8096 169.16 0.706504 -3.14769 0.757279 -0.0165897 -2663.5 254.354
37 107.496 12.2967 336.994 -88.2367 12.1387 -0.301167 0.00915973 -2738.59 258.979
38 120.323 12.3946 314.642 -70.6 9.39204 -0.161872 0.00724034 -2876.17 267.146
39 96.6736 14.9812 262.963 -51.5584 6.02026 0.120394 -0.00097465 -2610.94 251.27
40 121.512 11.2752 395.898 -115.482 17.478 -0.738991 0.020884 -2775.57 259.547
41 109.501 12.0143 313.394 -77.2268 10.6426 -0.246074 0.00890215 -2594.22 249.287
42 114.348 8.47835 399.374 -124.81 18.7412 -0.82411 0.0226883 -2631.15 247.362
43 113.897 11.1682 333.051 -85.4604 11.8115 -0.309844 0.0097051 -2634.97 249.416
44 106.086 11.2999 335.478 -89.7807 12.3101 -0.312808 0.00923305 -2616.04 251.145
45 153.471 9.75137 393.52 -98.4846 13.915 -0.449257 0.0127676 -2442.38 239.406
46 111.395 13.9605 277.353 -51.6548 5.83131 0.128541 -0.00163814 -2534.95 243.531
47 138.513 12.652 248.508 -26.3393 1.55042 0.3949 -0.00722901 -2505.47 242.233
48 66.7958 19.437 129.005 8.18201 -3.45406 0.69903 -0.0136942 -2557.79 243.218
49 96.6719 20.8922 87.0518 49.6319 -10.8803 1.22743 -0.0262567 -2517.54 245.226
50 103.968 13.9153 344.022 -92.137 13.5584 -0.470978 0.0141431 -2416.03 236.241
51 104.389 17.613 204.153 -8.22919 -1.71128 0.629526 -0.0125402 -2510.67 243.233
52 53.4571 27.2226 188.548 3.89537 -4.51186 0.873022 -0.0195344 -2484.67 242.846
53 100.9 18.4265 163.451 10.4571 -4.73735 0.846218 -0.0186923 -2579.96 246.031
54 -142.805 66.2528 366.649 -68.3707 6.47654 0.195486 -0.00523666 -2294 230.481
55 142.225 12.6032 358.859 -84.451 12.333 -0.387906 0.01202 -2455.9 240.249
56 142.629 13.5278 260.191 -28.2337 2.02545 0.341744 -0.00558022 -2519.23 241.94
57 124.39 13.7399 272.808 -46.1664 5.44473 0.115013 -0.000362925 -2635.99 251.074
58 101.567 18.9433 169.353 15.368 -6.40485 0.989894 -0.0219499 -2493.25 243.303
59 118.028 15.9769 327.917 -65.2112 7.98156 -0.0548891 0.00414222 -2809.59 261.794
60 129.906 12.6887 329.375 -73.582 10.0866 -0.215523 0.0081961 -2697.41 255.664
61 107.738 20.3223 326.154 -48.2183 3.66086 0.314468 -0.00679253 -2569.78 243.698
62 119.713 13.6187 273.537 -46.7232 5.09845 0.158751 -0.0015865 -2590.48 248.612
63 115.014 14.3776 213.099 -15.6233 -0.35842 0.527556 -0.0104967 -2490.26 240.23
64 139.819 4.2206 166.473 -12.375 0.0958449 0.410614 -0.00500108 -2938.06 268.275
65 148.668 -4.6723 109.93 6.10918 -4.58476 0.813631 -0.016151 -2783.28 256.613
66 164.243 -1.78388 221.91 -29.5742 0.77271 0.495799 -0.00962787 -2706.18 253.859
67 137.661 -2.28512 62.1636 27.6841 -8.04345 1.07178 -0.0238128 -2775.44 252.52
68 139.232 -2.28868 332.47 -94.9822 11.8892 -0.30279 0.0102055 -2989.59 267.496
69 161.108 -3.39341 279.729 -57.0931 4.85371 0.204427 -0.00270252 -2935.23 263.433
70 140.158 2.09963 154.629 -8.31814 -1.16013 0.534327 -0.0092321 -2758.71 254.913
71 74.7405 16.4491 59.1953 42.2628 -9.45296 1.08084 -0.0215431 -2534.17 242.13
72 104.187 10.8107 179.452 -14.6273 -0.181381 0.47062 -0.00768995 -2656.14 249.074
73 107.438 5.62724 185.747 -23.8201 0.564002 0.452745 -0.0077644 -2415.98 232.55
74 63.2833 12.3582 280.074 -63.0934 5.51224 0.206514 -0.00380381 -2727.32 251.188
75 100.463 9.11532 227.503 -38.1736 2.85326 0.317812 -0.00523126 -2679.52 248.832
76 -165.5 62.554 403.27 -99.9475 11.6495 -0.245369 0.00785645 -2525.96 240.221
77 112.513 4.28563 285.36 -70.5683 8.14968 -0.0614966 0.00443189 -2866.84 259.682
78 63.0248 17.4022 173.459 -4.35271 -3.43243 0.752816 -0.0151955 -2626.76 246.662
79 57.8477 16.4421 14.5344 60.6929 -13.4572 1.4188 -0.0313072 -2776.93 253.892
80 64.2541 17.6302 358.818 -78.8561 6.99289 0.160125 -0.00393037 -2651.89 246.11
81 -89.0137 45.217 65.6983 39.6634 -9.54939 1.09725 -0.0225941 -2639.96 244.214
82 -82.751 46.3784 160.794 7.06953 -5.17523 0.852958 -0.0176222 -2679.86 248.098
83 68.2904 13.6404 169.795 -17.3714 -0.105582 0.478763 -0.00837837 -2662.35 246.804
84 84.6084 14.2958 424.001 -116.345 14.3951 -0.410335 0.0113773 -2557.25 242.763
85 136.875 6.81246 288.035 -65.0615 9.01588 -0.205714 0.00901027 -2639.96 247.15
86 115.793 9.38828 465.557 -130.343 16.1309 -0.48533 0.0116598 -2526.95 238.905
87 52.5891 14.0305 177.717 -28.6877 1.94618 0.325243 -0.00420885 -2815.86 255.311
88 357.552 -39.3771 281.692 -59.4742 5.47911 0.170926 -0.00207478 -2760.25 253.993
89 81.0328 13.1801 277.72 -53.9378 4.4547 0.24604 -0.00415026 -2993.55 267.221
90 132.592 7.78984 567.96 -173.296 23.188 -0.983068 0.024608 -2688.6 250.808
91 76.4636 17.1509 565.178 -174.469 23.184 -0.961447 0.0236811 -2681.98 251.427
92 80.6769 17.9323 789.457 -266.252 36.8208 -1.79951 0.0413068 -2494.11 239.308
93 186.207 -7.47801 490.795 -148.991 18.886 -0.668407 0.0164983 -2718.07 251.152
94 74.3712 13.8316 360.701 -93.9343 10.619 -0.120304 0.003557 -2853.73 260.104
95 74.3712 13.8316 440.876 -94.1088 10.0454 -0.206969 -0.00625305 -2853.73 260.104
