0 68.0087 23.1223 88.4389 49.1909 -12.34 1.42 -0.0322267 -2797.81 262.456
1 65.7085 24.9528 41.9256 73.1758 -16.1587 1.676 -0.0382341 -2669.17 256.047
2 52.2873 20.9202 122.571 18.5656 -6.91437 1.01967 -0.0221709 -3093.06 278.714
3 48.7268 22.3323 1.04037 83.1723 -18.7116 1.91497 -0.0460211 -2728.14 256.78
4 88.7025 21.1971 156.458 18.6513 -6.47179 0.946444 -0.0195223 -2741.95 258.449
5 78.7725 22.3399 56.031 68.298 -15.8096 1.69873 -0.0401667 -2710.78 258.205
6 73.6493 21.3529 122.662 26.9858 -7.96216 1.08357 -0.0236875 -2880.67 266.719
7 53.3023 23.8166 9.26967 75.3597 -15.7176 1.59458 -0.0349372 -2946.22 272.124
8 89.5701 22.7095 55.5913 69.7845 -15.13 1.58154 -0.035982 -2633.19 253.048
9 85.5086 24.5376 42.7981 74.9356 -15.3972 1.56862 -0.0350174 -2573.7 249.981
10 97.0435 21.6447 184.863 9.38972 -4.71366 0.806219 -0.0158888 -2580.17 248.695
11 73.7354 18.8431 123.97 16.7821 -5.32695 0.80479 -0.014597 -2865.65 264.569
12 65.9903 19.2759 111.433 20.598 -6.09735 0.875011 -0.0166674 -3022.19 274.742
13 63.7712 21.2878 118.026 25.6199 -7.73444 1.04372 -0.0216151 -2825.22 264.366
14 39.0596 30.3981 66.9047 58.4051 -12.7173 1.36394 -0.0290833 -2611.96 252.775
15 69.896 22.0716 34.2392 68.9617 -14.717 1.51145 -0.0330314 -2696.12 254.605
16 143.696 11.7387 294.312 -49.811 5.80021 0.0705392 0.00208223 -2654.25 254.959
17 83.4819 20.8177 172.907 9.0085 -5.10368 0.867831 -0.0176845 -2995.71 274.358
18 82.0444 19.2204 149.953 13.4068 -5.45357 0.865102 -0.0171605 -2667.63 253.453
19 80.6988 25.4756 -10.2188 100.132 -19.4966 1.83255 -0.0405176 -2636.75 254.638
20 78.8971 21.4753 112.251 30.9883 -7.48077 0.924477 -0.0165807 -2906.02 269.012
21 78.5948 21.7661 26.0822 73.7448 -15.1736 1.53081 -0.0334326 -2598.52 249.576
22 80.4802 21.2521 133.673 25.9552 -7.68077 1.03043 -0.0219051 -2738.43 257.169
23 47.8259 19.6539 46.8965 47.49 -11.3127 1.28345 -0.027933 -2648.88 249.478
24 71.9474 21.6586 130.501 25.9015 -7.98082 1.07897 -0.0233026 -2768.21 259.746
25 -31.4795 42.0047 123.822 34.1667 -9.73268 1.2081 -0.0261682 -2667.17 255.006
26 113.511 16.7124 111.865 42.4291 -11.037 1.32857 -0.0300882 -2707.32 257.712
27 76.4882 20.9974 89.5594 38.5908 -8.95339 1.08302 -0.0224429 -2874.67 264.352
28 101.444 14.861 219.861 -31.4276 3.89872 0.101488 0.00282984 -2654.02 250.242
29 84.248 20.8639 136.772 22.7907 -6.85643 0.974171 -0.0215624 -2280.53 226.036
30 75.8833 19.6459 122.465 28.3644 -8.65589 1.13011 -0.0248177 -2912.94 266.527
31 81.9484 19.3227 119.04 29.6823 -8.5356 1.10947 -0.0239393 -2824.98 262.199
32 0.0572518 16.6112 -165.367 113.958 -21.9885 2.04599 -0.0463056 -2663.63 251.103
33 40.8133 18.6571 -141.984 128.02 -24.2274 2.1619 -0.0481826 -2851.63 263.319
34 -18.5427 18.7228 -30.4068 45.6449 -10.5441 1.24563 -0.0269833 -2910.61 265.48
35 15.8533 14.2953 -92.6241 78.2954 -15.2999 1.53815 -0.0333546 -2786.87 259.35
36 -2.50183 16.9009 -159.005 109.866 -21.0069 1.9458 -0.0431926 -2881.13 263.056
37 4.84592 17.9819 -159.697 119.353 -23.323 2.15497 -0.0495217 -2902.87 264.772
38 0.0211346 15.4368 -135.404 98.4538 -19.4006 1.84789 -0.0412186 -2792.94 257.631
39 17.6711 18.6519 -118.125 105.722 -20.7184 1.94527 -0.0435222 -2800.29 260.255
40 -22.4709 17.7843 -166.74 109.109 -21.4704 2.01196 -0.0452697 -2788.82 258.762
41 -6.23536 16.3809 -151.841 104.527 -20.3196 1.92363 -0.0435347 -2646.28 249.482
42 2.28627 19.5873 -175.28 130.209 -25.3516 2.32349 -0.054305 -2998.23 272.373
43 -11.6347 17.867 -155.069 107.291 -20.9503 1.99013 -0.0457022 -2785.5 258.484
44 24.0619 18.0655 -179.639 135.764 -25.5463 2.28424 -0.0523237 -2935.19 267.557
45 3.22781 18.2389 -91.5654 83.7061 -16.8717 1.67827 -0.0369423 -2799.53 261.469
46 -15.0195 22.6044 -118.036 98.1685 -18.9602 1.7701 -0.038277 -2734.39 255.236
47 20.436 14.7818 100.415 -16.9623 2.12454 0.196969 0.00135333 -2561.99 242.248
48 -24.1923 19.3666 -102.43 73.6456 -14.2989 1.45262 -0.0309126 -2878.65 263.078
49 -2.34469 19.5161 -72.9982 71.926 -13.9496 1.40089 -0.0294777 -2981.27 266.793
50 -21.6175 18.6598 -186.53 118.941 -22.5647 2.04133 -0.0458923 -2828.68 256.962
51 -13.133 18.9656 -110.38 88.0991 -17.709 1.73312 -0.0389799 -2714.8 250.772
52 35.1319 17.5606 -30.9236 71.6195 -15.21 1.56812 -0.0348753 -2679.62 252.061
53 32.1505 18.8596 -91.5531 96.5445 -18.3857 1.72987 -0.0370352 -2926.03 269.99
54 -16.2205 22.0214 -95.0578 83.948 -16.4952 1.61585 -0.0349339 -2794.75 259.118
55 47.7977 16.2077 -84.1497 94.1581 -17.7903 1.67443 -0.0354895 -2846.32 264.601
56 4.53815 20.9145 -77.4724 85.2742 -16.9232 1.62942 -0.035053 -2804.64 258.456
57 2.57175 18.0043 -38.4879 49.291 -8.98464 0.953372 -0.0157674 -3175.71 279.411
58 -1.01292 19.3977 -175.778 126.128 -24.1254 2.1881 -0.049833 -2930.55 266.882
59 11.9579 17.8431 -133.495 111.407 -22.0586 2.04722 -0.0462958 -2771.58 255.671
60 -22.8939 20.2056 -237.538 149.66 -28.3871 2.49327 -0.0571606 -2772.53 257.33
61 -8.74466 20.1497 -148.082 110.925 -21.2531 1.93286 -0.0421924 -3026.35 271.593
62 -13.8464 18.7649 -156.489 108.594 -20.9159 1.9467 -0.0433297 -2892.46 266.082
63 37.2639 14.6279 -241.518 167.136 -31.37 2.72863 -0.0642419 -2885.66 264.235
64 77.2773 20.0606 156.957 5.7956 -3.98347 0.805554 -0.016906 -2972.05 273.987
65 79.3219 19.3478 137.586 13.6256 -5.25915 0.899417 -0.0191657 -2732.11 261.194
66 75.4612 14.3206 124.317 6.27887 -4.11313 0.847378 -0.018896 -2734.44 259.107
67 57.9787 21.467 -5.71737 77.7933 -16.241 1.68614 -0.0391051 -2930.84 272.144
68 80.0456 18.0689 195.478 -19.3997 0.684252 0.475796 -0.0100356 -2430 237.544
69 34.0493 18.5232 29.8768 49.3958 -12.4567 1.44556 -0.0332029 -2758.07 257.921
70 70.0458 21.7931 38.7196 63.106 -13.7657 1.51306 -0.0348344 -2775.36 262.461
71 71.265 14.2645 220.631 -49.3415 6.65277 -0.0247189 0.00528247 -2788.79 262.4
72 63.0684 21.2676 127.605 10.4931 -3.73452 0.712303 -0.0124695 -2730.03 261.31
73 106.933 14.3156 325.771 -82.5468 12.2517 -0.416577 0.0149679 -2932.48 273.058
74 34.4279 21.2247 -16.8287 68.5042 -13.9592 1.45392 -0.0313747 -2793.2 262.366
75 85.9139 19.3911 172.09 -3.22893 -1.66626 0.591484 -0.0106254 -2778.17 262.688
76 61.5692 19.051 102.133 20.6624 -6.36115 0.975895 -0.021031 -2599.45 251.282
77 52.5858 21.8909 29.6947 61.2108 -13.3726 1.43214 -0.0312968 -2678.94 254.825
78 98.4808 16.9617 218.572 -25.3472 2.01256 0.341161 -0.00460896 -2896.57 270.088
79 61.8794 16.0463 166.254 -16.2825 -0.0144684 0.49249 -0.00845058 -2715.36 256.074
80 50.2773 19.6977 55.3195 38.0773 -8.5489 1.02542 -0.0203336 -2812.46 259.426
81 54.018 22.1581 70.1506 40.2739 -9.34927 1.12823 -0.0235416 -2796.26 262.18
82 90.5902 11.2284 325.127 -94.8507 13.9306 -0.519445 0.0167547 -2882.81 265.281
83 82.1712 17.1413 234.547 -44.1108 5.87031 0.0237501 0.00401548 -2900.51 269.242
84 86.4865 12.9901 292.401 -78.0226 11.0654 -0.289022 0.0108384 -2919.2 272.038
85 81.148 16.1041 203.107 -30.1368 3.08633 0.253551 -0.00184245 -2917.07 272.256
86 78.6475 18.0116 192.213 -22.6648 2.12692 0.293794 -0.00239615 -2983.62 275.829
87 90.8325 12.3048 347.547 -106.6 16.0918 -0.623517 0.0183187 -2616.42 253.56
88 87.799 12.9018 286.903 -75.7625 10.8782 -0.291823 0.0109517 -2700.33 256.636
89 106.413 10.6642 417.421 -136.34 21.0109 -0.957196 0.0262866 -2890.45 270.136
90 91.6813 11.6963 378.737 -120.882 18.1702 -0.746423 0.0203952 -2684.52 254.755
91 98.2674 14.5149 324.388 -85.8641 12.3926 -0.344727 0.01136 -2945.09 275.741
92 97.0204 12.2791 375.638 -116.645 17.7845 -0.752659 0.0216676 -2885.48 268.082
93 113.127 10.688 400.642 -122.783 18.4494 -0.780506 0.0225696 -2859.1 270.754
94 96.9674 12.3916 356.554 -104.731 15.2602 -0.540067 0.0161067 -2957.38 275.378
95 97.5549 12.5005 356.652 -104.713 15.2636 -0.539443 0.0162225 -2957.38 275.378
