0 230.902 7.82682 509.656 -122.321 17.7468 -0.689573 0.0184343 -2723.66 264.351
1 204.511 10.8133 566.31 -158.133 24.28 -1.15498 0.0292975 -2593.24 253.52
2 199.254 8.90368 472.211 -117.931 17.1535 -0.649048 0.0174783 -2511.71 250.029
3 186.527 10.1547 475.175 -124.555 18.4752 -0.735179 0.0194391 -2551.12 252.826
4 217.281 5.27323 481.82 -124.337 18.4212 -0.744565 0.0195277 -2469.29 245.438
5 194.83 12.2021 436.823 -96.7724 14.018 -0.467792 0.0139877 -2463.2 247.349
6 218.23 7.74374 537.862 -145.789 22.561 -1.09984 0.0299538 -2442.54 245.05
7 222.758 10.4143 552.594 -145.047 22.241 -1.02147 0.0267168 -2331.89 240.912
8 210.873 13.2213 496.158 -117.011 17.7903 -0.750517 0.0210997 -2412.11 245.472
9 55.0356 36.3295 565.714 -167.473 26.0816 -1.30169 0.0330655 -2356.55 237.803
10 209.119 7.78041 565.239 -163.01 25.246 -1.24928 0.03272 -2470.07 247.738
11 196.885 16.6849 595.211 -162.532 25.648 -1.32515 0.0355596 -2426.57 245.202
12 205.455 9.44393 460.109 -108.736 15.9506 -0.605277 0.017262 -2316.26 237.363
13 182.512 10.1627 465.052 -122.98 18.8951 -0.853617 0.0240913 -2648.36 255.11
14 213.95 9.73048 473.108 -108.516 15.5584 -0.551047 0.015368 -2392.16 243.172
15 176.473 15.7399 287.843 -24.9648 1.99789 0.352887 -0.00592497 -2395.97 241.918
16 187.656 12.6815 463.565 -115.109 17.8025 -0.782619 0.0222977 -2593.28 252.916
17 199.575 9.29907 524.72 -145.976 22.6653 -1.08452 0.0287578 -2382.89 240.826
18 202.699 7.85375 541.467 -154.618 23.8502 -1.14759 0.0298162 -2426.72 242.826
19 209.544 7.35221 554.543 -161.04 25.3743 -1.29179 0.0338352 -2473.99 243.796
20 217.195 11.0029 425.915 -79.3551 10.5556 -0.218994 0.00723006 -2474.5 245.368
21 199.676 12.961 384.043 -68.4701 9.77717 -0.234096 0.00936241 -2486.71 247.087
22 184.948 13.4979 419.098 -89.673 12.9167 -0.40397 0.012463 -2576.81 253.009
23 237.839 9.06344 616.479 -175.185 28.215 -1.52556 0.0408027 -2700.92 261.562
24 171.28 16.2007 451.902 -102.127 14.522 -0.493685 0.0142452 -2526.24 249.205
25 217.516 9.63652 531.539 -138.794 21.2816 -0.975855 0.0257806 -2442.16 244.593
26 217.805 6.94477 546.317 -151.755 23.5928 -1.17401 0.0312923 -2520.68 246.453
27 163.73 18.4242 503.184 -128.392 19.4971 -0.859504 0.0231389 -2469.2 245.355
28 223.547 7.91699 550.078 -150.405 23.714 -1.20043 0.0321271 -2213.69 228.735
29 209.217 8.14805 518.923 -139.05 21.2562 -0.991336 0.0265247 -2420.41 241.539
30 223.975 8.43332 531.691 -138.132 21.2479 -0.999069 0.02692 -2595.31 253.461
31 221.658 10.5466 513.09 -126.721 19.611 -0.905781 0.0255385 -2452.02 246.946
32 64.606 17.2296 458.267 -140.421 18.8037 -0.666263 0.0165892 -2829.68 263.885
33 84.929 12.1886 481.909 -150.979 19.9241 -0.709144 0.0170128 -2796.79 261.234
34 108.285 4.20209 349.717 -103.868 13.0407 -0.282676 0.00753896 -2707.35 254.734
35 109.776 7.74318 372.088 -103.794 12.8878 -0.266884 0.00738896 -2689.11 256.437
36 122.465 1.83445 342.236 -105.107 14.4622 -0.480593 0.01433 -2689.84 253.366
37 97.3049 3.08066 329.799 -100.879 12.4508 -0.253925 0.00693928 -2666.62 249.411
38 95.2129 5.18035 431.607 -139.447 18.1653 -0.624436 0.0154318 -2823.54 259.353
39 66.7792 8.40356 356.57 -131.67 20.4038 -0.954867 0.0267792 -2689.43 252.815
40 131.899 4.67744 321.5 -81.5658 10.2094 -0.166595 0.00599801 -2840.08 261.241
41 72.9605 8.22452 223.197 -55.8042 6.07138 0.119796 -0.000196341 -2736.45 257.028
42 116.766 5.96173 355.695 -97.2674 11.9324 -0.22024 0.00617457 -2672.05 252.228
43 121.828 1.79626 431.783 -156.605 24.5635 -1.26284 0.0348097 -2750.05 255.692
44 95.8426 6.1536 285.92 -81.5128 10.5959 -0.200084 0.00742375 -2741.51 257.037
45 111.107 4.27942 354.945 -113.101 16.1402 -0.583729 0.0159888 -2731.21 255.448
46 89.4557 5.17402 406.911 -147.707 22.1649 -1.01451 0.0267133 -2740.33 254.846
47 127.151 2.23616 411.244 -127.075 17.2153 -0.653479 0.017795 -2735.34 251.539
48 74.5633 11.1649 317.82 -99.0426 14.4502 -0.517407 0.0154941 -2836.91 260.652
49 79.1493 5.76888 398.164 -146.444 22.11 -1.04355 0.0277492 -2597.14 242.604
50 139.233 6.52897 456.83 -145.159 21.9206 -1.00897 0.0266146 -2685.03 254.393
51 86.9615 5.15982 387.765 -140.127 21.245 -1.00192 0.0270915 -2863.84 258.6
52 88.8316 8.75006 363.805 -119.405 17.7388 -0.743367 0.0208504 -2897.88 263.889
53 125.26 9.45312 353.55 -92.5591 12.7415 -0.364732 0.0111166 -2689.79 254.415
54 97.9487 9.35349 349.21 -109.532 16.8111 -0.748888 0.0228566 -2849.6 262.225
55 114.981 7.13246 438.176 -147.833 22.8156 -1.11733 0.0302585 -2788.67 258.717
56 108.558 7.16131 308.269 -84.0434 11.6233 -0.347619 0.0116289 -2717.41 250.902
57 100.218 8.70433 408.01 -136.392 20.8009 -0.96743 0.0264951 -2791.68 258.329
58 76.9488 9.9432 321.655 -101.614 14.6748 -0.522211 0.0157161 -2589.41 247.357
59 104.527 6.28431 400.41 -136.2 20.6727 -0.946965 0.0252859 -2552.97 241.271
60 102.286 8.10388 401.081 -131.03 19.3944 -0.829863 0.0223435 -2655.34 250.841
61 123.543 5.33837 337.547 -97.7167 14.1971 -0.538045 0.0167516 -2669.9 249.508
62 87.4062 9.40745 365.415 -120.206 18.1041 -0.78355 0.0219683 -2596.01 245.989
63 101.987 6.93167 320.903 -94.4706 13.501 -0.4757 0.0147181 -2719.22 251.188
64 145.011 6.67493 541.052 -186.802 29.7731 -1.61772 0.0427572 -2654.16 251.996
65 182.094 4.53038 499.492 -148.847 22.3847 -1.04577 0.0277633 -2562.01 248.227
66 142.705 8.50075 507.025 -165.422 25.6701 -1.27666 0.0336376 -2685.96 258.487
67 90.4505 14.1658 215.262 -23.6948 0.0338376 0.556528 -0.0115131 -2712.73 254.88
68 137.588 8.59199 404.847 -115.656 17.0159 -0.686591 0.019511 -2609.2 250.818
69 121.788 14.0595 218.883 -7.51835 -3.04459 0.774979 -0.0174032 -2562.78 243.569
70 123.878 10.8226 294.839 -59.8965 7.11105 0.00859052 0.00285038 -2641.04 251.815
71 133.243 8.39146 453.244 -146.369 23.0897 -1.17361 0.0329786 -2686.2 255.758
72 133.481 7.50744 493.463 -166.695 26.2502 -1.36521 0.0368002 -2946.8 271.73
73 130.703 11.6543 473.393 -143.604 21.7187 -1.02203 0.0280138 -2696.69 255.96
74 126.959 12.8438 222.76 -11.1335 -2.43425 0.760123 -0.0180143 -2729.39 255.139
75 111.743 8.00302 428.13 -140.139 20.8556 -0.913285 0.0236597 -2790.42 258.663
76 137.083 8.51646 474.014 -152.647 23.7485 -1.1748 0.0318563 -2699.52 256.719
77 140.279 7.40665 444.091 -137.217 21.0076 -1.00307 0.0280533 -2594.45 248.643
78 118.977 7.90895 425.106 -137.671 21.112 -1.00279 0.0277217 -2683.3 253.072
79 135.167 6.80209 450.452 -143.932 21.9476 -1.03876 0.0276055 -2590.29 246.43
80 108.719 10.2801 364.309 -108.132 16.1796 -0.650194 0.018592 -2543.53 243.751
81 141.081 7.37551 411.318 -119.488 17.6034 -0.725859 0.0198225 -2763.33 257.006
82 164.734 6.37567 440.078 -127.001 19.4567 -0.910829 0.0256092 -2505.7 242.148
83 132.844 7.69089 483.331 -159.643 24.6363 -1.20798 0.0305161 -2901.1 261.76
84 92.1066 14.7323 247.774 -48.9511 6.19254 0.0418107 0.00226041 -2614.14 250.396
85 159.386 9.50632 466.531 -136.738 21.3109 -1.02446 0.0279659 -2672.82 254.42
86 113.306 14.5578 289.688 -61.9081 8.91135 -0.187989 0.00872463 -2808.69 262.872
87 126.007 15.0106 339.83 -79.9335 11.9131 -0.367628 0.0121639 -2654.93 254.635
88 109.068 10.7856 332.171 -88.0572 12.1268 -0.315692 0.00931904 -2632.66 249.723
89 143.776 10.9514 409.383 -112.24 17.0376 -0.717009 0.0198621 -2585.59 245.857
90 90.6698 18.1352 215.261 -26.1129 2.38431 0.300946 -0.00358048 -2682.37 255.519
91 96.5247 17.7429 116.359 23.2757 -5.89929 0.887354 -0.0184167 -2551.11 247.521
92 106.909 13.0872 344.54 -94.0558 13.9505 -0.49335 0.0150092 -2549.15 246.356
93 95.8551 14.5057 252.562 -49.1202 5.93907 0.093599 0.000135676 -2820.73 263.457
94 103.676 12.6186 332.32 -89.207 12.8753 -0.409421 0.0131591 -2815.31 263.066
95 103.676 12.6186 306.597 -92.2937 12.5049 -0.453871 0.0078252 -2815.31 263.066
