0 135.268 11.8041 425.749 -118.398 17.7776 -0.787217 0.0219842 -2536.75 240.859
1 124.581 10.6229 381.544 -99.8656 13.7345 -0.455255 0.0131287 -2529.88 239.991
2 -19.6665 39.7385 337.258 -76.2875 10.0712 -0.203464 0.0078306 -2476.8 241.686
3 98.8513 18.6072 201.083 0.850521 -4.7434 0.954014 -0.0231823 -2296.26 230.356
4 101.626 13.3995 354.11 -84.2529 9.70046 -0.0683671 0.00207318 -2483.51 240.451
5 117.984 16.9551 260.339 -28.2022 1.15083 0.476796 -0.00991151 -2644.54 253.241
6 111.245 14.3842 304.32 -55.1765 5.0827 0.241144 -0.00510866 -2378.25 234.748
7 112.099 17.2614 242.438 -20.2377 -0.544595 0.630233 -0.0149115 -2374.16 235.247
8 141.724 14.3406 351.997 -63.3881 6.49332 0.138133 -0.00267818 -2295.06 231.359
9 198.305 3.62337 485.438 -131.28 18.5176 -0.72573 0.0187952 -2435.74 239.613
10 130.994 10.4988 347.957 -76.8102 8.84888 -0.0300005 0.00133741 -2471.03 239.367
11 130.398 12.0127 491.948 -138.316 18.6869 -0.701398 0.0175276 -2398.41 235.32
12 159.453 8.62966 439.9 -110.667 14.5934 -0.459873 0.0123713 -2236.94 225.026
13 131.178 17.5057 375.181 -72.6392 8.30481 -0.00654649 0.00103526 -2566.4 246.044
14 152.675 10.4906 388.897 -85.8304 10.3759 -0.142017 0.00392443 -2462.68 237.8
15 162.799 10.3605 432.488 -99.8085 12.4008 -0.273478 0.00743736 -2372.88 235.369
16 168.216 14.7432 320.35 -39.1744 3.23667 0.317805 -0.00659892 -2133.8 221.636
17 151.878 13.475 316.341 -47.8524 4.62815 0.223629 -0.00415027 -2300.46 231.032
18 147.487 11.8271 359.141 -74.0081 8.93725 -0.0710047 0.00273642 -2463.62 238.68
19 115.548 16.3882 300.453 -49.5179 4.55724 0.272118 -0.00646944 -2505.66 241.873
20 103.303 14.9999 228.007 -21.4009 -0.271858 0.568034 -0.012499 -2480.74 237.791
21 128.671 11.1077 266.146 -39.7852 3.09623 0.338855 -0.00718937 -2619.2 246.916
22 96.509 23.0072 400.574 -89.0718 11.3889 -0.239135 0.00723271 -2392.86 237.24
23 140.455 12.3524 329.317 -66.4727 8.45417 -0.0810013 0.00364821 -2389.76 233.521
24 179.986 9.35966 293.129 -41.8135 4.99194 0.11681 -9.98498e-05 -2305.4 231.073
25 140.957 9.5285 382.107 -98.8726 13.9897 -0.475497 0.0133293 -2525.29 239.919
26 165.131 10.8006 394.57 -90.1939 12.4824 -0.361216 0.0106166 -2563.18 246.276
27 126.669 8.59954 271.642 -53.2814 6.06356 0.0765644 0.000479053 -2550.94 242.01
28 136.013 12.2906 359.699 -76.2941 9.05161 -0.0770339 0.00283951 -2428.32 235.359
29 166.101 3.56807 363.787 -89.8303 11.8672 -0.29356 0.00865145 -2451.49 236.992
30 161.55 9.28618 438.319 -122.218 18.7578 -0.838682 0.0229444 -2395.97 236.653
31 162.09 11.6287 331.309 -56.8835 6.64509 0.0407112 0.00140561 -2409.53 238.054
32 96.4601 15.512 834.915 -294.898 42.4218 -2.17237 0.0499688 -2619.53 250.728
33 91.1394 17.2716 692.845 -228.807 31.7893 -1.44585 0.0324521 -2819.26 262.225
34 110.64 12.0378 611.154 -200.145 28.1115 -1.26855 0.0295979 -2721.53 254.459
35 106.736 12.2248 372.511 -96.7142 11.9035 -0.204206 0.00573057 -2609.52 252.147
36 131.245 7.6605 611.645 -203.337 29.0434 -1.36961 0.0325767 -2622.52 246.928
37 159.934 0.761385 455.478 -135.636 18.0279 -0.619625 0.0153256 -2680.99 253.419
38 163.32 1.15255 862.141 -306.029 43.7708 -2.30365 0.054047 -2546.44 242.05
39 157.666 5.07655 482.916 -140.258 18.9867 -0.687599 0.0166917 -2474.95 242.835
40 18.4335 29.2844 458.296 -132.344 17.5771 -0.609985 0.0151017 -2588.99 246.402
41 189.74 -5.21745 488.841 -150.271 20.1314 -0.746145 0.0173023 -2336.67 229.686
42 78.2754 17.0014 724.836 -253.491 36.883 -1.9089 0.0457963 -2670.37 249.246
43 128.134 3.87228 384.657 -114.468 15.5471 -0.526092 0.014178 -2643.82 247.758
44 -17.6219 36.9306 495.47 -145.086 19.4775 -0.714359 0.0165367 -2539.31 242.028
45 53.6922 23.7003 444.644 -121.307 15.5807 -0.455026 0.0108647 -2550.25 243.603
46 119.002 8.96409 300.489 -72.3873 9.70848 -0.202086 0.00791301 -2712.95 253.278
47 77.7473 19.3098 679.813 -222.596 31.2991 -1.52165 0.0362662 -2571.29 241.82
48 104.177 7.5933 459.053 -166.458 26.8327 -1.45739 0.0391233 -2887.48 260.446
49 116.531 10.4803 313.204 -70.19 8.14657 0.00365701 0.00110307 -2644.56 250.003
50 103.407 15.766 565.916 -173.21 23.8283 -0.993836 0.022773 -2470.58 238.07
51 131.934 3.26887 423.486 -130.043 17.8123 -0.67206 0.0172758 -3010.03 266.79
52 149.85 9.03511 347.656 -81.1864 11.4887 -0.351245 0.0118454 -2514.45 241.925
53 121.895 9.43205 328.417 -77.2644 9.24945 -0.0628735 0.0021502 -2369.28 232.829
54 131.759 5.83007 338.439 -90.127 12.3221 -0.361878 0.0111687 -2850.35 258.809
55 222.962 -9.79637 502.252 -148.855 19.6263 -0.732363 0.0172843 -2270.22 223.672
56 204.834 -7.31923 303.445 -75.7229 10.701 -0.313993 0.0112645 -2664.35 248.051
57 219.06 -9.83136 86.4817 20.5834 -4.58494 0.722145 -0.0132484 -2607.96 246.272
58 129.44 7.12584 464.613 -156.561 24.9993 -1.33805 0.0368669 -2905.56 263.272
59 116.895 8.22721 263.178 -53.7482 6.03518 0.0747117 0.000956117 -2631.32 247.253
60 149.528 1.94411 393.438 -121.469 18.2048 -0.804521 0.0227389 -2809.79 258.779
61 107.679 6.89009 313.921 -84.6946 11.0497 -0.257714 0.00836432 -2653.79 246.345
62 141.058 8.63729 355.439 -90.7706 13.0496 -0.428648 0.0128713 -2709.84 252.759
63 135.276 6.61319 289.609 -64.2035 8.27487 -0.108185 0.00524049 -2565.17 240.766
64 124.445 8.30678 323.511 -73.1661 8.14457 0.0233376 -0.000269035 -2696.41 250.778
65 149.311 4.49807 431.902 -126.188 17.87 -0.726984 0.0196884 -2591.68 243.916
66 128.229 13.8871 300.196 -50.9419 5.15439 0.192198 -0.00294243 -2512.96 245.057
67 111.927 7.61878 281.337 -56.3606 4.49642 0.325528 -0.00806021 -2646.1 248.245
68 109.252 15.3458 305.257 -53.95 5.08545 0.201612 -0.0028898 -2707.11 255.405
69 93.2153 14.9082 209.264 -7.85481 -4.1079 0.912058 -0.0224849 -2571.47 241.498
70 116.689 12.6157 258.797 -35.8419 2.26077 0.375463 -0.00706259 -2663.89 250.458
71 103.535 14.5627 280.266 -51.9673 5.54431 0.135156 -0.00116222 -2522.09 242.18
72 129.451 5.82057 400.183 -123.512 18.2902 -0.780198 0.0213531 -2557.66 243.179
73 96.5516 14.5871 234.7 -24.6362 -0.420733 0.613776 -0.0138696 -2582.21 244.769
74 125.559 7.12067 347.208 -94.0043 13.0486 -0.421258 0.0125624 -2578.75 242.754
75 141.18 6.39131 419.898 -126.121 18.7858 -0.821509 0.0223382 -2623.45 247.178
76 150.976 5.00523 380.122 -105.85 15.5027 -0.614843 0.0179153 -2535.07 241.943
77 139.464 9.0407 364.649 -83.933 10.2249 -0.161129 0.00464919 -2509.74 237.652
78 153.07 6.07939 440.332 -132.826 20.3912 -0.978225 0.0273518 -2694.16 251.84
79 158.457 4.98398 258.22 -40.9023 5.28124 -0.0615558 0.00496093 -1990.42 189.726
80 150.768 5.14327 424.04 -125.141 18.5167 -0.812353 0.0221672 -2654.89 247.64
81 132.877 7.19487 284.965 -57.7166 6.72399 -0.00309342 0.00306578 -2598.23 243.034
82 127.748 6.13581 383.071 -114.016 16.7097 -0.699964 0.020039 -2588.98 242.554
83 130.662 5.25231 406.754 -126.251 18.7186 -0.828074 0.022786 -2726.58 251.611
84 138.798 8.03373 415.282 -122.02 18.1981 -0.770501 0.0208302 -2579.92 246.423
85 139.831 8.26757 444.567 -136.199 20.726 -0.947875 0.0252815 -2740.74 256.919
86 131.165 9.18599 402.823 -117.222 17.4673 -0.729927 0.0205835 -2551.85 246.213
87 110.46 13.9644 239.549 -35.5455 3.60661 0.224278 -0.00266263 -2779.61 257.032
88 113.948 9.22927 389.098 -119.654 18.0469 -0.783986 0.0225717 -2659.85 252.123
89 113.193 10.1149 373.859 -110.682 16.6428 -0.692403 0.0197238 -2604.88 246.887
90 134.469 8.71588 461.038 -148.18 23.3014 -1.16805 0.0312233 -2667.99 250.522
91 131.736 7.68341 407.556 -121.078 17.8428 -0.745026 0.0204096 -2667.14 250.572
92 122.572 8.39462 387.42 -113.238 16.2666 -0.605589 0.016365 -2591.58 246.093
93 136.011 9.02256 426.269 -128.53 19.7092 -0.901933 0.0246078 -2565.71 245.334
94 -68.7448 51.3342 458.866 -142.385 22.2246 -1.07897 0.0288416 -2704.02 254.341
95 -79.5462 49.331 493.473 -141.522 21.7913 -1.18917 0.0105685 -2704.02 254.341
