0 85.8186 20.1141 345.038 -82.1347 11.1183 -0.245353 0.00860854 -2738.84 261.918
1 133.532 11.4595 338.717 -80.8592 11.288 -0.280817 0.00995226 -2914.53 272.45
2 122.178 7.30329 255.316 -55.2377 6.71845 0.0466958 0.00180998 -2545.01 248.505
3 34.0709 32.0259 626.184 -199.88 29.1218 -1.38671 0.0341543 -3123.4 287.264
4 50.1229 25.9408 657.354 -208.114 28.2769 -1.21807 0.0277589 -2513.1 246.115
5 129.117 11.3957 220.21 -28.5921 3.0352 0.238288 -0.00113022 -2800.34 266.194
6 72.3294 24.6108 531.421 -154.729 21.5201 -0.867769 0.0212931 -2665.81 256.789
7 116.343 12.6423 423.033 -115.435 15.2959 -0.454538 0.0118276 -2930.13 271.538
8 183.741 0.387011 479.766 -140.656 19.5456 -0.771907 0.0203144 -2822.68 265.076
9 62.3499 26.0218 379.908 -92.6113 12.459 -0.308895 0.00970289 -2814.2 267.294
10 63.3165 24.6119 363.713 -79.1536 8.848 0.00713914 0.000594049 -2634.35 255
11 108.937 15.3145 546.006 -166.452 23.4867 -1.03581 0.0265558 -2710.43 257.518
12 73.2599 23.0595 444.721 -120.152 16.3489 -0.557523 0.0150626 -2605.78 252.541
13 -16.0282 41.4632 702.434 -224.041 31.5615 -1.49455 0.0350059 -2628.9 251.471
14 36.1309 28.2485 260.89 -37.3066 2.46354 0.411588 -0.00885961 -2637.2 251.97
15 119.964 11.6883 537.062 -165.014 23.0703 -1.00279 0.0258797 -2808.87 263.25
16 127.439 8.6543 365.264 -94.714 12.4244 -0.318849 0.00969455 -2638.31 250.808
17 144.129 6.87986 399.883 -102.319 12.7478 -0.285002 0.00835573 -2611.14 251.99
18 -20.6791 43.7476 271.814 -40.359 4.68179 0.161715 -0.000768807 -2538.42 249.91
19 130.9 11.9432 220.296 -30.6235 4.16386 0.111649 0.00208507 -2622.84 251.42
20 -70.2851 47.773 288.876 -61.7378 8.43226 -0.125055 0.00632268 -2794.37 260.297
21 164.398 6.37598 407.476 -109.463 15.9879 -0.624221 0.0179508 -2596.77 248.978
22 155.081 7.48638 366.787 -85.7313 11.016 -0.225959 0.00767497 -2471.38 243.215
23 164.955 7.46232 459.145 -135.072 21.0216 -1.02 0.0282686 -2617.27 249.86
24 161.107 1.83653 257.44 -48.2341 5.42444 0.107098 0.000661419 -2762.29 257.862
25 122.568 10.2301 388.311 -113.408 17.0137 -0.700786 0.0200212 -2570.28 247.724
26 122.902 8.2631 401.593 -121.932 18.0056 -0.742409 0.020534 -2797.55 261.927
27 122.424 8.81908 469.124 -158.562 25.1609 -1.30999 0.0359237 -2844.2 263.893
28 147.134 7.80902 295.757 -63.2067 8.70681 -0.154331 0.00736374 -2738.17 257.505
29 -59.9669 46.2296 345.732 -76.1628 8.89366 -0.041507 0.00242563 -2807.05 262.282
30 126.916 6.6525 333.291 -90.2889 12.5444 -0.368021 0.0114084 -2643.52 250.08
31 55.3999 24.8624 232.356 -29.8472 2.84563 0.226582 -0.000510477 -2722.58 257.33
32 145.008 6.21716 550.005 -192.377 30.2488 -1.57789 0.040926 -2882.33 271.939
33 184.166 10.0999 400.003 -90.4929 12.6782 -0.316681 0.00971666 -2473.18 252.586
34 125.232 9.3388 456.601 -149.66 23.1993 -1.10669 0.0299189 -2897.72 270.968
35 152.57 9.68795 562.825 -189.984 30.4859 -1.628 0.0425102 -2832.59 269.761
36 147.876 8.1287 461.145 -144.823 22.7056 -1.11108 0.0309561 -2878.26 271.081
37 145.231 10.07 486.85 -152.934 23.5604 -1.09419 0.0284866 -2881.59 273.331
38 244.089 -10.6665 417.057 -115.313 16.0995 -0.576042 0.0161955 -2771.24 261.086
39 153.912 11.5088 593.334 -200.608 32.6561 -1.82637 0.0492721 -2750.41 267.28
40 153.547 7.82757 493.276 -155.517 23.7545 -1.10295 0.0283456 -2755.02 262.407
41 145.668 13.0873 389.965 -96.0599 13.8632 -0.453429 0.014777 -2756.05 268.392
42 148.791 9.69252 358.409 -85.3861 11.7992 -0.307835 0.0100137 -2725.71 259.791
43 168.493 8.05037 493.478 -148.264 22.8402 -1.08517 0.0289879 -2876.35 271.692
44 173.152 6.50522 542.248 -173.896 27.3142 -1.41172 0.0375676 -2857.13 270.66
45 162.124 7.93426 505.098 -163.78 26.8162 -1.469 0.0406689 -2844.07 267.647
46 171.563 8.16754 594.682 -199.568 32.2478 -1.77772 0.046617 -2646 256.743
47 87.9199 20.5592 353.191 -78.9845 10.0627 -0.1676 0.00605352 -2568.09 248.805
48 146.59 9.6652 474.024 -145.128 22.1784 -1.01106 0.0263669 -2584.68 251.731
49 126.111 14.8694 401.4 -101.975 14.4386 -0.49878 0.0153891 -2787.27 264.754
50 110.491 16.7387 490.534 -152.645 23.7583 -1.17586 0.0319632 -2624.4 254.979
51 143.614 7.10153 461.675 -147.051 22.6588 -1.07913 0.029011 -2755.29 260.93
52 148.495 11.3618 497.923 -157.068 25.4239 -1.34695 0.0373417 -2703.04 259.619
53 154.632 9.91387 467.364 -142.183 22.5861 -1.11623 0.031342 -2916.07 275.464
54 156.747 10.0065 464.777 -138.682 21.9926 -1.09092 0.0304849 -3005.29 275.976
55 145.621 9.28866 463.416 -144.837 22.7922 -1.11002 0.0305207 -2762.04 264.439
56 159.81 7.10026 258.441 -36.4893 3.3151 0.276893 -0.00374997 -2633.99 253.546
57 149.507 8.24379 477.048 -152.168 24.1231 -1.22201 0.0337259 -2771.81 264.308
58 53.5439 31.2511 518.339 -159.293 24.9792 -1.23983 0.0333042 -2647.32 259.659
59 119.411 15.1175 283.915 -47.4666 5.08804 0.165429 -0.00127182 -2539.7 248.972
60 141.052 6.71436 440.401 -135.649 20.1685 -0.876041 0.0235511 -2697.77 256.367
61 154.256 9.92257 489.626 -150.269 23.645 -1.1827 0.0323798 -2724.16 260.946
62 140.904 11.8396 447.39 -132.799 20.8979 -1.00551 0.0289878 -2709.73 262.238
63 132.975 12.0726 343.856 -84.6878 12.4614 -0.397711 0.0134351 -2632.01 255.569
64 174.068 1.07915 459.544 -137.257 19.5152 -0.795243 0.0212205 -2903.86 269.431
65 105.612 12.618 356.086 -92.1284 12.1366 -0.293396 0.00879973 -2780.74 259.277
66 53.4381 22.7756 529.019 -184.207 29.2715 -1.56362 0.0409103 -2808.81 261.766
67 123.819 7.48316 421.536 -130.516 18.8161 -0.748348 0.0200164 -2683.51 256.483
68 77.5099 18.0754 390.059 -100.899 12.2486 -0.20588 0.00486527 -2831.32 263.76
69 82.7875 20.2112 522.687 -151.167 20.3204 -0.802118 0.020655 -2810.22 262.124
70 82.6383 14.7654 472.584 -151.32 21.7581 -0.941199 0.0237603 -2649.78 249.705
71 89.0711 15.6681 324.888 -73.2469 8.18057 0.034197 -0.000224964 -2773.46 259.607
72 121.8 7.97332 431.604 -143.68 22.6667 -1.13319 0.0319122 -2817.2 265.343
73 130.324 10.6797 524.513 -162.724 23.6956 -1.10279 0.0290337 -2707.37 255.796
74 140.643 4.59045 438.228 -134.998 19.5159 -0.839098 0.0227863 -2645.13 248.801
75 130.704 7.51674 442.588 -138.25 20.4289 -0.890799 0.0237058 -2946.51 269.924
76 129.095 11.3662 409.333 -119.377 18.4919 -0.855544 0.0253099 -2894.01 269.463
77 111.23 14.9565 314.403 -62.7266 7.06862 0.0645491 -6.93614e-05 -2688.18 255.106
78 113.642 11.1225 329.506 -76.7478 9.10773 -0.0599155 0.00277875 -2791.99 261.309
79 105.444 12.392 316.678 -74.7335 9.35675 -0.110987 0.00445856 -2539.47 244.636
80 145.57 -0.0701101 399.673 -124.345 17.4565 -0.683706 0.0186511 -2839.5 259.522
81 -37.4975 39.2543 369.905 -95.2241 12.2736 -0.301765 0.00939707 -2725.16 256.599
82 115.657 7.07113 379.448 -116.234 16.558 -0.592533 0.0160156 -2587.17 250.016
83 111.744 11.9636 470.995 -140.633 19.6637 -0.805835 0.0212277 -2693.25 253.317
84 134.028 11.4932 441.715 -132.018 20.2541 -0.915233 0.0250792 -2792.33 264.61
85 134.911 8.2414 492.347 -165.4 26.1496 -1.33912 0.0354561 -2477.45 243.627
86 133.169 10.2556 417.543 -125.586 19.631 -0.915693 0.0260816 -2648.25 254.956
87 142.273 10.1383 448.347 -134.679 20.7544 -0.950388 0.0255363 -2641.5 252.719
88 112.873 13.1796 244.342 -37.0461 3.34211 0.301707 -0.00578549 -2414.64 236.8
89 111.545 11.4046 380.166 -112.222 16.7067 -0.650787 0.018328 -2439.72 240.852
90 119.636 7.965 398.89 -123.991 18.4068 -0.762416 0.020765 -2690.24 255.193
91 98.7035 10.1414 425.21 -143.783 22.0243 -1.01104 0.0267718 -2718.81 257.009
92 -8.91805 35.5198 313.516 -87.8013 14.7756 -0.673904 0.022252 -2913.61 270.561
93 113.883 10.3756 383.813 -114.747 17.1267 -0.691424 0.0195245 -2581.65 249.49
94 106.655 9.17131 479.942 -171.492 27.3275 -1.4345 0.0379682 -2818.09 262.337
95 106.655 9.17131 456.925 -174.254 26.9961 -1.47427 0.0331954 -2818.09 262.337
