0 84.5697 4.53561 374.956 -135.748 20.9382 -1.03071 0.0241046 -1769.5 169.015
1 126.648 2.77871 443.943 -152.326 23.4826 -1.17387 0.026208 -1974.05 182.227
2 105.246 0.789161 548.588 -218.151 34.6532 -1.9786 0.0472846 -1841.34 174.864
3 117.479 3.0578 553.46 -217.248 34.8208 -1.94752 0.053047 -1841.34 174.864
4 174.074 -8.66033 234.145 -56.9338 7.22857 -0.0511709 -0.000514167 -1769.5 169.11
5 101.247 -0.475291 463.174 -178.468 27.6552 -1.50618 0.0361156 -2078.22 187.602
6 56.2175 12.5812 439.986 -137.298 17.8564 -0.652975 0.0117803 -1345.66 142.413
7 105.301 0.756161 309.974 -87.2844 10.092 -0.145927 -0.000480011 -1518.93 148.936
32 23.5893 -0.304808 352.934 -150.136 20.7857 -0.90072 0.0181355 -1503.76 142.98
33 40.2703 2.78875 928.802 -385.56 56.6203 -3.18699 0.0695969 -1533.57 145.135
34 21.3134 -0.726878 749.538 -331.868 50.1597 -2.92692 0.068335 -2134.4 182.81
35 22.2341 3.63949 263.005 -111.87 17.0207 -0.825522 0.0202005 -1822.61 163.395
36 23.6492 3.90194 346.669 -146.656 22.1759 -1.13834 0.0265836 -1516.12 143.521
37 21.8264 3.56389 1141.66 -482.106 70.8964 -4.07045 0.0895109 -1578.78 147.817
38 46.4229 -0.188785 -35.2742 84.2836 -23.8303 2.38968 -0.0636914 -1384.19 136.174
