0 128.648 5.45847 272.685 -63.1814 8.11603 -0.0836277 0.00478619 -2555.19 242.043
1 128.942 4.61936 450.09 -151.596 23.2152 -1.13871 0.0305449 -2492.93 238.697
2 -12.3225 30.6209 351.557 -104.941 15.42 -0.618345 0.0181796 -2480.88 236.052
3 120.326 8.03066 339.771 -87.1577 11.1579 -0.23401 0.00726419 -2655.85 248.674
4 78.853 11.6401 83.4873 25.089 -7.69478 1.0665 -0.0242084 -2262.53 222.941
5 126.988 5.26417 438.696 -143.889 21.5479 -0.984738 0.0256875 -2497.83 239.382
6 -56.7582 44.3812 248.926 -40.4159 4.21523 0.187471 -0.00165173 -2633.44 248.643
7 108.958 10.6754 896.623 -391.787 68.4565 -4.49574 0.113302 -3643.87 304.549
8 94.4847 14.2711 364.204 -94.556 12.4873 -0.351704 0.0101838 -2532.71 239.247
9 137.312 4.64316 334.367 -89.7111 12.3978 -0.356102 0.0107801 -2425.1 236.084
10 19.806 29.9159 339.718 -73.8187 8.1465 0.0075907 0.000465789 -2255.19 223.471
11 160.683 -1.80801 126.18 -3.03598 -0.881809 0.469176 -0.00754391 -2545.54 239.382
12 130.04 5.84073 272.312 -54.4946 5.7774 0.121231 -0.00138068 -2495.14 237.022
13 107.143 5.95565 313.231 -92.421 13.4204 -0.497007 0.0154863 -2548.89 238.065
14 111.808 6.9913 286.122 -70.3475 9.03776 -0.154922 0.00663688 -2640.57 244.387
15 131.258 5.65494 302.174 -72.8695 9.5096 -0.181797 0.00665913 -2702.98 247.79
16 91.9161 14.6951 179.228 -11.9514 -0.396293 0.480132 -0.00871335 -2475.15 235.088
17 113.962 10.4647 136.459 -0.311788 -0.856474 0.41818 -0.00552422 -2514.33 236.239
18 67.9977 17.1914 240.689 -39.0818 2.82004 0.345219 -0.00724345 -2380.94 229.775
19 133.105 2.51667 361.994 -108.73 15.4561 -0.581245 0.0156346 -2776.89 250.513
20 113.022 11.7175 30.7792 57.9037 -11.6051 1.23563 -0.0268795 -2464.39 234.922
21 106.66 9.31255 218.047 -39.041 4.49936 0.124801 -0.000293775 -2304.55 222.26
22 125.599 9.0351 280.247 -62.062 8.58751 -0.165235 0.00693642 -2375.65 228.4
23 115.365 7.76544 233.525 -41.6422 4.27748 0.17479 -0.00236085 -2466.68 230.989
24 -66.1492 45.7563 443.972 -114.533 13.8494 -0.36316 0.00941937 -2533.26 239.668
25 87.1783 10.6768 223.255 -37.395 2.40682 0.382267 -0.00807707 -2471.68 234.439
26 -50.2631 42.3254 390.36 -98.534 12.4404 -0.324402 0.00926592 -2615.4 243.384
27 120.234 7.85241 358.481 -104.383 15.6048 -0.646902 0.0186345 -2399.84 229.582
28 62.4858 20.5623 127.467 17.0678 -5.63422 0.846312 -0.0176638 -2421.79 230.199
29 117.664 5.71524 291.729 -76.6684 10.8198 -0.345204 0.0125238 -2459.25 232.443
30 67.1613 14.027 139.951 0.906985 -4.05339 0.82915 -0.0189365 -2588.89 241.003
31 113.186 8.44678 331.816 -92.307 13.4426 -0.49768 0.0152479 -2402.64 229.977
32 -126.807 54.9093 334.428 -93.5117 12.8967 -0.321215 0.00891659 -2536.79 247.546
33 107.874 9.79136 469.711 -160.865 24.4709 -1.12092 0.0279521 -2506.77 244.811
34 84.9778 19.431 306.033 -67.6226 8.66528 -0.0377707 0.00203323 -2599.64 252.551
35 81.9461 12.0569 365.622 -117.337 17.3045 -0.656321 0.0171074 -2853.02 263.822
36 113.708 14.0206 250.654 -35.2758 2.61189 0.382586 -0.00823446 -2481.92 242.138
37 59.0323 23.127 266.747 -40.0943 2.28588 0.473427 -0.0110462 -2509.2 245.838
38 120.186 7.6503 446.868 -146.67 22.0405 -0.99689 0.0261922 -2595.01 249.316
39 70.7072 19.0518 202.421 -18.3024 -0.638677 0.631471 -0.0141254 -2733.53 259.033
40 99.8395 12.3758 242.827 -41.9482 3.69605 0.306162 -0.00648379 -2768.19 257.224
41 118.661 12.5748 450.174 -143.069 22.3463 -1.05417 0.0280452 -2572.26 249.491
42 110.494 12.9662 379.612 -107.71 15.7905 -0.57991 0.0164545 -2712.86 257.15
43 -50.1581 40.4531 355.99 -105.46 15.5332 -0.577927 0.0168213 -2652.1 253.044
44 91.2799 16.2477 218.307 -25.1847 1.0796 0.458291 -0.00872757 -2614.75 250.853
45 115.612 10.2438 372.595 -107.419 15.5432 -0.547827 0.0150582 -2653.51 252.776
46 68.6646 18.3321 162.595 -0.257321 -3.80805 0.834985 -0.0184612 -2743.83 258.852
47 199.154 -7.83282 1008.2 -429.232 70.4822 -4.23818 0.0937552 -1989.43 185.857
48 113.957 13.3636 376.154 -88.3029 10.4254 -0.146022 0.00508001 -2704.04 255.385
49 59.7576 19.6535 347.582 -79.6471 8.09641 0.0842658 -0.00257284 -2577.84 244.282
50 -201.59 71.139 695.206 -238.632 35.0384 -1.80196 0.0435815 -2841.06 261.004
51 86.1879 16.3508 349.724 -81.1506 9.06381 -0.0252901 0.0015156 -2587.55 247.571
52 -28.2318 39.1242 437.107 -120.883 16.1175 -0.542174 0.0141494 -2801.74 258.962
53 -247.341 84.5356 539.153 -155.772 21.7457 -0.918533 0.0234451 -2657.56 253.326
54 102.745 19.4886 266.306 -31.9989 1.72458 0.449179 -0.00949028 -2686.48 256.071
55 64.3559 24.6041 263.01 -33.8333 1.6789 0.481586 -0.0109554 -2462.19 241.335
56 44.5672 28.9443 732.105 -240.96 34.5588 -1.73802 0.0412934 -2610.92 246.414
57 100.278 15.7194 358.937 -84.8009 10.3486 -0.142357 0.00461481 -2459.73 240.553
58 115.378 19.0435 264.86 -22.2664 -0.687665 0.672287 -0.0158353 -2361.8 238.605
59 86.4436 20.3162 518.148 -146.784 19.3087 -0.680539 0.0160733 -2786.53 260.088
60 109.538 20.607 516.98 -135.039 17.3885 -0.54023 0.0118666 -2291.27 230.389
61 22.2419 28.7897 676.232 -222.388 30.7428 -1.41265 0.0326395 -2477.16 240.172
62 125.811 18.7975 690.849 -209.855 29.0288 -1.28524 0.0293504 -2461.12 244.517
63 95.4892 20.1098 587.442 -175.476 24.1905 -1.03495 0.0246008 -2651.45 250.475
64 76.1529 7.13331 303.032 -97.5185 13.7945 -0.479051 0.014618 -2605.55 242.95
65 28.7832 19.0923 64.0888 20.7287 -5.38911 0.801986 -0.0154013 -2655.48 247.173
66 75.9695 9.13453 247.851 -64.8653 7.87438 -0.0310764 0.00346907 -2792.67 257.25
67 34.259 18.8514 233.751 -49.5253 4.779 0.20823 -0.00351447 -2672.62 246.931
68 107.174 0.075282 408.421 -133.108 16.8269 -0.533267 0.0131106 -2697.19 248.082
69 111.47 0.872032 239.447 -49.718 3.28373 0.357722 -0.00810304 -2511.05 233.55
70 30.2477 13.8302 218.95 -53.1724 4.74217 0.231505 -0.00461527 -2875.97 256.309
71 67.3597 12.285 373.059 -109.555 13.8983 -0.400493 0.0111122 -2502.6 236.049
72 20.5267 17.1775 207.36 -43.1896 2.96272 0.342079 -0.00636652 -2770.08 251.341
73 62.6239 12.2365 148.83 -11.5111 -1.50245 0.613301 -0.0127195 -2610.97 241.947
74 59.5374 4.88721 253.183 -89.5379 12.9849 -0.470746 0.0148912 -2600.77 238.404
75 43.9615 8.9496 247.993 -80.8461 10.7346 -0.238685 0.00776016 -2785.67 251.885
76 33.02 12.7052 185.566 -47.0328 5.41241 0.0592583 0.00278137 -2784.47 252.714
77 82.535 12.0968 262.092 -52.577 4.83158 0.195289 -0.00305865 -2710.69 248.727
78 49.0123 10.1148 329.402 -96.2744 10.5559 -0.104544 0.00223174 -2679.13 242.978
79 103.472 5.5169 164.673 -19.1862 0.34204 0.440061 -0.00749285 -2560.84 238.714
80 11.907 21.5944 425.442 -134.282 17.5378 -0.622544 0.015675 -2546.58 237.942
81 67.3463 11.0766 282.745 -73.2201 8.51035 -0.0839972 0.00456016 -2666.73 245.501
82 44.9333 17.0412 302.784 -72.2482 7.28458 0.0696952 -0.000373734 -2763.44 251.63
83 73.3127 10.5365 243.005 -60.3189 7.34141 -0.0168761 0.00304543 -2625.54 245.488
84 45.4778 17.3575 277.574 -67.0025 7.51002 0.0107433 0.00172928 -2466.89 236.322
85 40.3686 12.8731 195.166 -47.8792 5.31766 0.11798 -0.000650196 -2780.65 250.767
86 76.489 11.0995 295.196 -77.6766 9.20178 -0.062731 0.00226845 -2794.54 256.812
87 54.1491 17.4649 301.263 -71.8155 7.86125 0.0275363 -7.40846e-05 -2568.91 240.24
88 71.0719 10.2 264.572 -66.3176 7.37524 0.0171168 0.00160878 -2637.23 244.157
89 79.2438 15.8135 473.498 -140.656 18.6353 -0.689051 0.0170554 -2503.59 237.635
90 50.9514 16.2603 499.563 -167.974 23.8858 -1.11938 0.0297483 -2701.45 251.206
91 60.9791 9.76688 377.14 -117.952 14.7326 -0.418187 0.0103713 -2620.55 241.477
92 15.3291 14.8315 227.136 -59.1513 5.44452 0.191095 -0.00298672 -2544.03 238.639
93 53.9212 12.5803 167.957 -23.4179 0.0973643 0.549155 -0.0119178 -2730.27 250.66
94 37.3491 17.4732 134.703 -3.70069 -3.07706 0.749366 -0.0161261 -2770.97 253.285
95 37.3491 17.4732 134.703 -3.70069 -3.07706 0.749366 -0.0161261 -2770.97 253.285
