0 91.1398 5.49022 444.05 -162.222 24.1965 -1.11965 0.0286149 -2813.02 259.129
1 83.8447 7.07681 377.487 -129.433 18.783 -0.778238 0.0218032 -2929.73 268.261
2 42.8419 13.7921 198.141 -34.7991 0.982096 0.565961 -0.013381 -2564.57 243.721
3 74.2146 9.70466 255.538 -63.7825 6.96053 0.0837768 -0.000654492 -2793.57 257.152
4 67.6682 9.18648 298.987 -91.2128 12.0801 -0.317232 0.0100293 -2788.39 255.34
5 94.3672 5.18963 333.008 -102.831 13.7754 -0.427344 0.0122636 -2647.33 245.948
6 49.0189 16.0656 136.632 -6.51443 -1.9843 0.654995 -0.0132091 -2933.52 267.544
7 112.282 4.33981 438.729 -158.178 24.8728 -1.28966 0.0348567 -2913.35 263.35
8 73.7222 11.1959 196.497 -32.2231 1.75787 0.431806 -0.008822 -2642.04 248.808
9 78.5037 9.86948 230.41 -56.9259 7.23896 -0.0367803 0.00461481 -2786.19 257.439
10 116.076 2.03313 334.316 -99.9289 12.7619 -0.2934 0.00812422 -2626.22 248.972
11 14.6467 16.6943 1.74136 51.9113 -13.2941 1.52757 -0.0364301 -2642.44 245.978
12 111.895 3.03993 320.759 -98.561 13.7364 -0.452851 0.0133838 -2527.82 239.886
13 97.6853 8.55243 356.975 -110.243 15.9255 -0.617264 0.0180687 -2836.96 260.851
14 75.2493 8.90997 284.364 -87.0948 12.2862 -0.370489 0.0119817 -2753.83 254
15 118.025 6.07003 424.276 -142.775 22.0044 -1.05832 0.028434 -2672.88 250.392
16 104.643 2.79723 369.419 -128.745 19.3311 -0.874413 0.0244099 -2643.99 248.237
17 55.6471 16.1486 398.746 -135.659 21.0212 -1.02044 0.0284706 -2846.74 260.259
18 105.098 7.34358 333.198 -101.397 15.101 -0.612447 0.0186424 -2630.81 246.712
19 89.9929 5.60654 334.158 -111.31 16.2666 -0.650621 0.0187659 -2579.02 242.67
20 98.5617 4.93502 328.836 -106.111 15.6694 -0.656547 0.0199022 -2740.58 251.815
21 97.9393 4.45718 361.976 -127.106 19.6502 -0.944631 0.0271435 -2835.1 258.367
22 59.4689 9.55015 334.071 -119.699 18.1691 -0.787543 0.0218242 -2825.11 257.306
23 89.1815 5.48122 324.582 -106.913 15.3365 -0.559115 0.0158018 -2825.92 257.64
24 77.2261 8.08515 301.861 -97.3981 14.2766 -0.536621 0.0167405 -2684.61 250.366
25 90.9338 9.09263 377.062 -125.422 19.1042 -0.863333 0.0239332 -2654.72 248.198
26 81.0789 8.0127 331.572 -107.902 15.5643 -0.578713 0.0160819 -2657.09 246.85
27 91.417 8.11431 357.959 -115.663 16.7266 -0.630213 0.0170631 -2496.04 240.789
28 92.4448 6.50767 360.38 -120.749 18.0656 -0.795524 0.0223367 -2653.97 245.858
29 88.4437 4.99528 332.502 -106.937 14.8701 -0.552035 0.0164497 -2675.71 245.926
30 89.6444 6.24624 420.921 -154.691 24.1786 -1.2359 0.0335888 -2561.43 242.41
31 84.4955 8.76111 385.881 -134.958 20.9474 -1.00577 0.0280336 -2601.11 245.258
32 64.6341 18.5005 301.939 -66.6299 7.09983 0.101523 -0.000706623 -2524.67 248.239
33 106.716 4.97408 407.177 -138.001 20.0235 -0.826806 0.0218904 -2658.43 254.094
34 120.8 6.66824 444.45 -145.916 21.443 -0.917121 0.0238484 -2718.62 259.306
35 135.344 4.08467 457.182 -137.838 17.8797 -0.559797 0.0133495 -2803.11 264.315
36 110.331 5.74936 292.396 -79.7531 10.6895 -0.256247 0.010139 -2672.15 253.532
37 110.813 8.15689 404.036 -131.95 20.0793 -0.913159 0.0261393 -2812.5 265.306
38 124.801 6.95627 349.74 -91.5172 11.6828 -0.260834 0.00876712 -2606.05 251.54
39 121.462 8.1408 406.86 -127.401 19.1573 -0.839101 0.0242156 -2651.66 256.341
40 116.084 2.04245 263.033 -67.7463 7.80224 0.00313893 0.00260295 -2696.81 254.078
41 103.653 7.48779 462.131 -164.059 25.3082 -1.2579 0.0338737 -2822.13 264.864
42 117.279 7.69503 287.15 -66.6547 7.87969 0.00154968 0.00221537 -2730.37 258.665
43 34.6324 23.7023 214.653 -33.8541 3.12829 0.264216 -0.00243146 -2678.71 255.185
44 116.007 5.89353 437.392 -150.254 23.3677 -1.18236 0.0333747 -2782.9 260.905
45 110.823 8.43845 404.822 -130.626 19.8971 -0.916474 0.0260811 -2836.8 264.243
46 120.419 7.38774 398.255 -123.105 18.1551 -0.761371 0.0215071 -2561.36 247.695
47 129.638 5.44252 366.486 -104.856 14.7396 -0.535992 0.0162708 -2578.95 245.179
48 93.1991 9.53258 376.588 -121.517 18.031 -0.750651 0.0208852 -2897.49 265.355
49 97.0265 9.64474 331.971 -95.6597 13.3805 -0.423358 0.0136032 -2774.13 261.106
50 133.57 4.69945 400.438 -125.656 18.6099 -0.779308 0.0217784 -2645.98 253.794
51 108.205 8.04115 318.514 -89.9101 12.9822 -0.465206 0.0163052 -2708.05 256.813
52 96.5507 7.32078 345.371 -110.615 16.3918 -0.665563 0.0194315 -2839.24 261.857
53 87.3453 11.17 353.379 -110.662 16.3908 -0.639378 0.0184394 -2902.97 267.174
54 99.9281 10.182 356.742 -105.522 14.8918 -0.486658 0.0135351 -2790.55 260.809
55 117.043 9.52713 437.704 -143.289 22.4268 -1.1087 0.0309787 -2657.62 254.148
56 117.846 8.52409 396.594 -121.039 17.8508 -0.738355 0.0208489 -2722.86 256.993
57 77.2219 14.5106 182.092 -20.1141 0.528414 0.472118 -0.00852895 -2744.64 256.971
58 73.6368 15.9159 178.119 -12.3998 -1.5582 0.665196 -0.0139805 -2585.75 248.509
59 64.2327 18.5866 211.828 -27.1805 1.34066 0.416619 -0.00698852 -2831.34 262.319
60 81.4397 13.4016 192.179 -25.1239 1.41038 0.393029 -0.00607467 -2748.4 257.341
61 127.162 10.5637 345.043 -86.2977 12.1125 -0.366464 0.0123141 -2778.77 260.152
62 84.4754 12.0966 285.199 -73.5772 9.5957 -0.14019 0.00599473 -2575.5 249.048
63 126.458 6.7167 350.322 -97.2498 13.6688 -0.452929 0.0141689 -2765.19 258.696
64 139.587 2.31612 355.706 -103.345 14.3543 -0.484719 0.0149119 -2913.11 267.933
65 102.424 13.8451 329.137 -70.0924 7.07394 0.1391 -0.0019633 -2739.47 262.742
66 142.493 7.96005 489.461 -157.056 24.0238 -1.16257 0.0318127 -2963.2 277.262
67 127.518 6.45208 460.135 -149.797 22.1389 -0.996373 0.0271261 -2980.47 277.124
68 137.321 6.42102 407.015 -120.298 17.3242 -0.674196 0.0189511 -2878.17 268.67
69 94.0305 13.1041 618.828 -199.602 26.8612 -1.16124 0.02735 -2845.62 262.628
70 125.372 5.94322 393.642 -121.086 17.608 -0.712293 0.0201675 -2733.67 258.237
71 128.639 0.52607 496.736 -187.17 29.2164 -1.51745 0.0397808 -2946.44 272.014
72 77.3064 19.1236 508.649 -171.311 26.9627 -1.41651 0.0388887 -3107.64 284.632
73 105.156 8.12667 341.053 -96.8931 12.8577 -0.324565 0.00972493 -2952.91 271.421
74 138.603 8.421 407.56 -116.563 17.2758 -0.727222 0.0209598 -2730.78 257.016
75 162.452 6.76762 499.844 -154.215 23.5695 -1.14761 0.0313442 -2817.95 266.657
76 112.773 6.68441 409.879 -134.287 20.2831 -0.94692 0.0270529 -2742.92 257.874
77 169.405 -2.55184 20.2788 47.8997 -9.31795 1.05296 -0.0200743 -2916.26 268.999
78 132.393 11.9476 286.765 -49.4088 5.1893 0.179487 -0.00218406 -2598.29 251.899
79 87.069 16.6109 403.963 -119.92 18.0805 -0.80393 0.0234876 -2664.63 253.72
80 97.697 13.9789 200.67 -14.9728 -0.99701 0.580762 -0.0114331 -2718.41 254.06
81 128.888 6.70298 363.049 -100.572 14.1007 -0.500505 0.0153421 -2918.96 265.753
82 116.692 6.96225 470.17 -164.377 26.0505 -1.3974 0.0389861 -3105.92 279.288
83 115.618 6.37562 454.013 -156.729 24.3577 -1.24434 0.0343193 -2892.82 265.846
84 63.9875 21.433 368.408 -100.77 14.1963 -0.462623 0.0141582 -2820.18 266.759
85 90.6011 14.3609 242.892 -45.1083 5.09877 0.123638 0.000727414 -2764.41 259.789
86 43.9276 24.2977 354.456 -86.1574 10.626 -0.201185 0.00779647 -3190.46 285.49
87 65.0588 19.176 132.717 18.0841 -7.41106 1.11063 -0.0253843 -2990.05 273.377
88 94.3469 20.6771 311.167 -47.492 3.61907 0.314278 -0.0053893 -2708.6 257.865
89 71.1953 14.486 190.69 -24.8225 0.880513 0.470153 -0.00860969 -2573.64 247.621
90 89.0117 15.2828 243.163 -41.5469 3.97903 0.242316 -0.00272744 -2906.55 269.352
91 97.8425 13.4112 257.15 -49.2659 5.39955 0.138712 0.00018988 -2889.99 270.434
92 91.6692 10.2375 369.973 -117.471 17.3658 -0.713335 0.0212651 -3083.63 281.414
93 103.038 12.779 327.911 -84.0758 11.2259 -0.220396 0.00713632 -2931.78 272.614
94 131.629 5.87444 367.179 -107.729 15.7342 -0.582742 0.0167869 -2870.34 266.503
95 131.629 5.87444 367.179 -107.729 15.7342 -0.582742 0.0167869 -2870.34 266.503
