0 151.795 6.30103 510.535 -164.962 25.0979 -1.2157 0.0317669 -2520.55 247.036
1 141.929 7.00478 469.974 -152.322 23.6991 -1.17724 0.0325308 -2596.7 252.741
2 126.869 7.60712 464.408 -153.674 23.6639 -1.14643 0.0298211 -2506.03 241.845
3 149.477 5.30084 489.555 -158.446 23.9236 -1.11649 0.0281929 -2415.2 237.745
4 155.948 8.16239 452.526 -130.478 19.6491 -0.893504 0.0246358 -2566.57 246.208
5 115.334 7.92104 447.238 -148.179 22.1208 -0.976907 0.024727 -2555.85 246.033
6 135.421 5.77857 496.827 -168.636 25.9999 -1.30503 0.0338914 -2561.98 245.173
7 133.917 9.03211 415.858 -121.471 17.7853 -0.698379 0.0182697 -2542.03 245.25
8 126.616 11.9417 387.856 -103.728 14.7368 -0.493604 0.013488 -2419.89 237.593
9 22.4015 31.4445 413.296 -116.624 16.687 -0.589253 0.0151724 -2420.08 239.886
10 137.217 9.71668 419.332 -121.339 18.1701 -0.769048 0.0214 -2539.4 246.764
11 145.141 6.1077 459.861 -144.323 21.7319 -0.994068 0.0259555 -2478.67 241.392
12 95.7051 15.7508 186.528 -6.87788 -2.28957 0.703573 -0.0157846 -2280.38 226.745
13 144.441 5.24632 292.901 -63.1631 7.49389 0.0307896 0.000127968 -2300.3 228.94
14 132.616 7.88828 443.401 -138.887 21.0702 -0.972208 0.0256133 -2403.98 233.744
15 119.844 7.64911 419.845 -133.774 20.0932 -0.893816 0.0235801 -2489.95 238.394
16 109.104 9.29365 373.432 -112.344 16.3457 -0.611154 0.0162055 -2261.64 225.402
17 240.619 -6.76974 309.431 -57.1163 6.79026 0.0380715 0.00128672 -2534.24 244.875
18 -60.2186 48.7981 396.287 -107.242 15.2767 -0.511815 0.0135002 -2431.44 239.462
19 78.8731 19.3964 316.261 -75.8951 10.6311 -0.263701 0.00925062 -2729.73 254.636
20 112.198 13.2331 263.723 -45.0306 4.51708 0.217727 -0.00321067 -2555.72 246.034
21 117.882 9.69115 394.133 -117.979 17.4842 -0.710164 0.0191492 -2505.79 240.633
22 116.175 11.0607 314.86 -75.6812 10.3319 -0.244384 0.00880223 -2715.27 252.186
23 135.484 8.83821 359.281 -91.8326 12.6876 -0.366023 0.0107765 -2567.93 245.427
24 83.889 19.8671 457.821 -119.913 15.0998 -0.448651 0.0116533 -2629.09 247.833
25 139.917 8.93141 381.379 -102.83 14.7906 -0.501191 0.0135335 -2444.13 238.363
26 134.265 11.3713 347.284 -81.8994 11.1546 -0.261447 0.00882336 -2543.57 247.672
27 121.091 10.4277 375.484 -106.119 15.467 -0.553739 0.0149664 -2632.41 249.456
28 100.752 15.3842 244.844 -35.913 2.82767 0.35276 -0.0070287 -2572.52 246.873
29 126.332 7.15333 388.583 -116.838 17.2288 -0.703468 0.0197735 -2522.09 242.732
30 107.693 15.0764 267.963 -47.8323 5.46602 0.132635 -0.00115194 -2695.48 253.846
31 126.699 10.2347 413.689 -124.917 19.1193 -0.843036 0.0228444 -2577.6 247.767
32 122.971 3.67782 459.418 -159.379 23.8319 -1.10242 0.0280753 -2681.87 252.551
33 54.457 23.8927 552.639 -175.556 25.179 -1.14432 0.0288856 -2631.23 253.399
34 127.48 4.36552 509.177 -183.997 28.8635 -1.51304 0.039123 -2575.6 246.724
35 120.382 7.22837 443.1 -148.391 22.7616 -1.07599 0.0281372 -2894.12 264.676
36 8.06893 28.7317 431.682 -136.121 19.9396 -0.85636 0.0225787 -2529.44 243.199
37 135.81 5.82399 486.716 -163.253 25.071 -1.24392 0.0328917 -2602.22 249.73
38 102.487 6.33358 409.712 -139.996 21.0577 -0.961832 0.0255465 -2641.52 247.072
39 108.637 11.2013 344.557 -93.7329 13.1722 -0.398773 0.0121657 -2481.98 243.405
40 134.913 9.59497 382.288 -105.337 15.7002 -0.632832 0.0189728 -2580.65 247.569
41 108.989 6.55742 384.033 -119.202 16.6027 -0.59242 0.0159143 -2700.52 254.171
42 75.0618 8.38547 377.803 -134.302 20.4885 -0.960754 0.0266704 -2770.38 254.967
43 123.267 8.53236 412.455 -127.188 19.001 -0.807089 0.0215247 -2614.53 249.54
44 -62.3554 41.879 448.384 -150.494 22.9942 -1.0889 0.0286132 -2655.2 251.358
45 109.204 8.55077 429.182 -145.278 22.8894 -1.16049 0.0317852 -2731.79 252.075
46 23.43 25.4494 340.454 -94.7081 13.1811 -0.40931 0.0121395 -2680.71 250.586
47 58.7595 8.78529 760.061 -358.593 64.4338 -4.43715 0.120425 -3540.2 308.16
48 124.235 9.35141 403.802 -120.94 18.1544 -0.778825 0.021756 -2537.3 244.404
49 129.302 8.77297 462.197 -151.756 24.0773 -1.24166 0.033657 -2823.85 260.287
50 135.465 8.81379 400.085 -112.971 16.4309 -0.630343 0.0171711 -2618.89 248.856
51 144.563 4.19947 399.251 -119.186 17.3779 -0.703144 0.0192019 -2449.93 237.392
52 98.571 10.4119 291.236 -70.1154 8.6123 -0.0797556 0.0043448 -2644.28 249.319
53 92.2401 13.7497 199.83 -21.1503 0.280831 0.523122 -0.0112597 -2489.9 239.04
54 88.3671 14.6257 207.369 -22.2083 0.151894 0.539393 -0.0118225 -2641.84 247.797
55 135.505 8.99682 419.187 -123.282 18.3614 -0.764018 0.0202169 -2610.8 248.366
56 108.99 6.97136 379.458 -121.035 18.3218 -0.843827 0.0244481 -2538.4 240.351
57 51.3834 15.7161 110.519 9.12872 -5.17321 0.919852 -0.0214881 -2505.76 237.252
58 95.4468 11.5063 274.048 -63.5675 7.95825 -0.0443576 0.00313376 -2469.44 238.008
59 113.067 6.64489 380.67 -120.831 18.165 -0.805198 0.0224841 -2631.6 246.138
60 79.5103 15.9987 353.585 -88.1898 10.7878 -0.212371 0.00693257 -2620.08 244.511
61 114.989 6.72513 403.457 -133.453 21.0713 -1.08785 0.0314818 -2705.04 250.543
62 107.466 7.94285 412.722 -136.917 20.9111 -0.979813 0.0267442 -2745.62 255.209
63 88.9636 11.0695 245.192 -54.7764 7.10015 -0.0773883 0.00605515 -2646.02 245.629
64 69.5483 3.71496 352.835 -135.875 20.7791 -0.996657 0.027609 -2669.34 245.428
65 118.658 -2.09091 320.512 -101.879 12.9018 -0.286632 0.00740364 -2801.94 257.023
66 41.3427 6.46988 339.337 -133.301 19.4879 -0.812889 0.0210294 -2690.11 248.321
67 98.5519 0.21028 312.847 -104.477 14.1095 -0.45577 0.0137475 -2854.07 260.142
68 105.787 1.0362 396.721 -129.755 16.687 -0.522742 0.0129171 -2494.43 238.653
69 225.976 -25.3628 368.467 -124.838 15.7608 -0.473081 0.0115037 -2714.3 247.239
70 223.858 -23.841 382.598 -142.97 21.3835 -0.97793 0.0263071 -2572.12 242.55
71 76.3026 7.00663 348.854 -120.84 17.6661 -0.724807 0.0205768 -2838.64 261.219
72 68.601 9.54736 179.053 -32.7615 2.59381 0.323205 -0.00551233 -2693.41 248.941
73 58.8927 6.48499 299.947 -103.667 14.3607 -0.476851 0.0133627 -2725.07 248.906
74 58.5879 6.252 364.918 -138.814 20.8434 -0.965649 0.0266699 -2750.34 253.509
75 66.6249 7.72177 396.53 -150.69 23.5178 -1.17649 0.0314395 -2692.82 248.132
76 83.8273 7.10726 444.462 -168.463 26.8667 -1.44557 0.038698 -2672.89 245.755
77 84.3535 4.63243 366.074 -132.887 20.2925 -0.968827 0.0269778 -2623.55 243.065
78 37.3682 7.57568 226.876 -77.0115 10.2985 -0.250701 0.00938474 -2775.32 250.611
79 61.084 5.95672 317.82 -117.38 17.6671 -0.785533 0.022718 -2565.16 239.692
80 51.8419 11.5122 184.465 -42.4584 4.99334 0.0753891 0.00270638 -2618.5 243.921
81 38.9528 6.69686 268.464 -99.9224 14.3698 -0.53429 0.015503 -2616.48 238.337
82 101.89 6.43753 396.79 -136.124 20.9356 -0.99505 0.0268076 -2402.39 230.562
83 52.9454 10.1826 161.467 -30.3608 2.12123 0.345127 -0.0059492 -2542.12 237.573
84 32.7305 15.6487 107.313 2.46637 -3.94941 0.792305 -0.0167124 -2578.1 241.231
85 74.7651 8.36743 356.651 -122.932 18.0511 -0.721789 0.0186325 -2658.25 246.745
86 28.7416 11.4173 273.402 -99.1549 14.3656 -0.487444 0.013566 -2580.96 241.05
87 41.438 17.2884 152.806 -15.1204 -0.357019 0.51262 -0.00961295 -2677.06 247.463
88 56.8585 12.2451 214.028 -46.2177 4.1985 0.250042 -0.00438692 -2736.86 252.536
89 47.0321 10.2799 204.491 -55.3911 6.36416 0.0820844 -0.000164398 -2644.33 245.912
90 16.8991 18.5805 144.942 -21.0583 0.474153 0.480751 -0.00910828 -2533.48 240.056
91 34.955 13.7662 149.128 -25.6428 1.43116 0.401014 -0.00700336 -2608.75 243.924
92 51.3103 13.5572 197.488 -38.082 2.82907 0.350142 -0.00695505 -2961.48 265.961
93 11.4781 14.5384 100.502 -10.429 -1.36552 0.610752 -0.0124863 -2688.24 247.423
94 21.8161 14.6498 169.843 -41.4336 4.18461 0.223868 -0.00315465 -2742.83 252.988
95 21.8161 14.6498 146.478 -44.2375 3.84814 0.183492 -0.00799976 -2742.83 252.988
