0 88.8719 12.8022 263.172 -57.4849 6.84289 0.0221043 0.00256382 -2994.19 272.198
1 72.7878 19.602 96.7465 37.7693 -10.3928 1.30646 -0.0305482 -2651.19 251.243
2 46.965 18.8672 62.1028 36.1916 -9.38238 1.18226 -0.0264303 -2821.17 260.633
3 32.1169 20.6587 4.05704 61.3961 -13.4933 1.44182 -0.0318214 -2739.59 255.493
4 53.3043 19.2076 66.9782 41.5734 -10.934 1.32764 -0.0308852 -2584.12 245.332
5 90.5842 15.5279 217.426 -31.8776 3.2921 0.214132 -0.000639749 -2661.54 254.316
6 89.7406 18.5604 141.219 18.1524 -6.22857 0.941785 -0.0199233 -2741.64 257.392
7 103.659 18.3025 177.921 4.76903 -3.89078 0.802216 -0.0170897 -2666.75 255.339
8 141.77 2.89165 202.268 -28.8151 2.14598 0.337756 -0.0046032 -2711.69 255.415
9 109.883 11.303 378.748 -114.456 17.6745 -0.786828 0.0227854 -2843.95 263.682
10 74.0046 18.1912 140.688 6.09186 -3.50455 0.712574 -0.0139786 -2762.26 255.83
11 64.9732 17.2813 87.1337 29.9537 -8.23578 1.06985 -0.0231332 -2719.45 253.513
12 84.2089 16.8152 196.632 -22.2216 1.80145 0.305027 -0.00278437 -2811.79 261.938
13 215.407 -11.7383 223.785 -40.9207 4.4985 0.13439 0.000638975 -2819.79 258.694
14 114.842 8.4682 382.257 -117.859 18.0335 -0.837139 0.0248481 -3112.33 277.466
15 85.9011 16.3026 169.94 -6.64935 -1.32105 0.546903 -0.00931446 -2757.68 257.984
16 98.886 13.5658 227.505 -31.3896 2.21896 0.342191 -0.00536451 -2772.94 256.848
17 46.4389 23.7013 -17.7805 82.8732 -16.3194 1.5729 -0.0341285 -2740.38 253.422
18 92.7635 19.1473 199.57 -11.7403 -0.495105 0.495507 -0.0080626 -2757.92 259.509
19 65.2793 21.2584 42.3895 57.6986 -12.4045 1.34685 -0.0296145 -2732.33 255.252
20 85.7159 14.8955 157.678 -3.56552 -2.09336 0.629623 -0.0121973 -2653.14 249.698
21 64.6586 18.9159 105.642 19.6634 -5.80619 0.886694 -0.0185942 -2560.99 244.729
22 62.201 18.7174 134.662 3.45634 -2.8958 0.663938 -0.0127498 -2720.17 253.438
23 105.189 16.9982 201.128 -11.6495 -0.41494 0.494973 -0.00862018 -2719.52 255.904
24 101.453 15.433 194.95 -12.3568 -0.492612 0.489999 -0.00785939 -2723.31 255.765
25 76.6439 12.7503 222.476 -48.3944 6.07124 0.0334093 0.00278044 -2703.38 252.533
26 34.1669 30.1254 164.246 2.9214 -2.76394 0.641296 -0.0116758 -2609.32 248.669
27 100.985 14.6443 240.213 -39.8309 4.58132 0.132152 0.000999947 -2886.71 267.646
28 98.3986 13.3743 204.292 -24.7703 1.75236 0.336165 -0.00415045 -2640.31 250.798
29 101.193 16.2381 224.644 -24.259 1.32748 0.387079 -0.00593496 -2584.7 248.029
30 101.275 12.5336 279.824 -63.7618 8.46889 -0.115907 0.00617901 -2667.66 252.664
31 53.8266 26.4262 352.101 -86.4848 12.1625 -0.338652 0.0107501 -2719.9 258.01
32 34.8831 17.5967 61.1454 24.8332 -7.28451 1.06332 -0.0241573 -2697.01 253.918
33 35.9953 19.1937 56.3528 32.8626 -8.84939 1.17955 -0.0266471 -2759.39 259.452
34 19.04 18.2493 66.8615 15.6959 -5.42603 0.876473 -0.0171151 -2840.31 264.442
35 15.177 19.5684 -109.886 97.8388 -18.6857 1.78528 -0.0393841 -2783.53 260.602
36 34.64 15.9762 49.0967 29.3037 -8.35681 1.13403 -0.0251426 -2882.88 266.447
37 7.3177 18.635 -56.2008 66.5998 -13.2356 1.35539 -0.0271475 -2899.13 268.317
38 12.1999 20.1142 17.6688 39.0819 -8.93162 1.07729 -0.0213889 -2818.81 260.877
39 11.3853 20.1384 15.9537 33.8627 -7.16792 0.915821 -0.016444 -2953.14 272.152
40 36.5029 18.9684 -74.7334 93.2971 -18.373 1.78066 -0.0399252 -2965.09 270.591
41 32.4039 18.4285 8.04981 50.7285 -11.3656 1.3023 -0.0280726 -2594.35 250.649
42 27.952 17.6158 17.6748 39.6528 -8.92606 1.0768 -0.0215301 -2720.12 256.602
43 22.1117 19.437 -23.8951 61.714 -12.9433 1.40203 -0.0304372 -2515.5 245.124
44 63.4489 15.1846 195.797 -36.2967 4.02112 0.181655 7.03972e-05 -2791.43 262.13
45 10.0274 22.6341 -103.895 105.046 -20.4418 1.89996 -0.0419987 -2748.47 257.725
46 18.4434 16.4638 106.667 -13.4592 0.372816 0.435015 -0.00665684 -2973.13 269.089
47 32.9595 21.1447 15.1652 56.7524 -12.4952 1.3538 -0.0294715 -2968.14 268.572
48 37.0549 17.7345 55.3843 23.5472 -5.92825 0.88055 -0.0179702 -2925.5 266.997
49 32.3617 19.6244 -2.39075 60.0285 -12.9666 1.3957 -0.0304197 -2755.94 256.979
50 33.9075 20.4131 -23.9283 71.484 -14.6435 1.49906 -0.0325335 -2775.43 258.468
51 -33.7506 34.1122 143.635 -8.63546 -0.852122 0.530781 -0.00880592 -2782.96 261.013
52 6.19652 17.3612 68.1651 2.19716 -2.11316 0.565213 -0.00873864 -2891.03 262.688
53 35.7527 16.7846 97.8682 1.30209 -2.45674 0.663334 -0.0127144 -2731.83 257.266
54 31.5022 18.3873 100.107 2.83055 -2.48583 0.607993 -0.00963761 -2939.62 268.95
55 36.8185 14.578 154.656 -31.9849 3.51218 0.205769 -0.000792076 -2949.65 268.336
56 29.6214 22.8993 -62.9553 98.0115 -19.8389 1.9096 -0.0436734 -2688.39 253.2
57 19.1221 16.8943 126.056 -23.0582 2.36197 0.262483 -0.0010547 -2701.13 256.216
58 16.6616 20.0752 -143.18 121.355 -23.6101 2.19179 -0.0509488 -2818.68 262.065
59 18.0589 21.9039 -13.3258 60.9628 -12.6781 1.36012 -0.0287531 -2820.37 264.198
60 16.5179 20.8609 -13.4799 59.6015 -12.8224 1.39646 -0.030665 -2665.72 252.197
61 23.2258 18.9591 -59.8919 82.1481 -16.8222 1.676 -0.0375472 -2763.46 256.632
62 28.5509 18.4647 -70.7075 79.5623 -14.7677 1.42945 -0.0284641 -2955.81 271.748
63 46.8685 20.0246 69.9389 28.8388 -6.90146 0.921657 -0.0175314 -2816.92 262.806
64 37.6313 20.791 89.1509 23.0285 -7.20805 1.044 -0.0243631 -2447.25 233.825
65 103.957 10.915 376.142 -119.821 19.7161 -1.0633 0.0317449 -2813.96 255.988
66 87.1467 20.8411 98.9286 37.2149 -8.53337 1.05865 -0.0225745 -2641.58 249.621
67 67.0808 15.9754 214.453 -47.2042 7.16433 -0.136917 0.00832036 -2515.64 239.628
68 92.1427 19.1204 152.388 5.31173 -2.15763 0.526924 -0.00746913 -2600.81 248.337
69 94.6552 9.99401 325.356 -99.7477 16.0425 -0.800813 0.025358 -2644.09 244.694
70 99.5272 14.0365 266.405 -58.3381 8.60164 -0.219873 0.00991184 -2797.77 256.47
71 102.744 12.3384 345.023 -103.989 17.3501 -0.904989 0.0280701 -2675.74 248.57
72 83.0807 18.8018 155.551 0.408501 -1.69906 0.523632 -0.00831457 -2576.15 245.911
73 88.9158 14.6241 281.726 -73.1549 11.8531 -0.500703 0.0175251 -2654.27 245.426
74 108.042 9.47463 414.408 -140.759 23.2492 -1.2831 0.0361047 -2317.15 225.441
75 85.4403 20.7054 105.11 31.2578 -7.14648 0.931176 -0.0186399 -2730.61 255.828
76 69.7019 18.5471 143.409 -1.30529 -1.27516 0.483811 -0.0072863 -2682.31 249.918
77 97.8216 17.7752 170.03 -0.968628 -1.43886 0.481145 -0.00693037 -2690.54 250.378
78 89.7321 17.5385 172.725 -8.5784 0.0698746 0.38069 -0.0049132 -2652.96 246.678
79 87.6393 15.0429 206.001 -31.7008 4.20338 0.0503035 0.0043673 -2742.6 252.454
80 89.6432 16.1303 211.327 -33.9578 5.12497 -0.0346476 0.00628058 -2614.71 242.76
81 97.6921 12.9618 285.674 -73.3841 11.7055 -0.485834 0.0175129 -2522.08 239.915
82 51.783 19.3628 95.9764 15.0292 -3.92453 0.647284 -0.0111443 -2613.05 242.262
83 73.0786 22.4483 40.8893 65.5929 -13.7087 1.4151 -0.0310703 -2464.17 237.839
84 75.0133 21.639 29.2155 70.6078 -14.7056 1.50887 -0.0340127 -2492.54 239.443
85 76.2556 23.3039 54.8724 58.234 -11.5325 1.18724 -0.0238262 -2548.79 242.724
86 67.1096 21.5503 4.5421 74.3764 -14.5167 1.43183 -0.0304377 -2547.36 243.413
87 62.1815 23.8174 -26.7406 93.0667 -17.7628 1.66503 -0.0365127 -2613.55 245.625
88 86.0145 20.6402 90.3915 46.5195 -11.0104 1.26476 -0.028461 -2537.49 241.137
89 63.019 21.1802 64.7773 39.0108 -8.00873 0.952304 -0.0180887 -2656.27 250.587
90 65.9124 18.3713 101.805 13.9612 -3.30395 0.583907 -0.00819373 -2528.48 242.843
91 79.7541 21.8669 80.3345 44.4584 -9.5661 1.10668 -0.0232042 -2583.64 245.686
92 72.9833 21.4409 -8.49937 81.5651 -15.402 1.47792 -0.0312566 -2528.25 242.835
93 79.4772 23.0019 -25.5172 96.6212 -18.0186 1.66516 -0.0356161 -2541.7 245.2
94 75.6119 23.1274 -12.2899 88.9538 -16.6131 1.54755 -0.0326839 -2711.79 253.413
95 73.5185 22.6529 -9.83093 89.3145 -16.6053 1.52198 -0.0481404 -2711.79 253.413
