0 -25.9151 40.1558 1199.34 -473.275 75.0284 -4.67533 0.111882 -2691.14 236.93
1 73.3782 21.2035 1062.07 -405.995 63.0419 -3.78576 0.0890758 -2275.91 210.451
2 -53.3762 46.2626 1083.32 -418.792 66.4948 -4.12496 0.099577 -2320.73 213.962
3 -8.58034 34.025 972.282 -373.244 58.1391 -3.47375 0.0819387 -2562.48 226.177
4 -75.4245 44.9085 1127.19 -445.976 69.9372 -4.31655 0.10344 -2577.7 226.569
5 35.6599 25.5975 816.883 -312.957 50.3818 -3.09391 0.0762009 -2782.32 240.167
6 67.0171 20.8405 463.719 -156.038 26.492 -1.59404 0.0433129 -2789.59 242.645
7 158.118 1.58299 461.661 -161.803 27.561 -1.66523 0.0440307 -2437.54 215.955
8 98.099 21.0048 542.017 -175.944 29.3531 -1.74996 0.0460075 -2627.91 234.138
9 -45.1405 46.17 530.513 -182.502 32.0533 -2.0553 0.0562471 -2503.4 226.641
10 -22.9143 40.9346 616.176 -221.034 37.899 -2.46076 0.0664767 -2548.32 228.647
11 113.965 8.62466 553.214 -203.907 34.0056 -2.09171 0.0543057 -2205.76 203.348
12 28.2862 28.6808 591.787 -206.062 33.5602 -2.02429 0.0518853 -2737.57 234.959
13 -138.717 55.4492 395.24 -133.088 22.7789 -1.34747 0.0373903 -2760.69 237.35
14 -98.5586 49.933 406.984 -137.81 24.4205 -1.53704 0.0439754 -2652.71 232.604
15 -88.5886 47.8008 329.93 -104.606 19.3841 -1.22335 0.0372767 -2600.14 229.831
16 162.966 5.53574 533.539 -183.774 31.264 -1.91966 0.0503811 -2779 239.633
17 126.663 9.85748 476.328 -163.879 28.1726 -1.73108 0.0466916 -2991.59 251.166
18 106.015 9.68295 458.495 -168.336 29.5125 -1.87446 0.0511161 -2428.46 215.724
19 163.159 4.93199 631.873 -235.745 40.6814 -2.62952 0.069564 -2809.23 244.146
20 43.943 27.3769 519.656 -180.84 31.2439 -1.9494 0.051926 -2626.83 231.239
21 157.699 3.93484 548.001 -195.215 32.6165 -1.94867 0.0485878 -2772.23 236.478
22 135.78 8.49123 594.542 -208.181 33.645 -1.98651 0.0505335 -2577.96 228.286
23 153.106 7.22273 650.916 -229.409 37.2164 -2.24818 0.0573385 -3128.08 262.456
24 137.825 8.69551 715.98 -255.935 40.3613 -2.38428 0.0579997 -2329.87 209.807
25 83.8089 17.4973 709.112 -251.771 38.8848 -2.22859 0.0536136 -2426.91 216.319
26 28.1547 30.9258 589.995 -202.235 33.3941 -2.04538 0.0533039 -2286.2 207.879
27 104.824 13.9111 566.554 -193.686 30.5417 -1.68336 0.0395217 -2477.18 216.242
28 -15.3406 39.6017 731.846 -252.465 38.8536 -2.21056 0.0526309 -2064.33 195.344
29 26.8734 29.6824 953.593 -359.399 56.3012 -3.41441 0.0822465 -2791.77 239.085
30 195.875 -2.50022 802.981 -289.602 44.724 -2.64086 0.0645711 -2323.12 211.403
31 -18.2672 44.0363 928.428 -334.705 52.7894 -3.23419 0.0799921 -2586.14 230.134
32 186.989 -13.1123 1091.51 -454.214 71.7755 -4.49987 0.109107 -2792.65 234.072
33 133.983 -6.51835 983.475 -408.773 63.5996 -3.88466 0.0933487 -2714.15 229.799
34 177.439 -15.1297 1043.6 -442.713 69.9758 -4.36718 0.105753 -2524.46 218.252
35 156.709 -8.22854 961.482 -395.424 61.827 -3.77204 0.0905605 -2553.64 220.502
36 125.127 -2.66722 1055.7 -436.1 67.9 -4.1625 0.099757 -2621.08 225.865
37 98.3068 0.206544 898.291 -376.499 59.7064 -3.71183 0.0912648 -2501 217.536
38 131.833 -6.94489 998.488 -418.88 65.5367 -4.03763 0.0968312 -2331.89 204.157
39 88.8648 2.01792 478.605 -202.625 34.5084 -2.14709 0.0560143 -2590.56 222.502
40 137.654 -7.04439 683.782 -280.365 44.6322 -2.72924 0.0682716 -2326.87 206.104
41 104.696 -0.49379 830.096 -348.541 56.0928 -3.53868 0.0887804 -2758.42 234.33
42 87.6437 2.63758 508.303 -214.315 36.5343 -2.32894 0.0616757 -2824.38 238.737
43 103.603 -2.06429 512.531 -204.788 32.1384 -1.84382 0.0458402 -2501.78 214.704
44 102.961 1.4535 480.306 -189.248 30.9912 -1.85395 0.0479865 -2734.66 231.832
45 95.5527 0.585487 987.858 -412.897 64.7078 -3.9888 0.0959048 -2555.11 218.49
46 89.8753 2.13268 465.803 -187.585 30.9506 -1.88119 0.0496866 -2554.05 220.129
47 135.821 -8.35511 744.555 -309.19 48.9041 -3.00801 0.0745091 -2712.46 227.691
48 72.6528 2.19286 412.944 -164.487 25.7844 -1.41081 0.0353232 -2590.62 220.148
49 141.352 -2.38798 837.135 -334.878 52.8369 -3.22552 0.0784503 -2483.45 215.44
50 85.8951 4.25905 443.618 -176.971 29.7894 -1.83855 0.0493103 -2269.18 203.644
51 73.0027 5.4269 582.146 -228.694 35.4697 -2.04594 0.0501682 -3331.81 266.888
52 110.516 -2.71188 754.529 -309.026 48.0717 -2.85801 0.0685382 -2982.14 243.582
53 212.82 -18.9759 768.545 -308.842 48.0066 -2.84885 0.0686192 -2437.47 215.354
54 124.271 2.68416 700.231 -275.608 44.8035 -2.7946 0.070939 -2548.5 223.475
55 118.781 1.50516 678.536 -264.523 41.7075 -2.49189 0.0620416 -2566.89 224.007
56 86.8485 5.07228 821.519 -327.671 50.6796 -3.03667 0.0727243 -3075.89 248
57 -2.36363 26.181 927.809 -365.436 56.677 -3.41529 0.0814167 -2479.01 216.46
58 121.299 0.116858 728.65 -278.279 41.828 -2.35482 0.0548813 -2479.91 215.905
59 126.112 -4.01085 786.245 -308.016 46.1319 -2.64947 0.0624002 -2382.06 207.843
60 153.201 -5.06366 1069.32 -433.872 67.7292 -4.21013 0.102323 -2440.71 213.586
61 169.494 -10.4566 901.507 -357.534 54.1936 -3.18529 0.074489 -2609.03 220.195
62 96.6136 -3.19346 818.44 -342.459 52.8548 -3.14145 0.074538 -2426.23 208.928
63 96.4535 4.55473 777.29 -299.486 45.0823 -2.57909 0.0610221 -2744.13 232.474
