0 135.181 9.09513 510.02 -173.572 27.4511 -1.37568 0.0358869 -2707.78 263.082
1 107.003 11.7891 509.022 -178.944 27.8634 -1.34977 0.0338229 -2998.61 280.073
2 86.3709 12.2179 479.48 -175.924 27.934 -1.41005 0.036994 -3092.22 285.843
3 101.328 15.5725 469.411 -152.558 23.5248 -1.08655 0.0283365 -2862.45 271.994
4 89.2919 14.1409 454.292 -155.886 24.3336 -1.15992 0.0307022 -3087.33 285.502
5 92.146 12.9517 474.299 -167.251 26.158 -1.26711 0.0332784 -2783.21 268.67
6 118.724 11.6225 486.419 -161.004 24.7522 -1.15309 0.0294174 -2613.73 255.601
7 90.7982 14.3394 385.774 -120.861 18.1112 -0.683906 0.018373 -2930.89 277.938
8 116.46 13.7044 461.394 -146.839 22.6301 -1.01407 0.0263528 -2838.34 271.817
9 116.189 14.2679 471.055 -152.471 23.9836 -1.1369 0.030625 -2978.03 282.052
10 98.2565 13.8615 373.748 -112.122 16.8988 -0.657394 0.0192382 -2916.43 275.909
11 108.054 12.2153 442.508 -144.358 22.2687 -1.02134 0.0273454 -2873.84 270.934
12 -18.8773 39.8637 355.5 -93.9435 13.4478 -0.386884 0.0120923 -3021.48 283.157
13 76.1801 13.1058 386.979 -132.285 20.5056 -0.91638 0.025682 -2935.98 274.787
14 95.7882 13.5676 462.969 -159.869 25.2676 -1.2315 0.031916 -2958.98 274.461
15 81.4564 13.9455 420.74 -144.399 22.4875 -1.03382 0.0276371 -2736.44 262.302
16 114.983 13.1603 412.881 -124.167 18.7939 -0.768141 0.0208512 -2587.55 254.268
17 97.8725 14.0478 385.886 -118.664 18.1678 -0.750547 0.0214243 -2856.11 271.391
18 112.914 15.7019 469.737 -146.514 22.5925 -1.04059 0.0277786 -2797.32 267.88
19 145.194 12.5176 511.792 -162.653 25.8712 -1.2871 0.0339705 -2706.37 264.433
20 114.995 15.515 318.212 -72.6986 10.0405 -0.138354 0.00436125 -3007.6 279.083
21 109.498 16.7652 312.689 -69.6923 9.4501 -0.0898832 0.00397744 -2724.28 265.279
22 109.62 11.5974 465.551 -159.514 25.5059 -1.29501 0.03461 -3056.83 281.45
23 107.257 14.0128 418.533 -130.495 20.2644 -0.907349 0.0253998 -2898.49 273.777
24 8.75436 37.6064 364.123 -90.7198 12.9836 -0.339371 0.00972568 -2637.79 258.894
25 103.522 13.2519 402.841 -124.103 18.6222 -0.74 0.0198409 -2833.42 268.67
26 101.781 14.8611 331.2 -87.3992 12.7145 -0.357231 0.0110161 -2975.12 275.931
27 -7.70279 39.0433 409.213 -120.6 18.1042 -0.691057 0.0184399 -2647.92 260.332
28 68.8204 17.1469 180.842 -25.6565 2.38772 0.363252 -0.00613471 -2711.4 261.618
29 104.647 13.071 398.728 -121.404 17.998 -0.67762 0.0174215 -2596.46 253.048
30 150.052 13.285 436.642 -115.959 16.8779 -0.594118 0.015747 -2795.68 268.729
31 100.655 14.8094 356.563 -99.7917 14.6255 -0.469604 0.0134031 -2938.29 275.437
32 107.151 5.99287 501.491 -186.07 29.2706 -1.55305 0.0406777 -2906.54 266.698
33 89.5321 6.9313 398.042 -139.833 21.13 -0.983418 0.027413 -3070.13 276.742
34 79.1834 7.62274 420.081 -154.836 23.5968 -1.11625 0.0295866 -2835.81 263.22
35 89.3569 7.69673 510.115 -197.155 31.3394 -1.67964 0.0439193 -3036.09 277.618
36 86.003 7.89649 420.398 -150.672 22.9269 -1.07959 0.0290201 -2717.53 257.841
37 53.3453 10.1863 369.213 -136.28 20.324 -0.864741 0.0230106 -2937.14 270.283
38 89.0487 5.87086 470.683 -179.476 28.0377 -1.46033 0.0386621 -2782.19 258.742
39 96.3634 7.45272 447.64 -160.997 24.8842 -1.23059 0.0328066 -2933.5 270.335
40 69.5029 8.98585 388.604 -139.498 20.7503 -0.898785 0.0237118 -3009.82 273.414
41 107.098 6.7227 484.488 -174.732 26.977 -1.35636 0.0354038 -2782.7 260.047
42 97.6289 6.97668 336.597 -103.131 14.5396 -0.516618 0.0160133 -2840.53 263.381
43 76.0403 7.97132 352.315 -123.803 18.7797 -0.838279 0.0242614 -2947.93 268.969
44 105.563 4.53182 410.347 -140.952 20.7761 -0.926104 0.025567 -2852.33 264.925
45 63.3871 12.1852 252.62 -68.7603 8.99995 -0.125729 0.0064708 -2736.61 257.655
46 73.659 9.21479 328.316 -107.557 15.3844 -0.542269 0.015664 -2791.47 260.301
47 77.0101 5.31139 218.427 -53.5938 5.06306 0.198372 -0.00261136 -2954.86 266.977
48 91.3321 7.60848 473.317 -179.425 28.859 -1.58316 0.043461 -2987.05 273.733
49 112.052 8.38152 415.635 -134.764 20.5312 -0.967904 0.028105 -2882.67 269.564
50 88.5857 7.3761 361.627 -121.819 18.3421 -0.82418 0.0243478 -3013.47 272.632
51 63.1882 16.0813 301.997 -82.1203 11.3067 -0.298403 0.0101349 -3116.14 279.869
52 90.7317 8.36841 320.433 -97.3118 13.8468 -0.475966 0.0150979 -2713.91 255.59
53 84.4823 11.8291 320.12 -95.2324 14.0407 -0.508684 0.0161817 -2834.81 264.221
54 38.8063 12.0122 251.146 -82.717 11.9796 -0.383355 0.0133457 -2905.04 264.198
55 116.412 6.82052 501.244 -178.658 27.8365 -1.43514 0.0375752 -2783.85 260.182
56 60.7215 7.57841 420.491 -165.851 25.9826 -1.33501 0.0358712 -3170.2 279.721
57 82.7153 6.02689 432.403 -163.811 25.6241 -1.33158 0.0364239 -3139.62 278.571
58 102.259 8.77784 418.579 -141.776 21.959 -1.06357 0.029403 -2699.8 254.817
59 96.273 8.56378 404.445 -139.834 22.1127 -1.13006 0.0323156 -3038.47 273.746
60 98.1456 8.20488 453.31 -162.373 25.4506 -1.30245 0.0353168 -3165.28 282.994
61 88.9138 7.38854 297.152 -86.6295 11.5966 -0.293255 0.00958678 -3060.56 274.048
62 72.7847 6.87904 423.42 -160.149 24.3629 -1.17061 0.0309306 -3031.47 273.167
63 67.1465 11.9865 271.314 -69.3855 7.99977 4.46501e-05 0.00207635 -2855.05 262.576
64 171.256 6.92751 495.643 -147.057 22.253 -1.04976 0.028761 -2723.29 262.126
65 121.181 12.0471 264.19 -45.703 5.09574 0.126583 0.000648867 -2881.17 268.741
66 131.613 10.0611 441.727 -135.015 20.4094 -0.89801 0.0239868 -2946.4 273.434
67 126.882 12.6902 322.177 -73.1889 10.3586 -0.269426 0.0106561 -3021.65 276.435
68 141.4 9.52687 478.959 -151.674 23.7838 -1.18838 0.0322945 -2990.33 275.464
69 130.205 12.5626 243.669 -23.6419 0.395428 0.497658 -0.00935876 -2816.18 263.717
70 138.821 11.2309 308.296 -58.5837 6.98102 0.0106634 0.00309949 -2783.58 261.685
71 148.934 8.80558 472.537 -143.794 21.89 -1.01738 0.0275743 -2931.17 272.869
72 167.415 7.77975 494.258 -146.993 22.4272 -1.07306 0.0293451 -2979.87 276.194
73 146.109 9.47105 406.064 -110.469 16.4796 -0.699449 0.0210571 -2956.16 271.684
74 128.612 7.90227 459.208 -149.619 23.0906 -1.13604 0.0313226 -2985.28 273.177
75 132.894 14.9625 308.24 -56.1091 6.69175 0.0900009 -6.08021e-05 -2711.2 263.318
76 131.123 9.2312 379.585 -104.102 14.9211 -0.531228 0.0157495 -2881.87 268.013
77 133.865 10.0522 411.404 -119.729 18.4374 -0.863813 0.0261304 -2960.68 272.969
78 171.193 10.3266 474.504 -133.259 20.8669 -1.01768 0.0292359 -2809.18 266.879
79 119.748 16.2753 462.549 -134.345 20.7845 -1.0254 0.0294086 -2715.16 256.938
80 144.777 7.73719 464.462 -146.204 22.9907 -1.17976 0.0331732 -2699.39 255.56
81 110.21 20.9433 475.811 -133.867 20.4756 -0.970647 0.0278721 -3066.89 282.189
82 193.506 7.91737 504.896 -139.476 21.2771 -1.00406 0.027395 -3097.08 281.995
83 139.245 9.41029 277.017 -58.5973 8.71394 -0.207327 0.00996314 -3139.66 281.769
84 121.605 13.0875 435.888 -136.18 21.9544 -1.11055 0.0316898 -3037.67 279.129
85 142.401 11.7581 454.507 -135.676 21.3562 -1.03334 0.0293324 -2945.39 275.008
86 135.557 15.249 300.645 -56.0664 8.00589 -0.115053 0.00738022 -2846.76 271.057
87 126.613 11.2777 421.224 -125.615 19.1261 -0.836955 0.0230444 -3039.32 276.769
88 133.848 14.0849 327.661 -69.4458 9.52232 -0.161705 0.00718861 -2888.43 273.291
89 144.561 10.7075 496.65 -160.416 26.1752 -1.42468 0.0401359 -3187.69 289.709
90 153.428 10.6193 442.383 -124.994 19.2665 -0.882572 0.0254809 -2921.79 273.756
91 160.24 15.1654 196.18 6.12197 -2.40682 0.607752 -0.0100084 -2863.43 274.265
92 124.737 11.6031 346.648 -86.3968 12.0275 -0.329742 0.0110834 -2740.25 260.773
93 138.537 13.1444 317.272 -64.2228 8.74271 -0.126009 0.00654503 -2744.43 262.328
94 137.27 12.5739 348.629 -81.9024 11.831 -0.352213 0.0125848 -2983.27 277.719
95 134.376 11.9179 347.601 -82.1353 11.7782 -0.364179 0.00987249 -2983.27 277.719
