0 191.554 -9.47347 527.145 -181.286 26.244 -1.24737 0.027657 -2375.54 213.825
1 147.44 4.57187 598.421 -198.457 28.7754 -1.39394 0.0303846 -2220.09 205.901
2 155.8 1.05614 530.046 -175.849 25.9658 -1.27256 0.0287378 -2705.27 232.847
3 132.552 1.01584 466.44 -158.21 23.1109 -1.06687 0.0237637 -2041.2 192.939
4 157.983 0.491221 496.227 -157.619 22.84 -1.09456 0.0259572 -2680.28 234.109
5 155.181 -2.74482 447.555 -150.021 22.0626 -1.00659 0.0215475 -2241.2 201.497
6 116.849 9.49558 485.566 -151.228 21.6891 -0.956591 0.0204887 -2286.3 207.634
7 169.851 -2.37247 173.3 -17.572 0.912444 0.387426 -0.0100494 -2204.03 202.974
8 102.626 13.1722 206.739 -20.4305 0.53362 0.4611 -0.0123953 -2242.37 208.653
9 -179.78 63.7119 497.336 -161.625 24.0991 -1.18319 0.0274475 -2695.45 231.495
10 212.856 -6.62331 324.835 -72.0206 8.68965 -0.0728578 -0.00053064 -2080.06 196.73
11 -288.562 82.29 216.328 -32.8061 2.569 0.310347 -0.00830945 -2701.1 236.491
12 179.831 -10.0559 550.899 -199.103 29.9088 -1.61586 0.0388101 -2415.65 210.719
13 -73.3689 51.284 446.962 -110.367 14.8176 -0.540724 0.0122827 -2742.71 238.054
14 277.779 -24.6623 303.391 -67.1391 6.8151 0.0618802 -0.00369817 -2359.98 209.387
15 117.312 9.09698 365.633 -98.4086 13.6196 -0.465597 0.00994432 -2667.66 230.226
16 -49.3021 41.5354 256.177 -50.207 6.87834 -0.0783798 0.00187789 -2183.98 200.708
17 217.041 -8.59637 329.523 -78.7815 10.0736 -0.183893 0.00256396 -2337.45 213.705
18 176.133 0.292712 144.247 9.76471 -3.96712 0.717191 -0.0183442 -2100.32 194.123
19 182.024 -7.64174 271.675 -66.7666 8.68812 -0.167016 0.00422004 -2822.56 241.024
20 34.0689 22.5152 160.649 -6.09142 -1.78651 0.592061 -0.0151845 -2697.25 231.296
21 72.7338 17.9788 228.015 -31.1632 2.18271 0.351548 -0.0104347 -2549.91 224.511
22 203.912 -9.10283 126.522 11.6228 -5.16428 0.869473 -0.023608 -2256.81 204.019
23 151.724 3.00896 130.746 10.006 -4.04235 0.74971 -0.0194566 -2207.67 203.462
24 268.765 -17.697 283.995 -46.8049 3.65222 0.288861 -0.0095164 -2513.68 219.89
25 127.695 5.56185 285.751 -73.7957 10.9633 -0.356198 0.00930175 -2311.08 210.857
26 235.103 -9.91941 209.935 -21.9659 1.66854 0.306078 -0.00718227 -2426.03 217.634
27 21.0114 28.7421 201.084 -17.7748 0.445205 0.437964 -0.0122822 -2268.21 204.529
28 33.3836 23.6106 68.6553 39.9296 -9.65608 1.17472 -0.031122 -2360.57 208.921
29 171.268 -3.4533 599.052 -204.418 29.5163 -1.46562 0.0323845 -2320.75 209.513
30 50.27 23.8041 7.65827 71.6113 -13.8782 1.387 -0.033983 -2048.55 194.241
31 -79.3608 49.6381 370.954 -89.7734 12.2279 -0.38907 0.00879676 -2054.66 194.606
32 81.1641 13.0732 322.647 -98.2143 15.6253 -0.716906 0.018612 -2494.33 220.681
33 118.422 6.0656 534.751 -202.251 33.6879 -2.00918 0.0511426 -2406.6 216.987
34 82.2559 12.341 336.62 -106.464 17.2683 -0.872992 0.0237315 -2453.15 219.873
35 64.5711 15.5103 258.641 -66.7889 9.63917 -0.235742 0.00541244 -2573.94 227.712
36 55.7594 12.7846 226.799 -57.8228 7.58447 -0.0843993 0.0014416 -2800.3 238.507
37 51.0731 14.0095 310.817 -88.8907 11.5233 -0.307954 0.00647198 -2672.72 229.279
38 155.215 -1.88943 874.293 -335.73 51.3009 -3.00134 0.0703419 -2706.6 230.068
39 70.3832 17.8328 174.85 -7.84236 -1.84089 0.635364 -0.0170553 -2368.2 215.793
40 83.5654 14.7834 328.46 -87.8153 12.6939 -0.458833 0.0107541 -2613.72 224.893
41 61.2078 17.5585 254.246 -52.392 6.17225 0.0206932 -0.00105484 -2882.25 243.776
42 77.2024 16.8954 294.474 -66.8435 8.94722 -0.213845 0.0062052 -2537.67 224.48
43 68.0652 15.888 194.774 -25.4409 1.56482 0.370003 -0.0110265 -2548.85 222.482
44 68.298 15.3456 249.206 -57.0859 7.79982 -0.146865 0.00405187 -2596.73 224.007
45 71.8493 15.1995 127.832 7.38858 -4.07717 0.767673 -0.0202361 -2526.64 221.72
46 75.5173 12.7701 276.862 -64.6962 7.76054 -0.0805047 0.00203634 -2271.3 207.1
47 84.958 14.0944 368.315 -100.74 13.9167 -0.51038 0.0115701 -2593.52 225.656
48 57.0746 16.2401 202.4 -34.4403 3.33669 0.211266 -0.00562885 -2440.35 216.64
49 37.6192 18.6517 89.5419 15.6874 -5.17806 0.832135 -0.0219739 -2797.3 237.468
50 74.0451 16.4243 158.986 -7.40855 -0.763474 0.466511 -0.0108118 -2870.05 244.362
51 97.1599 16.5781 447.606 -122.531 16.8967 -0.669869 0.0141982 -2518.43 220.386
52 73.6366 19.3401 728.478 -262.655 41.1536 -2.43696 0.0598177 -2430.61 218.381
53 85.9968 15.8246 376.887 -100.672 13.8427 -0.484958 0.0104189 -2538.94 221.888
54 67.0637 18.4442 128.483 15.4293 -5.6754 0.870097 -0.0219429 -2398.67 215.321
55 88.2526 12.1638 296.987 -71.3983 9.31024 -0.238389 0.00757212 -2465.74 220.672
56 61.7007 14.3545 234.47 -47.4665 4.90626 0.114363 -0.0031947 -2614.01 225.435
57 71.0295 18.087 153.941 -4.78391 -1.02805 0.506681 -0.0130075 -2501.95 221.303
58 76.6143 14.2699 174.56 -7.57417 -2.80135 0.744945 -0.0208075 -2527.64 221.548
59 63.3732 16.685 149.839 -5.9849 -1.45703 0.562339 -0.0146738 -2448.04 218.036
60 82.48 8.47401 342.495 -115.814 18.4983 -0.942515 0.02407 -2686.39 225.733
61 99.3149 4.81173 474.586 -187.141 31.7552 -1.94829 0.0515323 -2184.31 201.513
62 103.174 7.07117 459.255 -172.615 29.4085 -1.79522 0.0479556 -2502.55 219.852
63 121.967 6.8724 463.538 -163.201 27.1119 -1.5667 0.0402788 -2370.46 211.128
