0 110.365 7.01571 443.51 -152.717 23.2151 -1.07265 0.0270841 -2446.1 236.406
1 74.7176 10.8076 352.369 -118.116 17.9603 -0.781955 0.0224846 -2749.54 256.741
2 85.607 13.4117 483.108 -171.807 27.2783 -1.42421 0.0370736 -2781.96 257.178
3 90.0267 6.92107 447.047 -162.51 24.4673 -1.13051 0.0277857 -2489.37 238.315
4 96.1656 12.1522 409.241 -130.179 19.6941 -0.881424 0.0238345 -2423.27 235.995
5 90.5861 8.20382 421.438 -149.149 22.8879 -1.08608 0.028275 -2661.71 248.667
6 123.351 8.98222 437.66 -138.887 20.958 -0.926467 0.0242272 -2422.05 239.179
7 135.915 7.28947 433.476 -130.711 18.5728 -0.672377 0.015943 -2430.32 240.281
8 85.116 7.96219 382.346 -129.843 18.8707 -0.748353 0.0187679 -2511.6 239.643
9 89.8905 9.94743 267.986 -66.27 8.0375 -0.0107363 0.00151948 -2450.22 236.411
10 74.0097 13.4718 278.217 -75.5885 10.6411 -0.255141 0.00884916 -2542.75 242.701
11 83.0518 11.6183 328.003 -100.051 14.8628 -0.557772 0.0161593 -2694.69 251.425
12 157.079 2.65951 422.385 -129.571 19.5154 -0.865058 0.0231958 -2557.77 243.784
13 64.8565 16.6388 398.197 -124.844 17.8882 -0.672338 0.0166616 -2463.65 237.441
14 75.247 9.60907 321.975 -102.058 14.4282 -0.47288 0.0138046 -2607.15 248.777
15 116.392 5.56121 299.555 -80.9805 11.0021 -0.274173 0.00906174 -2459.08 236.301
16 115.079 10.8262 372.54 -105.733 15.1198 -0.496605 0.0123567 -2378.88 231.998
17 104.763 8.89512 365.584 -118.292 19.2395 -1.02486 0.0319651 -2554.42 244.509
18 93.1458 7.02558 403.223 -142.294 21.7804 -1.01309 0.0265357 -2626.88 246.088
19 80.8028 11.8537 305.019 -86.79 11.8603 -0.268651 0.00754726 -2455.19 238.78
20 111.137 10.1959 317.368 -81.5262 11.2042 -0.274126 0.00858828 -2410.63 234.549
21 113.845 11.9714 341.837 -88.2725 12.0348 -0.272468 0.00766912 -2336.67 234.504
22 -41.0343 38.2695 308.027 -82.6338 11.5946 -0.303781 0.00976968 -2517.48 243.023
23 84.4668 12.0032 246.239 -54.424 6.25459 0.116262 -0.00160007 -2473.83 239.29
24 110.336 11.2824 318.919 -80.0127 10.843 -0.234256 0.00750716 -2648.63 250.286
25 116.003 9.83886 297.008 -68.3329 8.71352 -0.0920433 0.00429586 -2504.06 241.5
26 86.747 11.2475 318.802 -93.5421 13.5177 -0.446206 0.0132948 -2616.84 246.841
27 96.1359 9.45458 311.758 -86.8498 11.7918 -0.288782 0.0087811 -2345.43 232.027
28 65.912 14.1226 228.049 -52.5115 6.6085 0.0271825 0.00195805 -2489.74 238.901
29 100.969 10.1495 333.92 -96.4556 14.1396 -0.511588 0.0150045 -2437.2 235.103
30 33.4172 21.0157 63.2155 28.1622 -7.04165 0.977624 -0.021267 -2510.42 238.69
31 67.4362 12.6054 231.698 -59.1654 8.30276 -0.147898 0.00710799 -2609.9 244.3
32 119.577 18.8283 446.683 -117.491 17.0616 -0.661822 0.0184673 -2557.7 251.357
33 142.914 8.40912 428.381 -123.339 17.672 -0.658223 0.0176335 -2685.35 258.95
34 158.373 4.74606 352.851 -78.9294 8.58473 0.0536239 -0.00142398 -2522.91 246.501
35 144.068 8.60568 374.771 -94.5944 12.7027 -0.330625 0.0101017 -2661.37 255.379
36 155.316 7.5386 470.274 -140.55 20.9578 -0.929324 0.0248065 -2473.71 243.967
37 160.58 7.69037 483.578 -145.647 21.9534 -0.989402 0.0256669 -2536.69 248.546
38 150.307 6.8174 458.545 -138.815 20.8529 -0.958168 0.0259759 -2696.52 254.314
39 151.46 7.3522 468.707 -144.23 21.8002 -0.98695 0.0258666 -2421.12 240.948
40 168.422 3.80933 393.262 -106.37 15.3446 -0.580182 0.0172826 -2473.24 241.934
41 156.24 7.91276 463.196 -139.021 21.3386 -1.00131 0.0270217 -2616.98 250.666
42 189.824 -0.45734 401.944 -109.712 15.525 -0.514368 0.013516 -2633.74 252.946
43 41.5421 31.6361 363.689 -75.505 9.11764 -0.0827006 0.00385446 -2446.78 241.49
44 148.536 9.34373 400.706 -106.17 15.1719 -0.51801 0.0142222 -2530.49 246.484
45 139.07 5.32363 404.556 -125.17 19.0521 -0.865219 0.0245542 -2825.89 261.825
46 141.299 10.6865 376.94 -95.3053 13.5206 -0.42173 0.0121924 -2502.26 244.318
47 -3.39102 36.7968 382.038 -96.1359 13.3114 -0.429563 0.0131103 -2566.47 245.796
48 137.676 13.2266 309.946 -58.0478 7.33086 -0.0214584 0.00306838 -2577.69 247.386
49 144.132 14.4703 329.365 -63.0919 8.38592 -0.0957495 0.00506211 -2424.26 240.364
50 92.1019 23.0915 238.167 -15.7957 -0.464885 0.54252 -0.0106598 -2579.53 248.461
51 158.91 5.47723 494.402 -158.116 24.7 -1.26858 0.0340128 -2694.62 252.067
52 125.234 19.0162 280.603 -35.009 3.61308 0.197531 -0.00130078 -2249.17 225.78
53 138.041 12.4825 331.016 -70.6931 9.491 -0.154435 0.00555746 -2334.28 232.454
54 116.371 20.2139 268.51 -18.3273 -1.36309 0.681939 -0.0156889 -2400.05 236.629
55 120.763 12.935 241.068 -30.4071 2.1962 0.3562 -0.0067573 -2532.42 241.965
56 141.304 7.97598 386.221 -105.747 15.4349 -0.59451 0.0168688 -2439.8 234.954
57 144.397 14.5325 240.875 -13.3421 -1.11947 0.629502 -0.0138569 -2201.66 226.616
58 140.439 10.3856 385.701 -102.1 15.0791 -0.572011 0.0164625 -2474.45 240.58
59 154.972 7.30494 440.315 -127.862 19.2429 -0.852592 0.0227382 -2418.53 235.057
60 169.539 6.51624 367.539 -89.1524 13.0321 -0.456746 0.0143743 -2500.92 241.891
61 152.223 7.14456 391.882 -106.954 15.9511 -0.655305 0.019099 -2400.66 235.494
62 143.159 10.6752 333.281 -71.9853 9.65535 -0.19762 0.00774504 -2493.73 241.554
63 148.044 13.8986 276.896 -35.6568 3.7416 0.200784 -0.00153338 -2413.63 237.755
64 166.545 4.706 418.461 -115.747 16.9119 -0.706836 0.0202552 -2606.25 247.156
65 156.305 3.59337 401.095 -109.237 14.788 -0.491411 0.0131772 -2486.66 236.681
66 148.961 6.57895 447.142 -133.537 19.545 -0.81732 0.0215437 -2414.2 239.271
67 137.149 3.49471 521.186 -159.793 20.46 -0.720635 0.0162576 -2672.52 250.11
68 84.8489 19.6724 484.704 -133.428 17.5529 -0.630438 0.0165842 -2805.8 260.028
69 230.057 -14.1037 396.894 -111.09 14.3825 -0.466688 0.013263 -2736.61 250.503
70 147.814 4.95326 339.797 -75.0316 8.14162 0.0159497 8.14556e-05 -2534.89 240.331
71 177.196 3.74831 483.147 -142.477 20.9814 -0.944249 0.0249161 -2585.44 246.356
72 27.3228 30.1369 381.477 -99.49 14.2222 -0.528215 0.0162592 -2643.75 249.916
73 -12.0704 38.2787 255.029 -33.49 2.72111 0.281702 -0.00403832 -2345.31 229.19
74 150.843 7.50205 428.95 -122.963 18.6484 -0.869934 0.0245549 -2641.19 246.547
75 172.271 6.47559 441.012 -112.091 15.1319 -0.519897 0.0142501 -2396.96 234.376
76 151.48 6.10799 460.669 -140.857 21.2993 -1.00373 0.0265781 -2557.87 242.189
77 151.037 4.43103 422.328 -125.21 18.4901 -0.814431 0.0219717 -2548.33 239.539
78 154.897 7.30727 396.648 -109.706 17.0304 -0.796348 0.0232394 -2508.22 236.828
79 149.11 4.46205 491.435 -162.889 25.6384 -1.37685 0.0374843 -2514.72 238.747
80 141.757 8.01012 386.665 -109.033 16.836 -0.76877 0.0225023 -2544.19 240.339
81 147.218 5.04025 337.626 -89.6793 13.5758 -0.564094 0.017691 -2421.13 229.878
82 133.727 4.27167 439.147 -143.979 22.0829 -1.09643 0.0295343 -2383.59 228.07
83 143.533 5.63822 423.613 -127.11 19.0056 -0.863413 0.023294 -2418.32 230.508
84 126.632 8.61083 437.392 -139.516 21.6878 -1.05681 0.0285135 -2643.38 247.03
85 133.259 8.36438 412.941 -122.413 18.3531 -0.796686 0.0214582 -2465.02 235.916
86 34.0699 27.9584 357.012 -95.2408 13.7753 -0.487692 0.0144325 -2569.06 243.179
87 168.37 8.34584 512.276 -158.506 25.304 -1.32877 0.0353395 -2514.27 241.223
88 103.153 12.9943 276.512 -58.9995 7.66599 -0.0787345 0.00500548 -2614.97 244.876
89 123.229 10.5256 339.574 -84.6223 11.6989 -0.326547 0.00963073 -2383.81 229.839
90 135.471 9.93397 410.148 -117.801 17.7738 -0.759919 0.0208092 -2607.34 246.17
91 167.711 10.5649 377.075 -81.8832 11.3189 -0.296853 0.0091259 -2303.34 228.945
92 107.541 12.7356 409.645 -131.122 21.6055 -1.17455 0.034387 -2503.2 236.978
93 122.715 11.4014 285.32 -55.7391 6.6483 0.0448874 0.000478782 -2562.7 242.079
94 158.342 5.44931 515.346 -171.615 27.567 -1.50367 0.0396523 -2429.68 232.982
95 158.342 5.44931 604.957 -175.369 26.1722 -1.64541 0.0413889 -2429.68 232.982
