0 181.857 9.93942 540.337 -159.298 24.539 -1.18416 0.0317632 -2708.74 264.338
1 168.988 9.749 549.567 -173.653 27.5659 -1.43114 0.0381019 -2782.32 266.52
2 146.021 12.9453 423.445 -113.971 17.2427 -0.712393 0.0210327 -3105.1 286.234
3 165.344 10.7182 552.551 -173.874 27.1047 -1.32284 0.0336009 -2676.28 262.381
4 197.553 8.76435 608.869 -190.399 30.3044 -1.61927 0.042577 -3008.3 280.488
5 119.389 22.6807 157.947 28.3785 -7.41109 1.04747 -0.0224621 -2654.05 262.485
6 162.324 10.7032 482.341 -140.05 21.6704 -1.02116 0.0282156 -2664.04 260.02
7 173.449 10.0215 498.646 -143.867 22.041 -1.00239 0.026911 -2808.3 271.08
8 158.217 19.9451 264.999 -10.0262 -0.958796 0.581384 -0.0113791 -2419.56 244.823
9 145.021 11.7286 437.307 -122.139 18.1098 -0.717397 0.0191061 -2826.66 266.846
10 175.488 9.54036 589.668 -192.621 31.3284 -1.74636 0.046591 -3253.49 293.928
11 190.218 9.6003 519.811 -144.988 21.8426 -0.963676 0.0250464 -2630.03 258.725
12 169.451 10.0119 517.008 -155.267 24.177 -1.17565 0.030867 -2594.79 253.821
13 183.481 9.6716 500.675 -136.789 20.0188 -0.802412 0.0205252 -2739 265.485
14 194.84 10.1772 544.772 -155.096 23.8411 -1.11976 0.0289784 -2700.47 262.706
15 197.323 8.94495 533.27 -154.023 24.2539 -1.20543 0.0325631 -2621.45 258.431
16 175.935 11.2213 489.478 -134.612 20.3487 -0.873649 0.0225592 -2591.21 254.008
17 177.491 11.2475 490.349 -136.533 21.3155 -1.01022 0.028044 -2641.37 257.973
18 138.767 16.2643 324.988 -60.3525 7.84495 -0.0242402 0.00312219 -2756.07 264.695
19 165.197 11.4208 482.062 -138.1 21.3873 -0.975403 0.0256559 -2679.11 257.356
20 167.341 10.5281 394.853 -91.9479 12.8247 -0.351909 0.0105395 -2556.48 252.088
21 179.952 13.9879 442.75 -103.729 15.0484 -0.482393 0.0129715 -2537.59 254.23
22 186.398 12.0008 433.004 -100.421 14.8778 -0.548468 0.0166141 -2408.28 244.496
23 194.482 11.1405 478.251 -119.85 18.0036 -0.750229 0.0206984 -2679.81 258.756
24 157.229 15.3672 319.035 -47.9068 5.21804 0.197847 -0.00350125 -2584.16 254.461
25 190.78 12.1607 457.133 -110.445 16.7187 -0.68217 0.019548 -2683.31 259.863
26 161.509 19.6493 309.889 -33.3258 3.24935 0.29195 -0.00474403 -2715.8 263.293
27 170.898 18.2949 308.074 -29.7541 2.36474 0.3759 -0.00701675 -2438.9 247.7
28 159.919 18.1425 329.244 -39.9416 3.33948 0.32282 -0.00573401 -2698.09 261.906
29 291.213 -17.3853 397.594 -101.494 14.472 -0.460201 0.0125428 -2552.93 249.327
30 156.015 12.0547 477.91 -140.349 22.2059 -1.08544 0.0298219 -2670.81 257.785
31 155.203 16.9112 311.857 -44.6283 5.26307 0.150492 -0.00156488 -2555.67 252.457
32 120.415 24.8459 466.842 -104.115 13.8633 -0.413478 0.0125146 -2872.64 272.456
33 118.296 20.4169 496.527 -117.466 13.7064 -0.238884 0.0045272 -2883.27 270.533
34 108.279 23.235 519.386 -128.745 16.2028 -0.46563 0.011201 -2808.24 266.407
35 154.034 19.9164 605.578 -157.357 21.1813 -0.826111 0.0205124 -2670.89 260.18
36 -14.4491 48.9977 774.797 -239.281 34.3274 -1.70819 0.0409666 -2788.61 264.256
37 131.51 16.9487 578.065 -165.188 23.1162 -1.01604 0.0266181 -2677.45 258.844
38 30.1886 41.2336 805.271 -251.287 36.2777 -1.85718 0.0451809 -2890.16 271.017
39 0.496666 48.2058 447.987 -86.8168 9.89064 -0.0564144 0.00200045 -2565.41 254.344
40 191.952 8.26169 583.863 -163.646 23.0852 -1.00475 0.0252676 -2796.41 263.801
41 -59.8113 61.0124 474.17 -89.7119 9.56274 0.00475674 -0.00018083 -2525 252.549
42 99.1909 28.3175 576.944 -150.819 20.7348 -0.854436 0.0227117 -2773.88 266.646
43 160.287 11.3722 386.679 -77.7384 8.90858 -0.0509521 0.00344538 -2820.51 267.116
44 95.9179 28.5364 308.921 -38.8536 4.14688 0.195566 -0.00103184 -2706.36 262.432
45 31.4229 45.6174 606.795 -144.805 17.9669 -0.508414 0.0099425 -2554.32 251.944
46 107.02 28.169 268.54 -14.7449 0.142014 0.456631 -0.0069561 -2486.67 248.542
47 165.732 13.2797 614.122 -171.741 23.921 -1.07923 0.027034 -2690.52 253.838
48 199.193 11.8198 333.072 -48.0037 6.59035 -0.0470834 0.00555813 -2341.39 236.51
49 62.922 37.4947 754.678 -218.592 30.3185 -1.4063 0.0328083 -2482.19 244.738
50 118.511 23.4247 511.385 -130.388 18.4415 -0.745389 0.0202457 -2638.93 255.03
51 69.9213 33.6751 571.021 -148.932 20.589 -0.854838 0.0222049 -2578.22 251.147
52 189.857 10.7983 401.5 -80.7717 10.8326 -0.257661 0.00911067 -2625.86 253.503
53 154.473 18.9295 212.897 10.5721 -4.13515 0.763668 -0.0152272 -2581.85 253.205
54 188.883 11.0543 414.975 -89.5486 12.8506 -0.445087 0.0148623 -2921.47 272.011
55 129.261 21.4673 410.88 -83.2297 10.7513 -0.236081 0.00848584 -2682.27 257.175
56 17.5798 44.9621 485.066 -98.8884 11.4268 -0.182236 0.00515398 -2497.84 246.317
57 133.674 24.9451 297.996 -24.7657 1.97975 0.311998 -0.00331518 -2616.95 256.309
58 116.13 25.607 470.768 -108.798 15.2798 -0.562099 0.016397 -2814.77 264.196
59 185.026 14.935 306.724 -28.0242 1.98412 0.365395 -0.0058536 -2595.1 255.51
60 105.498 27.8019 467.273 -106.152 14.8018 -0.534135 0.0163217 -2647.58 256.768
61 204.076 9.19772 365.867 -65.9379 9.33582 -0.232847 0.0103756 -2756.21 262.983
62 83.6811 34.98 358.992 -44.4463 4.18255 0.211619 -0.00227718 -2428.07 242.866
63 189.363 9.78311 293.044 -28.3345 1.54249 0.407129 -0.00776206 -2336.67 233.374
64 172.832 -4.3252 587.242 -201.96 28.8982 -1.39082 0.0343286 -2705.04 252.576
65 -20.1128 31.1416 814.798 -301.581 44.1058 -2.36839 0.0567574 -3075.63 274.298
66 111.248 5.80703 344.923 -103.236 14.5285 -0.52294 0.0164418 -2939.04 269.123
67 -99.1677 45.8203 817.501 -299.156 43.0838 -2.2597 0.053094 -2830.97 258.308
68 123.958 5.39223 305.248 -78.2215 9.95108 -0.15653 0.00591638 -2549.55 244.347
69 134.725 -5.20401 615.174 -228.808 32.4657 -1.60715 0.0392321 -2943.06 263.751
70 77.3185 15.2915 409.938 -120.239 16.384 -0.583077 0.0155294 -2847.63 260.144
71 101.408 5.10363 378.718 -123.659 17.4075 -0.660999 0.0176293 -2726.04 252.785
72 96.2833 8.67437 354.648 -107.45 15.0919 -0.536652 0.0155577 -2586.17 246.175
73 111.431 4.61124 449.252 -162.191 25.5077 -1.34331 0.0370791 -2916.65 265.763
74 107.15 5.93364 334.941 -102.695 14.8237 -0.551175 0.0166817 -2720.13 253.596
75 130.16 6.87837 375.795 -118.197 18.947 -0.924841 0.0278199 -2790.78 261.566
76 121.032 4.28707 352.57 -104.462 14.5571 -0.52187 0.0161352 -2856.42 261.666
77 122.695 6.43237 320.541 -87.5667 12.4857 -0.415672 0.0137677 -2598.56 246.066
78 -112.93 52.9442 378.074 -102.108 13.9694 -0.464984 0.0137789 -2814.51 258.71
79 121.317 4.70127 408.449 -137.8 21.4826 -1.06717 0.0294793 -2875.05 260.472
80 133.59 4.78611 418.205 -130.756 19.3625 -0.863487 0.0234181 -2709.42 250.936
81 84.73 6.51856 419.331 -154.585 24.0949 -1.23771 0.0336383 -2773.9 253.241
82 -35.402 38.2552 229.967 -38.425 4.2869 0.147925 0.00026248 -2635.13 248.348
83 179.796 -7.25409 415.083 -133.864 19.2696 -0.850403 0.0242064 -2719.75 253.812
84 88.8243 11.0768 333.371 -98.3699 13.9823 -0.458712 0.0138509 -2583.13 248.343
85 99.1987 11.7273 238.445 -44.7937 4.92042 0.152941 -0.000856149 -2657.5 251.474
86 100.542 8.99914 414.694 -139.112 21.2478 -0.990731 0.027033 -2815.11 261.59
87 50.0103 23.1978 376.978 -111.079 16.7841 -0.718027 0.0217206 -2883.23 268.176
88 100.947 6.9394 348.34 -110.134 16.0199 -0.610399 0.017572 -2692.19 253.164
89 87.2128 8.15334 377.917 -129.942 19.6826 -0.882315 0.0246822 -2827.84 261.966
90 103.795 9.20207 327.164 -89.111 11.7568 -0.263797 0.00833279 -2854.45 263.925
91 128.859 4.90214 420.99 -139.565 21.6697 -1.06544 0.0299192 -2726.56 255.325
92 99.9259 9.67266 238.481 -52.1312 6.54681 0.00993527 0.00351203 -2715.11 254.887
93 133.513 1.98364 409.592 -138.91 21.2123 -0.987146 0.0271515 -2688.63 253.9
94 109.218 6.27793 382.699 -123.698 18.2449 -0.76885 0.0212627 -2906.36 265.428
95 109.218 6.27793 367.575 -125.755 17.9652 -0.806893 0.0160888 -2906.36 265.428
