0 54.8706 22.6505 207.567 -15.3278 -2.00749 0.792476 -0.0184736 -3174.61 290.016
1 82.5331 18.4127 238.574 -27.5533 0.334538 0.581842 -0.0125259 -2687.99 258.058
2 55.2019 22.0683 73.0265 46.67 -12.1037 1.4609 -0.034276 -2880.68 270.936
3 47.2595 22.0547 82.6328 32.4518 -8.90366 1.20719 -0.0277616 -3143.33 286.87
4 75.086 17.3556 255.851 -41.2718 2.68158 0.406877 -0.00839247 -2954.89 272.034
5 62.2322 22.0732 75.8808 48.6243 -12.7001 1.55163 -0.0382936 -2672.45 257.145
6 93.5897 19.6018 202.475 -4.32826 -3.04119 0.772206 -0.0165857 -2747.09 260.571
7 37.5148 23.9239 135.076 8.2546 -4.90575 0.917682 -0.0206912 -2958.82 271.355
8 84.437 19.2979 210.935 -17.8754 -0.226272 0.572784 -0.0117284 -2963.29 274.736
9 -38.1531 41.4476 184.98 -1.92724 -3.85041 0.879778 -0.0205833 -2743.77 260.252
10 59.6455 21.5093 146.567 12.4107 -6.09071 1.00412 -0.0227292 -2841.72 265.525
11 82.6921 23.2585 207.679 -4.22419 -2.99048 0.779594 -0.016744 -2698.54 260.565
12 52.6948 16.9182 98.7125 18.9381 -6.69985 0.98507 -0.0203334 -2791.6 262.19
13 35.2703 27.1438 80.6251 41.6608 -10.3756 1.27385 -0.0287186 -2687.53 256.883
14 55.5427 21.2427 109.267 25.0731 -7.82821 1.10353 -0.025105 -3071.62 277.661
15 88.9794 19.5306 205.777 -5.44279 -3.49503 0.865409 -0.0205641 -2798.61 264.433
16 64.1313 28.4905 239.655 -16.8964 -0.278496 0.540124 -0.00985122 -2655.82 257.86
17 84.6205 24.361 305.175 -44.1912 3.35575 0.357472 -0.00719105 -2703.35 259.986
18 65.6405 23.2452 115.22 29.6117 -8.09937 1.08124 -0.0233368 -2611.04 251.589
19 69.4324 19.34 175.935 -3.93657 -3.10609 0.776553 -0.0165156 -2737.19 259.621
20 73.4876 19.8625 267.389 -47.5543 5.12056 0.120288 0.0014154 -2989.4 274.779
21 90.2771 21.2121 152.943 22.2938 -7.82181 1.14848 -0.0266233 -2744.37 262.805
22 75.2579 17.7057 140.335 7.6222 -4.32444 0.822621 -0.0167755 -2728.75 259.655
23 43.0838 20.674 103.868 17.1146 -5.82034 0.906652 -0.0184308 -2784.74 260.315
24 79.322 19.4732 178.715 0.643231 -4.04086 0.861202 -0.0195882 -2754.48 259.631
25 90.578 21.7043 109.254 43.541 -11.1028 1.34918 -0.0307601 -2733.58 262.906
26 215.266 -2.63619 193.467 4.65358 -5.0222 0.930338 -0.0210045 -2529.88 246.919
27 76.167 20.2168 108.941 33.7604 -9.36103 1.19504 -0.0258529 -2811.3 266.131
28 78.7648 22.9434 141.101 27.8857 -8.7402 1.18848 -0.0272396 -2859.54 267.347
29 92.073 23.4618 132.366 39.0495 -10.5322 1.31138 -0.0294544 -2630.45 258.495
30 88.3026 20.318 150.942 13.9801 -5.27908 0.898342 -0.0192913 -2839.22 266.973
31 92.1791 18.5172 140.662 20.2249 -6.98336 1.04821 -0.0229751 -2907.59 274.538
32 58.2321 16.4161 495.959 -179.323 27.5852 -1.3636 0.0345942 -2666.37 254.613
33 94.2981 13.3999 344.36 -98.0163 14.2624 -0.489088 0.0153911 -2771.93 263.808
34 102.842 8.30032 414.702 -136.576 20.0877 -0.854634 0.0231218 -2807.37 263.125
35 104.79 8.82272 469.224 -166.473 26.2431 -1.35486 0.0364462 -2797.37 261.707
36 114.017 9.95193 386.425 -116.211 17.2269 -0.695551 0.0198361 -2653.34 254.565
37 -16.1068 33.3974 471.909 -163.07 25.3559 -1.27539 0.0344329 -2661.51 255.176
38 98.4132 13.2908 280.579 -60.6475 7.25632 0.0256092 0.00192355 -2950.56 271.166
39 3.67988 27.6995 487.66 -177.843 28.2198 -1.48932 0.040332 -3049.4 281.068
40 111.299 7.52052 467.16 -161.354 24.6174 -1.19308 0.0320234 -3001.03 276.255
41 110.592 6.85855 543.95 -205.221 32.8377 -1.80997 0.047522 -2930.95 271.735
42 143.082 7.30444 488.641 -161.526 25.5959 -1.33721 0.0367858 -2762.03 261.4
43 106.833 9.96977 480.887 -170.149 27.2875 -1.46935 0.0408577 -3170.03 287.413
44 78.8801 8.94029 397.935 -141.459 21.5301 -0.995311 0.0272892 -3038.08 276.091
45 119.853 7.22776 528.884 -193.483 31.1793 -1.73345 0.0467051 -2711.42 257.177
46 109.86 10.1723 445.174 -149.51 23.4284 -1.15872 0.0320603 -2790.4 264.161
47 -61.3317 37.8711 249.167 -57.3979 6.72209 0.0288948 0.0029279 -2836.96 263.121
48 56.6636 19.9266 373.262 -115.843 17.3681 -0.703952 0.0200925 -2996.38 276.821
49 119.717 10.0657 460.381 -151.018 23.384 -1.12543 0.029953 -3004.46 275.91
50 120.018 6.69554 480.559 -170.443 27.3046 -1.48069 0.0405861 -2827.99 263.048
51 36.5972 21.9296 303.475 -84.1582 12.1504 -0.375425 0.0127088 -2777.95 260.755
52 88.4326 7.43706 409.693 -147.37 22.9453 -1.14205 0.0312895 -2961.31 268.211
53 113.59 10.2029 408.017 -126.305 18.8461 -0.790871 0.0221808 -2776.56 263.527
54 3.50501 26.5732 367.105 -117.775 17.4949 -0.723565 0.0208817 -3080.42 278.589
55 98.4566 9.20594 395.068 -129.386 19.3292 -0.829159 0.0234312 -2845.39 267.369
56 101.853 7.48045 396.226 -131.736 19.8367 -0.892896 0.0242036 -3167.71 279.401
57 82.2586 11.0207 342.915 -109.285 16.3639 -0.662058 0.0200907 -3112.12 281.543
58 83.8387 17.0422 500.177 -170.921 26.7956 -1.3648 0.0359164 -2838.71 266.304
59 106.503 11.339 366.741 -107.611 15.8781 -0.610484 0.0186625 -2714.6 260.242
60 101.828 8.31243 476.298 -171.641 26.893 -1.37619 0.0363995 -2784.75 261.581
61 83.9904 10.8475 422.652 -150.551 23.7329 -1.1788 0.0324789 -3045.23 278.863
62 107.399 9.40691 463.456 -161.239 25.3656 -1.28705 0.0348906 -3061.74 280.129
63 123.961 7.37774 478.726 -164.391 25.8602 -1.34597 0.0370521 -2936.06 271.39
64 80.9593 22.0539 23.288 76.7056 -15.5191 1.52922 -0.0327406 -2715.29 257.296
65 117.486 15.8675 44.1885 68.8048 -14.0542 1.43298 -0.030998 -2539.4 244.829
66 84.8303 21.0626 -26.2693 99.6737 -19.6517 1.86896 -0.0418354 -2847 267.325
67 92.1746 20.284 11.0784 93.6141 -20.2641 1.99541 -0.0471769 -2655.45 252.392
68 107.439 19.2911 145.218 25.0788 -7.29921 1.03184 -0.0224589 -2867.27 268.107
69 90.0183 18.8235 85.1372 52.2926 -12.8159 1.40944 -0.0317577 -2736.07 253.16
70 89.1991 20.1011 47.2914 69.173 -15.0084 1.53377 -0.033675 -2822.39 261.447
71 98.2967 18.6046 66.1381 58.5641 -12.9156 1.37601 -0.028876 -2852.73 268.001
72 120.852 15.4244 219.699 -12.2899 -1.17852 0.605605 -0.0120269 -2727.42 258.518
73 114.948 17.0834 121.64 39.2762 -10.0337 1.18737 -0.0254733 -2789.75 260.311
74 109.84 17.289 228.33 -9.637 -2.71189 0.754666 -0.0164716 -2676.19 254.198
75 134.765 12.6745 328.698 -72.1742 10.2903 -0.285322 0.0112008 -2825.54 263.721
76 145.605 11.5916 309.913 -55.0517 6.59557 -0.00195785 0.0042704 -2654 254.028
77 105.629 17.6797 138.817 26.5266 -7.78507 1.03906 -0.0219416 -2755.81 258.944
78 106.788 20.5778 93.7717 56.612 -12.9259 1.39827 -0.0306151 -2664.15 254.553
79 57.0235 19.3265 34.367 56.4512 -12.4839 1.32371 -0.0284633 -2851.28 257.967
80 122.193 13.6399 234.508 -28.3642 2.8075 0.20837 -3.55763e-06 -2878.72 264.42
81 12.8025 33.6499 84.3509 47.8372 -11.1694 1.23164 -0.0256646 -2625.35 248.176
82 140.936 13.3822 237.075 -13.086 -1.238 0.584922 -0.0111733 -2684.33 253.748
83 131.071 14.1875 240.235 -19.5387 0.0298032 0.508588 -0.00979993 -2788.37 260.966
84 105.781 15.3329 209.957 -20.8082 1.34497 0.354768 -0.00465283 -2835.95 263.58
85 83.7114 19.0277 89.4748 39.2424 -9.36875 1.12791 -0.0238662 -2631.17 250.012
86 117.495 18.9525 93.4652 51.9682 -11.3528 1.26901 -0.0274889 -2611.53 251.12
87 90.0027 17.3672 120.751 17.9695 -4.83129 0.750109 -0.0132747 -2792.28 260.618
88 104.215 15.7324 201.103 -17.1827 0.895514 0.37392 -0.0047564 -2615.29 250.074
89 125.296 15.0889 217.647 -13.975 -0.103253 0.474435 -0.0081117 -2657.84 253.405
90 104.113 20.2717 104.989 41.04 -9.0762 1.0767 -0.0217593 -2613.42 252.181
91 118.267 18.0671 110.402 45.9956 -10.8938 1.25332 -0.0272523 -2509.56 244.424
92 130.604 17.5777 176.727 15.4841 -5.4882 0.897205 -0.0189464 -2819.74 267.47
93 114.419 18.4975 113.12 44.7866 -10.9486 1.28459 -0.0288043 -2573.34 247.799
94 135.699 12.2777 332.728 -73.6089 10.251 -0.251754 0.0093662 -2876.73 266.241
95 135.699 12.2777 332.728 -73.6089 10.251 -0.251754 0.0093662 -2876.73 266.241
