0 112.337 16.2091 244.259 -30.2327 2.26337 0.371201 -0.00747478 -2478.54 242.05
1 165.061 11.2254 456.863 -122.065 17.9042 -0.683977 0.0171084 -2345.13 236.001
2 149.428 11.942 367.695 -84.0333 11.8008 -0.334983 0.0107598 -2537.09 245.563
3 127.212 11.823 418.526 -123.906 19.1338 -0.862023 0.023715 -2732.57 256.219
4 120.766 15.3829 291.873 -53.8341 6.88544 -0.00959032 0.00333221 -2552.55 246.158
5 173.201 10.0041 520.699 -154.489 24.2208 -1.22092 0.032272 -2616.16 250.476
6 169.58 9.44197 465.896 -129.357 19.5758 -0.863955 0.0230913 -2552.18 246.859
7 111.42 17.1477 218.903 -16.156 -0.131859 0.539795 -0.0111502 -2550.39 247.933
8 142.498 15.3815 281.764 -35.2328 2.98639 0.333436 -0.00676497 -2615.33 251.008
9 156.037 9.09413 483.572 -147.137 22.9469 -1.12382 0.0295818 -2590.26 246.705
10 120.099 15.3312 221.818 -6.87076 -3.23453 0.806384 -0.0189055 -2384.94 232.658
11 135.91 11.1627 339.067 -79.1194 11.189 -0.315704 0.0107669 -2425.48 237.455
12 166.924 11.2024 486.253 -136.319 20.8757 -0.972602 0.0259554 -2550.13 246.272
13 136.007 12.9119 286.326 -47.1454 5.29066 0.135511 -0.000931104 -2308.78 231.956
14 146.347 12.3833 337.453 -72.1181 10.2707 -0.264152 0.00977042 -2651.79 251.722
15 173.977 8.75136 466.496 -130.446 20.059 -0.92197 0.024575 -2378.77 234.934
16 116.467 16.6292 267.646 -34.3746 2.39209 0.377428 -0.0079953 -2524.86 242.605
17 121.414 15.7163 234.256 -23.0384 1.34258 0.404575 -0.00737469 -2546.55 246.224
18 124.65 16.4661 190.453 7.982 -5.03267 0.913872 -0.0216279 -2417.42 236.153
19 143.273 15.0077 260.434 -25.4672 1.56902 0.394898 -0.00782284 -2433.73 237.925
20 119.101 18.6088 227.332 -13.3634 -0.377199 0.527991 -0.0109928 -2609.33 247.281
21 127.841 15.9619 290.325 -49.451 6.30624 0.0314677 0.00192153 -2658.88 251.894
22 139.933 15.6403 299.894 -47.2372 5.55212 0.111933 -0.000286641 -2474.54 242.97
23 70.1368 31.3894 261.355 -24.1697 1.79635 0.352991 -0.00612193 -2514.25 243.6
24 121.156 17.833 255.907 -29.2224 2.62989 0.280552 -0.00354427 -2511.19 243.528
25 138.469 15.4106 290.754 -42.3031 4.33033 0.232264 -0.00469072 -2244.39 225.792
26 142.535 17.993 296.083 -33.5818 2.42238 0.378808 -0.00753328 -2441.1 242.831
27 163.256 16.18 252.499 -8.12997 -1.6442 0.646458 -0.0143542 -2236.43 228.5
28 152.501 15.3724 372.132 -71.7178 9.14903 -0.144619 0.00622322 -2597.12 248.783
29 114.312 16.4552 216.511 -14.7948 -0.222564 0.514971 -0.0103982 -2513.43 242.08
30 129.786 19.6622 154.187 31.7915 -8.3936 1.11822 -0.0261338 -2321.8 231.481
31 128.176 19.3796 193.089 10.2578 -4.43172 0.809186 -0.0171506 -2496.21 243.883
32 181.935 7.79021 556.843 -173.296 26.9524 -1.33474 0.0338468 -2587.68 253.313
33 121.57 10.3468 380.163 -107.557 15.3905 -0.506298 0.0140467 -2716.24 261.263
34 155.635 8.15845 543.953 -178.354 27.8435 -1.41467 0.0362853 -2700.82 258.409
35 157.754 8.22883 572.624 -196.386 31.8922 -1.76933 0.0471157 -2669.22 259.542
36 140.275 7.64945 292.571 -55.0076 5.57346 0.194658 -0.00332729 -2546.93 248.134
37 137.064 10.9984 462.759 -141.721 21.7919 -1.00644 0.0268705 -2684.53 257.767
38 180.306 5.82674 451.765 -120.129 16.7955 -0.594008 0.0158013 -2670.58 256.018
39 123.677 9.23334 483.81 -163.17 25.5194 -1.27505 0.0339009 -2715.28 259.432
40 149.711 7.29024 472.323 -147.71 22.8333 -1.11666 0.0305878 -2570.88 249.366
41 165.661 9.78852 505.168 -151.959 23.6281 -1.13863 0.0303986 -2622.1 256.136
42 140.536 10.8499 411.692 -112.27 16.2518 -0.590288 0.0162363 -2815.55 266.518
43 126.803 11.7046 408.323 -118.819 18.0545 -0.762668 0.0214733 -2525.46 247.382
44 118.057 17.9394 200.898 -3.77283 -1.96262 0.65151 -0.0127501 -2548.71 251.117
45 128.076 13.802 337.182 -77.2158 10.9479 -0.288133 0.01056 -2767.82 263.358
46 122.775 15.6821 286.671 -49.3139 5.84251 0.106833 -8.73981e-05 -2500.75 246.897
47 134.909 8.15394 455.437 -145.072 22.5218 -1.10383 0.0300848 -2711.18 255.801
48 120.26 20.0719 150.633 36.2178 -10.269 1.31685 -0.0319105 -2628.24 251.173
49 120.782 14.0062 312.717 -68.6844 9.51246 -0.176574 0.00717815 -2634.84 253.038
50 151.436 12.4719 360.86 -79.5347 11.1181 -0.278759 0.00962915 -2556.25 249.758
51 147.534 8.52037 485.05 -154.62 24.4357 -1.24235 0.0332626 -2519.95 245.298
52 118.84 12.6384 285.403 -54.3156 6.09424 0.118251 -0.000706614 -2627.09 252.525
53 158.391 11.5587 436.545 -117.868 17.9982 -0.768758 0.0214933 -2688.12 257.963
54 126.78 14.0707 315.737 -66.0165 8.74715 -0.0930811 0.00483722 -2512.59 247.5
55 99.7651 18.4209 198.918 -11.6062 -0.406616 0.523803 -0.00962986 -2614.54 252.295
56 161.185 7.78406 422.578 -116.547 17.6336 -0.771826 0.0222624 -2707.09 255.931
57 137.322 14.498 296.887 -49.8509 5.68574 0.159145 -0.00226169 -2612.18 255.55
58 181.895 10.5492 470.943 -123.725 18.5458 -0.769131 0.0208722 -2638.62 257.855
59 131.611 11.5941 386.896 -105.102 15.5302 -0.576013 0.016606 -2840.77 266.099
60 120.961 14.6127 222.531 -14.993 -1.11558 0.657694 -0.0149855 -2712.5 257.5
61 127.195 17.7373 223.052 -10.0132 -0.715287 0.512528 -0.00814927 -2774.17 263.713
62 125.41 12.5867 372.083 -97.8554 14.1274 -0.465764 0.0142324 -2845.87 269.208
63 159.364 9.16708 427.054 -117.55 17.907 -0.781688 0.02272 -2746.61 261.15
64 149.359 5.02299 390.229 -108.191 15.4528 -0.600833 0.017881 -3059.42 274.873
65 0.364287 37.3957 381.475 -90.7852 12.3489 -0.385826 0.0127383 -2416.14 237.028
66 141.926 5.23707 492.68 -168.027 26.5986 -1.41004 0.0378706 -2795.29 259.958
67 33.4673 30.0406 508.25 -161.364 24.8642 -1.26906 0.0343091 -2705.22 254.679
68 151.288 6.04112 405.159 -112.526 16.3649 -0.685412 0.0208359 -2631.36 250.488
69 137.499 6.92432 500.024 -141.708 18.114 -0.647304 0.0161279 -2627.14 244.517
70 194.464 -3.07642 467.598 -133.109 17.7063 -0.643513 0.0166502 -2744.72 255.876
71 162.016 6.8453 428.788 -118.404 17.6437 -0.776247 0.0219292 -2559.07 243.909
72 286.392 -16.5206 503.836 -155.33 24.1467 -1.23457 0.0333539 -2642.07 250.817
73 135.567 3.96778 436.795 -142.947 22.0261 -1.11376 0.0311596 -2742.21 252.235
74 164.411 6.27533 452.351 -130.099 19.593 -0.909274 0.0254233 -2615.11 248.356
75 158.846 5.01325 482.806 -150.468 22.9278 -1.13283 0.0307738 -2700.97 253.328
76 160.758 5.99785 427.122 -119.855 18.0079 -0.831884 0.0241831 -2679.53 250.202
77 146.333 4.54121 334.84 -81.6031 10.8191 -0.293304 0.0105789 -2474.5 237.61
78 161.671 8.56386 373.624 -89.1002 13.0971 -0.502895 0.0166647 -2385.63 232.825
79 161.806 1.85115 244.217 -35.1252 2.41126 0.330494 -0.00557017 -2474.84 236.43
80 158.934 7.79195 425.678 -119.368 18.5107 -0.890928 0.0257521 -2911.67 263.857
81 167.294 4.53303 411.905 -111.682 16.3726 -0.705 0.0203867 -2349.74 227.623
82 126.302 7.01278 384.865 -113.12 16.522 -0.677565 0.0194944 -2595.02 245.103
83 161.398 5.1382 287.616 -52.2104 6.07397 0.0251793 0.00318618 -2456.87 237.296
84 100.988 19.2621 227.994 -17.7146 0.224035 0.452778 -0.00766606 -2643.14 249.616
85 173.985 2.47183 390.6 -104.738 15.1153 -0.566304 0.0162357 -2472.08 238.338
86 119.07 11.1731 281.102 -55.2181 6.53037 0.0329791 0.00189936 -2609.46 247.003
87 156.371 11.2045 337.672 -65.0283 8.10372 -0.0489058 0.00333668 -2439.75 240.502
88 141.899 14.1713 235.975 -16.0866 0.106604 0.46721 -0.00830904 -2522.13 244.229
89 137.525 10.8995 295.623 -52.8822 5.84086 0.111111 -0.000524924 -2507.23 242.156
90 141.516 7.53254 392.249 -107.629 15.4287 -0.583395 0.0169431 -2712.44 254.956
91 109.17 12.5758 251.694 -41.0276 3.69155 0.278154 -0.00485705 -2550.48 245.576
92 167.054 7.7638 433.32 -117.51 17.7531 -0.799527 0.023173 -2474.01 239.457
93 143.577 7.76602 413.781 -117.507 17.2611 -0.719993 0.0204723 -2839.13 262.522
94 112.478 14.5369 225.724 -21.5527 0.613219 0.440861 -0.00770954 -2565.47 244.135
95 112.478 14.5369 353.327 -29.7054 -0.848792 0.331088 -0.00810204 -2565.47 244.135
