0 149.698 17.3506 300.929 -38.7172 3.88743 0.260711 -0.0035332 -2562.79 256.429
1 133.26 17.5936 277.659 -34.175 3.24813 0.266308 -0.00236078 -2868.23 273.367
2 143.483 15.7424 310.107 -45.5416 4.03502 0.332009 -0.00690029 -2696.81 264.382
3 162.086 15.551 390.725 -82.1739 11.4687 -0.275533 0.00940138 -2584.84 255.89
4 54.9695 29.2149 457.198 -131.06 20.0363 -0.914464 0.0257658 -2842.99 269.89
5 187.76 11.1655 502.634 -133.842 20.0447 -0.86242 0.0233045 -2673.43 261.339
6 130.84 16.5467 268.714 -29.7339 1.54569 0.476477 -0.00983996 -2906.3 274.849
7 163.047 12.6079 413.501 -101.136 14.9442 -0.541155 0.0162199 -2860.46 271.793
8 151.957 15.3014 432.754 -109.585 16.4563 -0.652338 0.0195895 -2902.76 276.145
9 170.525 14.1421 406.42 -89.9996 12.9953 -0.402896 0.0134308 -2732.77 267.421
10 140.415 14.9844 314.182 -52.9333 6.08214 0.0954879 0.000578453 -2834.1 269.012
11 181.871 11.1842 450.745 -110.596 16.114 -0.611758 0.0181727 -2735.7 265.509
12 167.608 9.90866 477.216 -136.205 20.9066 -0.966939 0.026809 -3074.6 281.925
13 170.44 8.7577 527.923 -164.669 26.2269 -1.37826 0.0379703 -2790.27 268.343
14 173.291 13.2375 342.874 -55.9769 6.69533 0.0520397 0.00130223 -2532.22 251.443
15 160.922 15.2205 330.914 -51.9633 6.03082 0.108168 -6.75831e-05 -2664.62 259.861
16 129.988 12.9981 342.747 -83.4858 12.6137 -0.462841 0.0162169 -2795.78 263.552
17 176.183 8.42652 470.263 -132.853 20.6245 -0.988621 0.0283998 -2809.43 267.126
18 185.435 8.16523 503.678 -145.096 22.6606 -1.12313 0.0315223 -2641.28 257.68
19 128.967 16.6517 278.215 -41.2723 4.87965 0.131976 0.000384525 -2883.5 269.613
20 154.292 9.55508 389.519 -98.9216 14.5459 -0.564034 0.0184068 -2946.82 273.995
21 160.504 13.2281 353.224 -69.2225 9.24123 -0.140318 0.00658586 -2736.75 263.942
22 123.069 18.3323 204.264 -1.99945 -2.0686 0.625545 -0.0116906 -2652.23 255.989
23 209.062 3.30073 280.428 -35.8601 3.65003 0.238216 -0.00243098 -2688.43 259.701
24 210.129 10.4395 415.242 -81.9736 11.6612 -0.359514 0.0129963 -2649.42 259.042
25 153.689 10.8313 426.369 -114.855 17.0642 -0.681665 0.0194843 -2812.48 268.104
26 187.198 7.33066 517.475 -149.191 22.4981 -1.03601 0.0271159 -2724.66 260.796
27 197.222 9.72272 490.003 -126.102 18.7065 -0.770424 0.0210671 -2714.74 264.987
28 155.768 14.6842 310.635 -47.8159 5.96506 0.0376486 0.00345725 -2812.01 267.024
29 175.424 12.8881 374.112 -71.3154 9.39742 -0.147416 0.00639642 -2686.9 259.383
30 199.9 8.85737 563.915 -166.779 26.4635 -1.38755 0.0380819 -2685.62 263.162
31 186.384 9.47436 467.761 -119.922 17.6044 -0.715119 0.020334 -2801.87 267.116
32 91.9875 11.7507 343.163 -99.6896 13.8985 -0.406802 0.0115056 -2670.04 254.85
33 82.1061 11.5855 366.079 -117.611 17.2191 -0.658171 0.0182228 -2670.37 255.399
34 59.5188 19.0355 165.8 -12.1206 -0.785159 0.603026 -0.012415 -2738.17 259.776
35 111.604 10.7182 385.627 -114.033 16.3795 -0.575346 0.0154823 -2833.31 266.298
36 115.449 6.71381 491.085 -174.901 27.155 -1.37675 0.0364735 -2653.75 255.903
37 89.5257 13.946 275.091 -62.313 7.50909 0.0456726 0.000450255 -2579.12 250.987
38 0.614974 31.3048 413.389 -127.905 18.9224 -0.790465 0.0220377 -2786.21 264.668
39 86.6273 8.73279 445.866 -164.197 25.5074 -1.24398 0.03272 -2630 254.166
40 111.764 11.7171 387.003 -115.227 17.3565 -0.71844 0.0211422 -2894.01 271.67
41 104.884 8.36236 492.47 -178.945 28.1778 -1.45485 0.0381226 -3007.34 275.941
42 98.0918 7.17581 425.185 -149.62 22.7115 -1.04532 0.027254 -2789.14 261.022
43 126.716 11.2707 421.51 -126.098 19.2328 -0.849964 0.0243329 -2821.02 267.7
44 29.5074 29.5665 526.525 -177.482 27.6372 -1.38933 0.0360205 -2812.08 267.107
45 102.161 9.89233 448.626 -155.637 24.3086 -1.19466 0.0324611 -2925.1 273.407
46 102.72 11.9842 354.862 -101.709 14.6384 -0.486293 0.0145249 -2754.15 263.517
47 73.2638 11.4023 179.792 -26.3847 1.17098 0.444714 -0.00775118 -3127.72 280.4
48 176.239 -6.50233 500.984 -186.056 29.7434 -1.59018 0.0416885 -2733.03 258.435
49 118.965 12.4884 469.046 -150.446 23.3441 -1.11361 0.0293878 -2981.76 274.929
50 118.234 10.7682 401.7 -121.591 18.444 -0.793183 0.022421 -2761.82 262.069
51 150.676 9.37292 278.576 -49.721 6.39625 0.0120449 0.00387772 -2856.79 269.001
52 94.0674 7.5704 344.183 -109.799 15.6867 -0.5431 0.0152299 -2781.26 262.138
53 70.2476 13.2173 234.082 -58.2581 8.03149 -0.109578 0.0068499 -2638.29 251.628
54 99.5433 9.04745 461.029 -164.848 25.9022 -1.30975 0.0348495 -2690.83 256.551
55 103.66 8.81882 517.938 -194.496 31.6859 -1.77989 0.048048 -2978.09 274.704
56 100.141 8.40751 426.451 -147.424 22.7594 -1.09257 0.0294388 -2923.72 268.449
57 106.337 9.80621 422.899 -137.901 20.6335 -0.887947 0.0240136 -2730.69 261.935
58 30.0633 27.8635 465.882 -156.608 24.6695 -1.2268 0.0327606 -2871.11 268.608
59 92.5336 10.3274 410.229 -139.217 21.3823 -0.992882 0.0277705 -3056.31 280.488
60 90.5094 12.0134 242.404 -50.3343 5.7857 0.118882 0.000125685 -2705.24 258.179
61 69.0112 15.0613 184.917 -26.9835 1.97757 0.375452 -0.00621224 -2661.67 255.127
62 88.0176 12.0113 344.019 -107.338 16.401 -0.671139 0.0201018 -2718.37 259.425
63 146.339 11.9466 434.301 -121.31 18.2154 -0.737014 0.0204413 -2573.1 255.545
64 87.547 15.4325 464.909 -150.03 22.7658 -1.09943 0.030021 -2898.36 267.273
65 89.9826 15.63 282.654 -49.5061 3.85421 0.321149 -0.00557835 -2885.8 269.387
66 152.662 5.74462 538.862 -180.065 27.5638 -1.36799 0.0349591 -2889.26 270.425
67 131.595 5.88364 527.14 -186.59 29.4082 -1.5833 0.0426055 -2921.18 270.923
68 92.5985 12.7981 544.634 -198.359 31.7217 -1.75668 0.0465218 -3181.95 285.027
69 8.3622 34.3113 362.803 -71.0715 6.50351 0.171377 -0.00314281 -2692.48 257.042
70 136.213 7.90271 533.915 -182.968 28.8 -1.52848 0.040651 -2677.26 255.632
71 148.51 12.905 549.306 -167.442 25.4409 -1.24861 0.0329138 -2838.11 267.847
72 139.319 9.08201 525.418 -172.325 26.4655 -1.31401 0.0343854 -2729.98 262.761
73 152.548 10.9055 534.578 -168.473 26.6135 -1.40828 0.0386153 -2855.62 269.212
74 122.856 15.8241 343.471 -72.8235 9.71777 -0.207356 0.00880854 -2909.9 269.303
75 123.004 6.44604 496.425 -171.7 26.2822 -1.31295 0.034742 -3066.75 279.374
76 155.701 10.7229 484.726 -140.905 21.3793 -0.994083 0.0275447 -2773.82 264.888
77 130.044 13.7925 290.5 -48.1383 5.33773 0.110542 0.00123236 -2682.24 257.511
78 140.962 8.30041 481.057 -154.988 24.3862 -1.25331 0.0341482 -2984.84 271.908
79 164.441 6.13133 498.332 -153.225 23.4321 -1.16271 0.0317737 -2898.85 268.04
80 156.315 6.5433 530.286 -176.245 28.0769 -1.51801 0.0407497 -2740.22 258.478
81 92.9996 18.5418 327.629 -75.9973 10.7525 -0.299154 0.011354 -2715.89 256.798
82 132.866 10.7848 455.268 -137.233 20.7553 -0.956426 0.0269993 -2918.74 272.724
83 142.086 7.73854 356.702 -89.8981 12.4244 -0.382123 0.0128996 -2712.69 256.982
84 123.686 9.1952 426.185 -136.52 21.5005 -1.06508 0.0307211 -3002.64 276.467
85 141.599 8.37314 422.63 -123.008 18.3095 -0.780361 0.0218449 -2949.47 271.739
86 90.9516 12.9245 379.285 -115.1 16.8317 -0.660125 0.0188259 -2958.02 272.758
87 132.441 12.3553 406.403 -111.054 16.2874 -0.617607 0.0181111 -2895.43 273.547
88 128.395 10.2077 472.128 -153.622 24.23 -1.22751 0.0335123 -2935.03 270.467
89 147.257 9.00497 437.115 -125.764 18.6287 -0.777615 0.0215093 -2551.82 249.668
90 117.159 11.0269 361.54 -99.8951 14.5641 -0.535505 0.0176405 -2909.37 274.034
91 141.158 11.7881 300.739 -52.2706 5.55923 0.163365 -0.000751281 -2792.29 269.951
92 125.302 12.8678 359.291 -91.4898 13.172 -0.408683 0.0129804 -2779.16 265.15
93 99.2856 16.6453 488.65 -156.679 24.3288 -1.22281 0.033975 -3031.52 280.413
94 152.867 9.77895 501.586 -156.662 24.6953 -1.2655 0.0352913 -2958.01 276.819
95 152.867 9.77895 501.586 -156.662 24.6953 -1.2655 0.0352913 -2958.01 276.819
