0 89.6183 7.71829 473.833 -178.842 28.5192 -1.53566 0.0405823 -2908.61 263.194
1 144.398 8.15743 437.225 -128.116 18.7904 -0.77563 0.0210237 -2819.74 265.484
2 108.484 10.449 315.766 -79.724 10.4984 -0.204338 0.00695843 -2600.6 246.934
3 25.1503 24.1579 339.912 -98.3464 14.0256 -0.470148 0.0140238 -2815.01 260.992
4 83.8208 16.7062 404.197 -119.596 17.4928 -0.704357 0.0195445 -2695.02 255.218
5 37.2148 27.0225 445.581 -136.547 20.328 -0.887227 0.0236945 -2707.89 256.777
6 119.258 6.9574 490.74 -173.318 27.4089 -1.4582 0.0391769 -2652.32 251.19
7 102.947 8.03757 472.854 -169.596 26.7582 -1.41458 0.0380557 -2708.68 252.608
8 103.328 8.04365 419.314 -142.232 21.7798 -1.03131 0.0284089 -2705.58 255.448
9 104.592 8.31936 414.18 -137.229 20.5303 -0.897711 0.0238789 -2537.9 245.666
10 20.7523 22.816 369.891 -116.901 16.9989 -0.676069 0.0189991 -2659.03 249.974
11 139.835 6.72778 364.097 -93.277 12.1446 -0.287647 0.00834589 -2554.43 244.708
12 133.67 6.43975 428.668 -135.527 20.9306 -1.03394 0.029603 -2761.87 256.452
13 -0.427185 29.5788 350.389 -98.6554 13.7684 -0.45957 0.014375 -2927.3 267.451
14 108.044 7.59263 419.844 -139.938 21.2342 -0.988593 0.0264651 -2602.4 245.647
15 100.704 9.6487 319.237 -85.1488 11.242 -0.264236 0.00884055 -2531.31 242.709
16 119.044 9.10196 344.45 -95.5573 14.0064 -0.518975 0.0160489 -2822.82 259.201
17 125.954 7.95881 431.883 -139.06 21.6452 -1.06182 0.029384 -2617.46 247.851
18 104.154 7.74171 403.039 -134.189 20.4825 -0.955586 0.0260487 -2664.53 249.199
19 145.289 7.41516 376.157 -99.4582 13.8024 -0.411429 0.0110054 -2518.49 243.339
20 103.577 8.10534 370.732 -116.98 17.2683 -0.699073 0.0190133 -2535.33 241.066
21 92.1425 8.78941 386.073 -128.476 19.048 -0.787366 0.02025 -2555.12 243.02
22 116.362 8.60424 413.428 -131.898 20.1746 -0.938452 0.0259664 -2568.26 244.446
23 115.523 8.71989 400.359 -126.077 19.2655 -0.872389 0.0238994 -2411.57 234.677
24 114.054 7.23858 382.497 -118.585 17.353 -0.698625 0.0191212 -2623.2 247.352
25 37.174 23.4875 338.477 -91.0305 12.574 -0.376432 0.0112439 -2402.63 232.091
26 -149.364 61.9823 206.352 -20.1615 0.688327 0.435744 -0.0079573 -2394.19 232.756
27 147.044 4.16112 335.556 -89.1851 12.9299 -0.443773 0.0136348 -2466.64 237.296
28 126.774 7.79595 432.994 -139.03 21.6593 -1.06583 0.0286441 -2750.93 252.169
29 102.185 11.5336 274.038 -62.1249 8.17359 -0.0948271 0.00464072 -2423.94 233.37
30 88.3652 15.7836 160.575 -0.774801 -2.7985 0.715531 -0.0161913 -2746.63 252.646
31 127.815 7.5669 389.514 -117.325 17.7767 -0.782585 0.0225926 -2475.65 240.858
32 87.9529 17.4275 195.305 -12.9958 -1.02719 0.617783 -0.0131304 -2659.51 253.195
33 115.937 8.96032 480.085 -161.827 24.442 -1.13172 0.0286871 -2789.23 263.177
34 114.809 11.1021 407.06 -123.644 18.4049 -0.742884 0.0197674 -2831.06 265.971
35 59.1907 20.2235 472.315 -160.248 24.7922 -1.20178 0.0314737 -2834.26 265.187
36 86.6715 12.5768 349.039 -107.293 16.3015 -0.68411 0.0208023 -2896.43 267.216
37 141.514 11.0259 369.021 -92.0237 13.2141 -0.416502 0.0128081 -2607.18 252.778
38 126.315 10.751 398.918 -114.953 17.1907 -0.703084 0.019776 -2706.39 256.314
39 111.71 10.7439 403.39 -126.465 19.5295 -0.888366 0.0250962 -2772 261.782
40 129.16 11.7993 358.632 -89.7092 12.5371 -0.348757 0.0103384 -2630.27 251.995
41 109.218 7.95831 468.237 -163.259 25.0886 -1.21294 0.0310784 -2574.37 247.744
42 6.72858 33.0377 493.729 -164.224 25.4648 -1.24751 0.0319233 -2666.84 253.713
43 -12.8256 34.8241 452.479 -147.504 22.7984 -1.11158 0.0304837 -2743.83 259.11
44 117.215 9.93848 430.451 -137.855 21.2039 -0.984827 0.0267962 -2767.2 260.683
45 144.379 10.0041 425 -119.712 17.7885 -0.725323 0.0197738 -2669.51 254.874
46 130.799 13.5444 358.124 -87.2547 12.6804 -0.399157 0.0127485 -2663.78 255.076
47 -32.848 37.2234 443.416 -148.307 22.9724 -1.12992 0.0307029 -2846.99 262.389
48 92.724 14.6859 267.676 -56.3376 6.73126 0.0867466 -0.000599979 -2641.13 253.181
49 67.7654 25.2645 422.319 -122.903 19.0035 -0.851945 0.0237003 -2594.81 250.222
50 182.044 -2.60447 382.213 -111.468 16.3756 -0.639578 0.0179092 -2599.39 247.856
51 120.099 10.1472 411.212 -124.769 18.6638 -0.788813 0.021604 -2578.17 249.117
52 106.94 14.0152 372.859 -106.738 16.4365 -0.710493 0.0221732 -2914.3 271.244
53 116.236 10.2692 507.864 -184.535 31.1897 -1.84476 0.0495101 -1897.9 198.641
54 93.6775 12.1748 344.078 -101.163 14.902 -0.548652 0.0169941 -2905.68 269.897
55 129.391 9.66738 461.157 -148.583 23.203 -1.13374 0.0303352 -2599.4 249.736
56 98.4749 12.7376 209.766 -23.9323 0.682923 0.473023 -0.00890615 -2701.35 253.845
57 129.372 11.5137 379.884 -101.549 14.6764 -0.503386 0.0146684 -2654 255.09
58 124.989 15.6519 301.595 -56.2995 7.13825 0.00847518 0.00309826 -2861.69 271.362
59 114.357 11.2562 381.132 -110.743 16.4817 -0.662481 0.0192988 -2738.89 258.523
60 98.2925 16.5719 265.838 -47.8259 5.40668 0.142898 -0.000841031 -2770.38 260.85
61 117.161 12.6523 344.693 -89.2531 13.1361 -0.458038 0.0147702 -2765.27 258.934
62 102.006 17.3448 241.711 -32.5759 2.9561 0.292955 -0.00399836 -2662.07 255.611
63 100.282 14.7344 261.099 -48.8467 5.49046 0.157156 -0.0020798 -2496.42 243.78
64 102.426 4.77418 322.559 -94.733 12.4161 -0.343203 0.0109798 -2636.17 247.059
65 91.6556 5.14844 339.476 -107.24 14.382 -0.447682 0.0125162 -2594.37 244.504
66 89.1103 8.81492 327.307 -98.7141 13.8259 -0.456289 0.0135102 -2744.84 253.933
67 121.13 -3.56414 328.604 -105.785 13.2571 -0.307634 0.0078895 -2539.94 240.789
68 127.237 -2.11367 394.21 -128.539 17.0868 -0.611225 0.0162023 -2736.89 251.654
69 114.65 2.67263 504.361 -167.304 22.7077 -0.985409 0.0246251 -2683.66 245.08
70 4.07685 26.2703 258.489 -62.9516 8.16923 -0.0979387 0.0058025 -2580.55 245.265
71 91.5627 3.80828 338.264 -113.633 16.1023 -0.612863 0.0176072 -2759.84 253.73
72 102.4 5.76041 409.097 -139.466 20.8119 -0.956228 0.0260807 -2684.41 250.494
73 94.5905 7.06732 242.211 -61.7213 8.1892 -0.125676 0.00698582 -2679.15 249.379
74 101.262 7.20039 299.763 -81.7337 10.7624 -0.248582 0.00882588 -2668.9 249.229
75 97.6393 5.82332 367.438 -120.828 17.5101 -0.715928 0.0201628 -2787.22 256.972
76 118.523 6.67346 347.323 -98.2088 13.6363 -0.44546 0.0129355 -2690.28 250.221
77 116.494 2.67743 366.551 -121.278 18.1672 -0.820849 0.0241131 -2685.69 250.015
78 107.826 6.95518 336.571 -99.8997 14.3909 -0.532156 0.016022 -2614.72 245.605
79 94.6329 6.03247 406.458 -143.526 22.0225 -1.08392 0.0299744 -2583.2 243.226
80 83.6726 6.63277 356.808 -120.73 17.4716 -0.68032 0.0161235 -2797.11 248.061
81 93.9465 4.71269 788.805 -356.654 62.2897 -4.13915 0.108426 -3604.4 305.272
82 88.6032 9.67316 195.203 -32.8337 3.19132 0.193372 2.53842e-05 -2558.19 240.541
83 75.2919 10.0084 236.61 -60.5559 8.0362 -0.119686 0.00656178 -2754.02 251.659
84 75.5862 9.44538 285.668 -84.4541 11.7774 -0.348351 0.0113704 -2498.26 236.639
85 90.1519 9.95139 312.045 -88.6026 12.3431 -0.375598 0.0118751 -2556.65 241.789
86 60.7561 13.1064 222.529 -50.0547 5.40763 0.146039 -0.00180339 -2727.23 250.58
87 88.1236 10.1434 318.36 -92.6308 12.9695 -0.394104 0.0113315 -2595.46 243.971
88 65.2827 10.0875 287.463 -86.9882 11.9093 -0.351261 0.0119121 -2764.14 253.431
89 98.6491 6.83153 392.156 -135.012 20.8591 -1.00322 0.0279351 -2497.03 238.931
90 69.1279 14.2011 229.605 -43.6757 4.00574 0.239933 -0.00369288 -2744.84 252.169
91 78.2969 9.3736 238.708 -55.5471 5.84553 0.144965 -0.00198688 -2611.89 246.078
92 67.5183 12.4124 179.869 -25.6662 1.08033 0.440011 -0.00863731 -2606.95 242.989
93 86.3928 11.1354 305.727 -70.0303 6.79423 0.140361 -0.00326847 -2568.61 241.218
94 99.0903 11.0821 288.892 -69.8511 8.93958 -0.101481 0.00412608 -2642.14 247.501
95 99.0903 11.0821 254.314 -73.5637 8.54096 -0.14428 -0.000469172 -2642.14 247.501
