0 104.717 0.576238 435.51 -151.812 21.2596 -0.906529 0.0175642 -2851.85 238.091
1 136.136 3.60595 456.828 -150.651 23.2773 -1.21832 0.0299833 -2770.74 235.035
2 124.388 3.89822 447.577 -139.951 19.3131 -0.780199 0.0154972 -2455.71 214.556
3 127.52 2.46406 474.186 -162.197 24.3603 -1.2195 0.0285192 -2549.3 222.027
4 131.408 3.83155 932.412 -358.606 54.9659 -3.24465 0.0753992 -2346.56 206.682
5 118.912 2.17469 595.502 -210.93 30.2629 -1.49935 0.0326298 -2200.69 198.084
6 129.029 3.82679 651.189 -233.673 35.1328 -1.91628 0.0441213 -2306.12 205.193
7 63.9076 15.8182 387.414 -111.672 15.0063 -0.522492 0.010426 -2987.17 248.668
8 86.3747 3.38149 452.28 -163.67 23.906 -1.16767 0.0268176 -2457.8 213.456
9 124.225 2.48928 580.96 -230.992 39.0151 -2.46025 0.0639634 -2818.92 238.383
10 112.49 3.42125 318.01 -84.3353 10.0255 -0.154299 0.00044712 -2493.64 215.265
11 93.7584 3.03497 357.267 -123.129 18.4155 -0.869954 0.0212629 -2553.62 218.999
12 115.661 1.77979 398.774 -134.786 20.3414 -1.01582 0.0252002 -2493.1 213.799
13 105.809 1.76364 436.587 -155.869 23.3584 -1.1672 0.0272788 -2561.97 219.815
14 152.48 -0.198812 463.156 -153.367 23.361 -1.20485 0.0295271 -2398.62 212.446
15 114.394 1.18955 397.046 -132.772 19.3559 -0.899075 0.021168 -2246.79 199.146
16 121.168 4.36041 469.981 -174.439 29.7593 -1.8417 0.0488603 -2763.08 232.929
17 87.7676 9.27727 336.822 -87.1571 9.92408 -0.11267 -0.000630645 -2601.51 222.9
18 157.147 -5.25855 363.122 -110.054 14.9133 -0.537492 0.0115648 -2468.72 215.541
19 108.904 7.16614 388.927 -110.1 14.1077 -0.404912 0.0060536 -2351.58 208.066
20 123.621 3.77685 512.572 -193.994 32.7249 -2.03196 0.0533189 -2510.68 218.37
21 115.182 2.66041 361.785 -112.052 15.6915 -0.607478 0.0131282 -2311.14 204.932
22 110.003 4.17453 501.377 -166.652 23.3164 -1.07532 0.0240367 -2138.28 195.791
23 107.831 3.10274 327.218 -97.2163 12.8884 -0.374707 0.0065943 -2599.13 223.602
24 110.154 2.3821 429.933 -153.64 23.789 -1.24818 0.0307098 -2299.72 204.606
25 128.108 3.20475 429.933 -141.544 21.4242 -1.05336 0.0251348 -2372.19 209.786
26 129.791 1.18443 330.334 -85.8373 9.84779 -0.105176 -0.00133157 -2172.27 196.052
27 104.43 8.16914 394.887 -111.721 14.3025 -0.420816 0.00690127 -2429.58 215.044
28 129.665 3.19257 382.971 -116.255 17.0438 -0.768694 0.0188468 -2630.28 226.103
29 129.702 3.29229 417.304 -135.997 20.8798 -1.05853 0.0268443 -2529.54 222.062
30 131.275 2.26428 366.889 -99.5642 12.1456 -0.275683 0.00409958 -2415.46 214.709
31 138.147 1.67081 315.22 -80.5505 10.2864 -0.233024 0.00462349 -2247.46 203.24
32 118.12 2.12645 542.042 -205.259 31.9404 -1.70951 0.039974 -2956.88 250.569
33 76.9441 14.5406 315.051 -69.6056 6.22003 0.281174 -0.0129017 -2389.33 219.093
34 100.391 9.7188 660.432 -233.569 33.6603 -1.63651 0.0344541 -1825.45 183.729
35 79.0489 12.7364 317.703 -72.82 6.50124 0.283198 -0.0139515 -2260.26 207.45
36 71.2958 10.105 370.613 -109.768 13.0674 -0.212329 -0.000912317 -2465.03 218.832
37 100.987 9.08009 368.413 -107.652 14.5436 -0.429685 0.00743065 -2412.36 219.738
38 56.8022 10.6321 384.885 -114.538 12.6135 -0.114042 -0.00469521 -2368.61 211.411
39 83.9664 7.94633 336.392 -103.246 13.7938 -0.378651 0.00632167 -2552.11 226.915
40 108.583 5.94629 478.745 -158.161 22.0342 -0.900039 0.0174305 -2248.95 207.657
41 128.141 7.23029 538.803 -175.741 25.3352 -1.15844 0.0243149 -2360.12 213.913
42 111.607 8.8765 452.024 -142.462 20.6153 -0.895663 0.0193754 -2693.8 233.616
43 140.074 2.26722 438.164 -144.553 21.7681 -1.01832 0.0242283 -2674.17 237.837
44 0.701062 31.5503 491.418 -155.133 22.5465 -1.01388 0.0221963 -2136.62 202.925
45 88.3959 17.1309 506.893 -166.913 26.4723 -1.44874 0.036831 -2353.36 216.453
46 105.796 3.41156 525.417 -206.732 33.6559 -1.95287 0.0491228 -2295.49 210.883
47 130.315 2.39558 628.101 -220.907 31.9354 -1.6175 0.0366874 -2020.59 193.766
48 177.47 -3.17898 477.316 -163.644 25.8599 -1.36403 0.0335449 -2531.87 226.407
49 76.0788 13.3413 213.775 -25.7184 -0.712157 0.708323 -0.022059 -2533 224.901
50 136.31 3.21392 428.295 -128.808 17.3766 -0.604905 0.0110733 -2459.22 221.297
51 87.639 13.3581 235.181 -33.5706 1.14477 0.546534 -0.0168814 -2072.77 199.343
52 102.627 9.39704 342.418 -94.256 12.6679 -0.347032 0.00590253 -3003.46 251.496
53 88.4189 12.8319 237.418 -40.4857 3.07416 0.377892 -0.0123519 -2268.89 211.335
54 109.718 5.3491 358.587 -108.925 15.1002 -0.511808 0.0103525 -2294.72 210.384
55 131.795 9.63123 390.147 -98.1854 12.5159 -0.283578 0.00392589 -2001.79 195.037
56 175.149 3.17906 527.72 -170.879 26.8888 -1.43287 0.0344988 -2567.73 227.451
57 129.221 4.01004 442.027 -149.817 23.3303 -1.18633 0.0291744 -2572.51 227.607
58 113.129 3.50147 409.703 -140.318 21.2794 -1.02249 0.0246945 -2101.62 197.211
59 131.313 3.85197 576.956 -224.114 37.704 -2.30752 0.0591223 -2798.02 241.067
60 109.157 4.19277 359.885 -110.206 14.9745 -0.491126 0.00919725 -2293.48 206.515
61 115.675 6.70023 346.603 -92.4108 11.547 -0.216781 0.00206443 -2165.16 202.949
62 118.895 4.77359 454.015 -157.52 24.1044 -1.1663 0.0266261 -2253.26 208.175
63 114.248 5.28815 395.268 -117.723 15.4344 -0.469529 0.00803074 -2284.86 209.768
