0 -9.52709 40.1651 548.449 -182.543 29.1779 -1.58936 0.0421547 -2786.4 260.743
1 154.602 6.91269 546.816 -184.065 29.1191 -1.54585 0.0403565 -2510.52 244.713
2 156.613 6.03438 530.534 -173.956 26.7998 -1.34411 0.0343312 -2572.42 248.286
3 154.147 4.62594 565.421 -200.872 32.2573 -1.77792 0.0457488 -2677.55 251.577
4 176.178 5.40458 484.555 -139.744 20.6568 -0.944891 0.0262028 -2661.86 253.759
5 158.373 8.17434 404.157 -107.373 15.6368 -0.580279 0.0165353 -2731.47 259.033
6 153.727 6.33584 429.721 -125.316 18.6143 -0.794566 0.0218167 -2482.69 242.55
7 125.176 9.48694 480.18 -163.039 26.3229 -1.41107 0.0382353 -2746.79 257.01
8 97.3294 18.9659 468.563 -143.72 22.3112 -1.0919 0.0298249 -2534.78 245.327
9 30.885 31.9406 658.856 -204.339 28.3525 -1.30627 0.0312884 -2594.97 248.024
10 166.833 7.30079 492.026 -148.462 22.935 -1.13118 0.0309258 -2576.65 249.014
11 179.823 5.04323 444.385 -120.418 17.3142 -0.681522 0.0186627 -2662.68 254.523
12 184.13 6.42992 465.658 -125.215 18.3378 -0.777462 0.0216054 -2585.23 250.067
13 148.657 7.47521 412.341 -117.432 17.6497 -0.778349 0.0228682 -2455.34 240.782
14 130.591 10.2308 367.934 -96.1112 13.528 -0.425558 0.0126269 -2559.3 247.421
15 153.646 9.05372 359.267 -85.6025 12.0784 -0.357442 0.0120199 -2580.65 250.1
16 158.209 7.15613 489.222 -152.001 23.7118 -1.21089 0.0335497 -2771.36 260.208
17 167.521 8.20446 374.376 -88.8481 12.6289 -0.383129 0.0119999 -2515.41 246.299
18 150.399 9.62639 419.262 -115.026 17.1042 -0.697039 0.0195115 -2453.35 241.508
19 152.563 11.4722 466.466 -135.135 21.0758 -1.01845 0.028674 -2733.27 260.707
20 108.387 13.3467 294.993 -68.1072 9.84711 -0.269038 0.0107842 -2653 249.076
21 153.451 9.91081 411.739 -109.923 16.4506 -0.670645 0.0189526 -2463.02 239.98
22 142.938 10.5888 368.31 -89.4629 12.3442 -0.332388 0.00999778 -2619.38 251.363
23 144.648 8.66453 432.552 -126.798 19.2585 -0.871694 0.0242769 -2560.31 246.874
24 152.489 10.4123 392.825 -98.289 14.1686 -0.492867 0.014413 -2595.16 249.597
25 151.799 9.57026 400.842 -103.48 14.739 -0.505356 0.0148284 -2590.35 252.053
26 133.581 12.9247 342.322 -79.2578 11.4249 -0.340081 0.0121562 -2435.31 241.934
27 57.6736 28.689 393.749 -100.879 14.8588 -0.563709 0.0168849 -2601.87 250.045
28 114.595 21.0438 428.192 -108.542 16.5254 -0.732835 0.0221646 -2645.9 252.795
29 155.712 9.79468 379.725 -90.4254 12.5429 -0.355767 0.0107584 -2445.14 241.942
30 132.83 11.6454 361.075 -89.8734 12.7109 -0.378122 0.0115475 -2768.17 260.35
31 119.584 17.2013 470.397 -138.316 21.4289 -1.01968 0.0277002 -2700.28 256.454
32 90.0036 10.0667 412.446 -143.292 22.4283 -1.09509 0.0298693 -2813.39 260.23
33 -11.9513 21.6078 306.939 -132.577 23.79 -1.3873 0.0446535 -2859.05 281.903
34 119.444 3.57592 375.536 -122.949 18.0838 -0.734629 0.0199209 -2558.35 244.548
35 78.6949 7.80002 417.562 -153.303 23.4244 -1.11683 0.0293054 -3015.5 271.442
36 66.1782 10.8453 384.644 -140.081 21.9104 -1.05039 0.0285671 -3233.72 285.198
37 104.45 9.18115 455.774 -159.765 25.1916 -1.27993 0.0342563 -2487.83 242.205
38 117.375 6.20934 443.025 -151.975 23.6954 -1.20006 0.032522 -2542.49 242.074
39 89.5092 11.0327 381.359 -125.274 19.1885 -0.853092 0.0238065 -2526.28 244.358
40 106.151 10.0199 384.717 -119.062 17.7828 -0.734529 0.0199149 -2546.52 244.401
41 54.0793 15.1341 187.489 -36.3082 3.8531 0.223779 -0.00242274 -2739.27 256.205
42 105.835 10.1563 380.609 -118.041 17.8814 -0.764307 0.0210556 -2638.93 249.053
43 -128.016 58.6691 244.113 -52.351 6.65725 0.0244366 0.00217618 -2594.33 247.472
44 58.3811 15.1077 172.691 -25.9856 2.02416 0.341626 -0.00500211 -2732.85 255.727
45 90.3975 10.1799 332.454 -99.9269 14.4181 -0.500099 0.0145853 -2621.84 247.85
46 35.4553 16.3983 90.4946 6.1622 -3.40464 0.713082 -0.0138033 -2580.49 245.317
47 67.5372 11.8854 258.212 -72.4566 10.3969 -0.297765 0.011453 -2641.33 246.99
48 77.9339 11.7397 282.251 -77.5208 10.5546 -0.221165 0.00721602 -2597.88 245.073
49 66.1857 16.2819 190.963 -31.8575 3.71417 0.177992 -0.000511371 -2732.08 253.663
50 44.8442 15.9183 99.6642 4.57451 -3.00171 0.675621 -0.0130989 -2734.93 252.947
51 87.6633 12.1943 312.908 -89.1407 13.0686 -0.438821 0.0131284 -2695 250.228
52 95.7473 15.9072 138.631 7.97061 -3.22789 0.68009 -0.0132031 -2705.44 253.856
53 53.4443 13.6703 226.851 -60.3592 8.31075 -0.134328 0.00703402 -2528.1 240.46
54 40.8095 18.3748 59.5831 30.1322 -7.57612 0.983332 -0.0201248 -2556.49 242.097
55 39.2697 16.0053 107.806 -5.10054 -0.733177 0.471835 -0.00691964 -2569.69 243.475
56 84.2328 11.632 278.044 -74.5046 10.7495 -0.322629 0.0115736 -2518.28 238.45
57 75.3159 17.3143 179.962 -18.3393 1.01855 0.412775 -0.00729874 -2625.62 250.428
58 60.903 14.2366 243.344 -64.7073 9.26504 -0.211145 0.00915221 -2673 250.56
59 77.0223 12.4351 244.412 -57.8581 7.34348 -0.0220559 0.0031858 -2618.68 246.485
60 78.2941 11.5387 289.348 -83.1811 12.1551 -0.410271 0.0138292 -2508.32 239.024
61 95.0676 9.89295 234.614 -52.6401 6.85293 -0.0205532 0.00321947 -2521.52 238.323
62 72.5523 17.6889 127.837 9.70971 -4.18948 0.788491 -0.0165898 -2634.56 248.754
63 84.7824 12.3065 254.475 -58.7975 7.34634 0.000883963 0.00195615 -2544.4 242.69
64 13.6414 11.943 105.886 -22.123 1.51715 0.34383 -0.00477408 -2631.77 242.359
65 10.8525 14.791 109.473 -17.6524 0.280497 0.490293 -0.00932554 -2734.66 251.841
66 -4.40426 16.6281 76.835 -7.36145 -1.06854 0.568728 -0.0107072 -2822.82 258.789
67 50.3681 8.03084 334.415 -124.494 18.4313 -0.777252 0.0213013 -2714.91 250.504
68 44.5275 10.2956 253.643 -84.31 12.2226 -0.410336 0.0137828 -2768.7 252.616
69 29.6072 4.67291 290.511 -120.339 17.8674 -0.781668 0.0212362 -2346.9 218.327
70 -27.5823 21.0084 -86.4485 79.468 -16.8616 1.68014 -0.0381886 -2575.58 238.725
71 1.11314 12.848 150.623 -46.4491 5.04086 0.170167 -0.00245521 -2765.7 251.122
72 -13.281 17.163 -16.6963 38.1066 -9.01055 1.09809 -0.0229893 -2900.64 260.319
73 -6.3883 11.587 187.269 -72.037 9.83601 -0.229405 0.00896635 -2932.29 258.651
74 24.4974 11.0029 197.109 -62.0932 7.87886 -0.0588098 0.00363987 -2833.98 253.474
75 20.0349 16.4323 -176.179 127.729 -23.6682 2.08586 -0.0465224 -2812.6 255.174
76 -28.7784 14.7995 54.9292 -10.3643 -0.617583 0.495351 -0.00856584 -2698.43 243.847
77 32.3627 8.83507 278.336 -104.76 15.4462 -0.615182 0.0182381 -2766.22 250.999
78 -19.6062 15.7988 -16.2309 29.0654 -6.85105 0.897002 -0.0174232 -2921.89 258.309
79 35.3843 9.23554 270.687 -98.5019 14.3276 -0.526469 0.0154989 -2917.53 258.963
80 31.6823 10.3885 226.404 -76.6621 10.7676 -0.282704 0.00944698 -2470.8 231.99
81 5.53982 17.4452 43.7208 20.3645 -6.35193 0.936433 -0.0205959 -2588.65 240.24
82 25.5404 11.6915 222.885 -75.2288 10.5418 -0.267073 0.0095104 -2614.78 242.929
83 11.137 13.6499 168.769 -52.1364 6.91883 -0.0439114 0.00422891 -2555.46 235.672
84 -21.8646 18.0294 -66.9742 55.0422 -10.8923 1.17723 -0.0241375 -2738.99 250.21
85 15.7685 17.2044 -56.729 70.0393 -14.0137 1.42158 -0.0310618 -2660.4 244.531
86 6.60619 17.8605 80.2757 -2.17424 -1.51708 0.551642 -0.00926843 -2653.93 248.079
87 -5.95124 15.5264 -133.897 89.7861 -16.6374 1.54735 -0.0323068 -2923.21 261.238
88 -17.6419 17.1462 -6.5134 32.2644 -8.31396 1.0707 -0.0232069 -2767.49 250.417
89 14.0602 13.8143 -67.9884 68.005 -13.8026 1.40177 -0.0300688 -2873.02 257.596
90 -21.1369 18.7639 -37.7508 46.5076 -10.0309 1.13607 -0.0231518 -2777.55 253.255
91 -24.1627 16.5979 59.3166 -6.96274 -1.21966 0.558904 -0.010441 -2742.55 249.325
92 -24.026 17.4636 -88.2814 64.2224 -12.6949 1.32453 -0.0282553 -2714.69 248.022
93 -11.5085 17.6805 -90.6334 72.9218 -14.3838 1.45607 -0.0312791 -2615.48 245.343
94 -17.996 18.3398 -61.7473 56.3317 -11.4001 1.22956 -0.0259207 -2992.82 264.638
95 -17.996 18.3398 -61.7473 56.3317 -11.4001 1.22956 -0.0259207 -2992.82 264.638
