0 102.968 0.065584 904.865 -355.646 52.5805 -2.99707 0.0675124 -1730.93 162.447
1 71.5318 6.94223 987.394 -384.645 56.3092 -3.20874 0.0725986 -2082.23 186.032
2 152.268 -11.4375 1009.6 -406.91 60.5626 -3.53381 0.0806869 -1822.67 167.061
3 152.268 -11.4375 1015.19 -406.033 60.7003 -3.51221 0.0840768 -1822.67 167.061
4 245.028 -27.4398 950.798 -368.364 52.835 -2.92162 0.0642904 -1527.82 149.437
5 237.268 -28.8789 953.529 -379.596 55.3572 -3.15923 0.0716198 -1710.05 158.932
6 107.794 -4.60491 837.202 -324.723 46.6204 -2.62292 0.0616134 -2196.7 193.987
7 65.527 3.88797 789.033 -305.777 44.4841 -2.5477 0.0616101 -2547.69 217.096
32 99.1654 2.14815 431.255 -156.046 23.3603 -1.15484 0.0269265 -1978.04 185.068
33 109.847 0.787134 565.574 -231.02 38.7196 -2.46375 0.0647802 -2255.74 202.074
34 68.4611 1.31633 356.521 -133.307 19.3809 -0.928107 0.0233345 -2090.27 189.072
35 96.9786 1.26526 363.65 -118.931 15.8378 -0.563821 0.0109964 -1856.57 174.946
36 83.2826 0.29816 330.702 -104.125 12.0586 -0.231845 0.00125905 -1890.49 174.376
37 86.3966 1.14609 427.287 -162.37 24.4379 -1.23498 0.0284052 -1669 160.63
38 80.6821 1.76912 375.662 -137.478 20.2199 -0.96176 0.0221603 -1419.31 144.376
39 85.1426 2.59634 377.448 -137.147 20.2814 -0.950367 0.0242732 -1419.31 144.376
