0 139.688 9.88387 462.095 -136.233 20.116 -0.891625 0.0244417 -2941.17 271.78
1 143.002 5.88749 538.561 -185.17 28.8246 -1.50251 0.0390159 -2651.22 252.459
2 139.26 9.90356 473.052 -143.814 21.6472 -0.995522 0.0262762 -2846.58 263.691
3 -8.68773 33.7454 435.32 -138.495 20.7608 -0.936304 0.0256306 -2743.21 258.784
4 154.047 6.1535 515.942 -171.021 27.3287 -1.49712 0.0408615 -2745.49 255.849
5 131.473 9.81918 464.094 -143.946 21.5414 -0.960216 0.0254489 -2737.34 260.831
6 127.298 7.0575 480.272 -164.247 25.9384 -1.35696 0.0362251 -2645.44 249.925
7 79.5589 18.6741 463.323 -149.002 22.9355 -1.11721 0.0303183 -2784.6 260.561
8 140.125 8.63174 267.326 -42.2807 4.08702 0.217182 -0.00287863 -2626.47 247.584
9 138.571 7.43895 488.096 -159.495 24.5477 -1.20227 0.0314124 -2431.25 238.884
10 141.503 8.59694 413.88 -117.441 17.2739 -0.702037 0.0191777 -2539.73 243.143
11 138.505 6.31844 453.435 -146.464 23.0507 -1.21223 0.0348087 -2528 244.913
12 145.972 9.2765 479.85 -146.37 22.0937 -1.00892 0.0257756 -2541.41 244.727
13 115.737 13.1171 403.597 -113.786 16.6447 -0.660311 0.0184332 -2583.2 247.621
14 120.912 10.6513 368.578 -99.6705 14.1958 -0.490507 0.0145552 -2627.01 250.111
15 114.454 14.4548 405.875 -115.819 17.633 -0.771147 0.021702 -2785.11 257.607
16 139.669 9.37016 381.608 -101.153 14.7656 -0.562938 0.0167967 -2503.16 241.129
17 129.046 11.6045 317.084 -70.8531 9.87181 -0.23757 0.00970385 -2655.31 253.162
18 102.339 13.9903 298.889 -66.2115 8.57287 -0.118025 0.00578726 -2430.53 236.461
19 117.534 14.9814 218.803 -18.7046 0.723192 0.414993 -0.00637402 -2639.33 252.297
20 130.9 11.4502 306.617 -62.0161 7.71145 -0.0381929 0.00348964 -2635.78 251.156
21 148.45 9.65391 405.564 -106.36 15.2039 -0.55528 0.0163065 -2642.32 252.724
22 144.089 8.83966 417.607 -117.452 17.212 -0.684171 0.0183261 -2619.68 248.903
23 179.409 7.3532 471.056 -132.004 20.3147 -0.971082 0.0270113 -2473.03 240.367
24 124.819 11.888 303.16 -65.1565 8.94343 -0.187758 0.00895474 -2693.29 253.783
25 124.012 12.8019 246.214 -31.3489 2.35475 0.333497 -0.00541339 -2598.76 248.055
26 122.172 13.4723 291.472 -55.9545 6.96517 0.00628805 0.00219115 -2720.84 254.137
27 119.61 10.1699 305.509 -70.8477 9.38391 -0.170722 0.00739633 -2466.07 240.727
28 138.229 11.199 335.057 -74.4863 10.1364 -0.230657 0.0090005 -2503.7 244.413
29 133.556 11.2392 328.178 -73.1527 9.96837 -0.231691 0.0089808 -2596.84 246.764
30 116.459 12.528 301.464 -66.5565 8.82783 -0.117653 0.00499205 -2470.66 239.54
31 106.108 12.5736 244.376 -41.1641 4.31005 0.177292 -0.00128606 -2503.08 240.29
32 143.55 12.2341 354.369 -79.1663 10.7958 -0.244164 0.00841353 -2699.18 257.031
33 152.028 13.2729 341.485 -67.1371 8.91253 -0.120175 0.00539717 -2438.06 240.952
34 138.401 8.20944 482.929 -155.941 24.1149 -1.18719 0.0314395 -2589.7 248.495
35 145.049 11.9537 367.207 -86.362 12.204 -0.350906 0.0107254 -2475.85 241.887
36 133.177 9.02531 438.437 -132.779 19.7537 -0.850679 0.0226669 -2708.03 256.07
37 143.812 10.957 379.298 -94.2926 13.3788 -0.425874 0.0127703 -2553.96 247.597
38 169.661 7.13111 479.251 -138.88 20.8391 -0.943107 0.0247137 -2423.38 237.842
39 97.3321 18.995 180.266 -2.54708 -1.84575 0.615055 -0.0121071 -2383.75 236.773
40 152.485 12.5338 324.499 -59.8136 7.73587 -0.0571583 0.00388543 -2376.04 234.988
41 143.634 12.2655 355.739 -81.4674 11.5462 -0.318472 0.0102363 -2625.39 250.696
42 152.227 15.301 288.724 -37.3623 4.14905 0.18147 -0.00160994 -2560.01 246.972
43 139.681 13.1042 323.507 -67.7367 9.87738 -0.276053 0.0109208 -2586.16 247.269
44 111.853 17.2095 173.004 5.3014 -3.22096 0.689742 -0.0135877 -2441.2 238.311
45 148.414 14.6462 285.432 -39.1621 4.59834 0.124534 0.000354262 -2492.28 241.847
46 123.697 19.826 234.448 -13.2491 -0.216199 0.510909 -0.009963 -2395.74 238.681
47 148.635 10.5413 366.456 -88.3855 13.0594 -0.484287 0.0153929 -2445.02 236.417
48 94.3247 23.1744 -34.2167 110.212 -20.5937 1.86762 -0.0413885 -2437.93 239.423
49 115.127 14.8695 282.561 -56.8176 8.25049 -0.175321 0.00858179 -2549.2 243.897
50 153.062 7.55262 154.4 11.5906 -4.05653 0.719059 -0.0143565 -2523.96 240.051
51 136.097 13.322 298.389 -54.2959 7.00272 -0.0212438 0.00319698 -2449.91 238.49
52 155.608 15.0641 327.849 -59.0403 8.65029 -0.200416 0.0091487 -2557.17 247.22
53 96.9495 18.9717 17.3458 78.5407 -15.791 1.57779 -0.0354769 -2577.09 246.219
54 113.678 19.2998 136.196 31.1782 -7.73898 0.981414 -0.0203978 -2799.94 258.271
55 84.5318 21.7007 55.3396 56.6718 -11.0665 1.15244 -0.0226846 -2540.34 243.752
56 100.972 17.0477 115.351 29.6795 -7.44576 0.958544 -0.0197671 -2637.24 246.246
57 99.005 23.2128 20.5128 89.5707 -17.8538 1.73158 -0.0391102 -2351.52 234.199
58 87.6284 20.5006 26.8619 73.0442 -14.5797 1.44621 -0.031047 -2476.59 239.175
59 90.985 19.2207 99.1475 37.4168 -8.71968 1.0467 -0.0215386 -2529.38 242.142
60 113.52 20.09 16.4741 88.6282 -17.186 1.64907 -0.0368574 -2564.18 245.674
61 103.374 24.3919 138.183 39.6436 -9.47383 1.12375 -0.0242006 -2514.25 242.213
62 94.6657 19.1798 81.4921 51.9014 -12.0453 1.34956 -0.030196 -2470.61 239.585
63 252.652 -9.8196 82.8341 52.7007 -12.0133 1.33144 -0.0300582 -2568.49 243.475
64 119.794 15.286 209.21 -0.274714 -4.50113 0.90123 -0.0203863 -2523.67 246.075
65 129.924 15.1657 211.53 -2.19937 -3.20592 0.743969 -0.0146349 -2616.59 253.872
66 119.47 18.6887 186.137 16.2354 -7.09224 1.1032 -0.0254645 -2577.12 252.743
67 117.832 19.5001 146.662 34.4325 -9.42991 1.18039 -0.0257534 -2934.54 271.894
68 -15.5329 44.5472 337.148 -49.785 3.41639 0.403586 -0.00981163 -2706.78 258.549
69 139.103 13.6535 376.638 -73.2728 7.59582 0.0552015 0.00032139 -2736.35 258.723
70 115.825 17.1438 198.394 3.55167 -4.46375 0.862464 -0.0189974 -2669.51 253.91
71 99.6356 21.7966 86.7355 55.4225 -12.4137 1.3811 -0.0307485 -2645.24 254.417
72 118.989 18.5155 171.415 18.1747 -6.41145 0.971107 -0.0211382 -2602.87 250.732
73 102.855 15.8483 227.009 -21.5248 0.0943114 0.524062 -0.0108222 -2651.52 250.081
74 107.499 17.9513 155.925 22.9041 -7.88996 1.1086 -0.025182 -2876.39 265.28
75 104.211 20.4398 91.5824 56.2315 -13.2778 1.49108 -0.0344309 -2606.29 253.507
76 57.5476 32.9022 582.75 -166.067 23.9053 -1.09292 0.0273311 -2746.64 257.616
77 128.371 19.2236 388.91 -68.6815 6.46473 0.17871 -0.00427646 -2509.02 244.171
78 126.34 20.1463 445.362 -98.2378 12.2395 -0.28835 0.00879856 -2882.58 267.077
79 -2.11948 40.2483 273.348 -26.8357 0.335426 0.529283 -0.0110029 -2732.8 256.031
80 -66.8105 55.0371 365.235 -59.2081 5.02294 0.263893 -0.00663131 -2710.28 252.952
81 169.54 8.17358 498.162 -135.519 18.8639 -0.762808 0.0200721 -2634.51 250.173
82 186.091 7.62068 435.123 -99.8532 12.7973 -0.311135 0.00834131 -2473.11 241.973
83 120.493 13.099 231.609 -16.2154 -1.61556 0.672002 -0.0144286 -2467.29 239.959
84 161.084 11.7745 428.448 -108.051 15.6643 -0.579128 0.0166252 -2779.85 265.056
85 131.066 13.8532 313.842 -55.5623 5.92389 0.121003 -0.000390358 -2728.93 258.64
86 137.022 12.7099 343.11 -70.2211 8.52308 -0.0666612 0.00396315 -2761.44 260.698
87 127.351 16.3893 230.986 -14.7877 -0.334167 0.526424 -0.010268 -2739.01 258.39
88 135.685 16.7689 272.378 -33.0031 3.1553 0.274364 -0.00391259 -2517.92 246.383
89 160.833 13.568 343.193 -58.5658 6.94091 0.0184772 0.00194356 -2676.05 254.521
90 152.254 12.7344 387.002 -91.8522 13.4201 -0.467947 0.0146527 -2560.81 248.727
91 165.46 9.30807 385.271 -90.175 12.4419 -0.34239 0.0102747 -2742.71 259.103
92 136.168 12.8175 315.146 -59.3662 7.01306 0.0334362 0.00117458 -2506.38 242.845
93 164.54 9.45198 438.722 -115.744 16.7103 -0.632946 0.0172863 -2771.94 261.488
94 124.811 17.5805 277.048 -38.7821 4.22731 0.18748 -0.00143083 -2692.98 257.784
95 124.811 17.5805 272.391 -39.513 4.11262 0.169482 -0.00425514 -2692.98 257.784
