0 100.627 18.7285 92.0646 43.6217 -10.2856 1.25236 -0.027634 -2663.86 258.953
1 147.175 9.62155 503.372 -157.747 24.0848 -1.14012 0.0298917 -2826.51 267.659
2 122.759 11.3321 436.669 -135.597 20.788 -0.939369 0.0257466 -2670.82 258.477
3 88.2502 17.8764 124.581 13.7403 -4.34386 0.80596 -0.0164318 -2707.03 260.629
4 142.89 12.1105 351.002 -76.2359 9.7243 -0.112855 0.00416037 -2619.53 254.234
5 156.167 12.5005 415.357 -102.971 14.718 -0.485029 0.0141284 -2496.69 250.692
6 108.01 14.935 269.224 -49.7712 5.7981 0.126158 -0.000576593 -2627.36 254.892
7 119.883 9.77681 458.557 -150.37 23.0805 -1.08386 0.0290141 -2834.31 268.215
8 117.033 18.8295 140.81 28.2911 -7.58853 1.05161 -0.0227758 -2690.81 260.884
9 108.014 14.9299 322.78 -80.8552 12.0164 -0.373388 0.0134078 -2778.52 266.117
10 147.192 10.1047 453.271 -132.541 19.9066 -0.860384 0.0235459 -2768.72 264.315
11 122.037 11.9259 388.542 -110.918 16.6905 -0.669664 0.01961 -2851.49 269.835
12 119.818 17.4117 187.224 3.19317 -3.03441 0.692082 -0.0132137 -2679.18 257.132
13 121.687 15.9884 283.668 -53.329 7.74037 -0.126962 0.00836354 -2773.28 264.671
14 87.175 21.5659 -5.47268 92.0183 -18.3806 1.79053 -0.0401876 -2614.33 254.519
15 117.593 16.6739 291.612 -57.4134 8.08627 -0.0895756 0.00583232 -2584.94 254.448
16 42.2265 30.2062 296.381 -57.8819 7.68059 -0.053344 0.00502313 -2718.23 261.205
17 107.7 17.3946 186.67 -6.60257 -0.941848 0.552269 -0.00991343 -2799.81 266.178
18 122.905 16.5141 276.945 -43.8467 5.10737 0.150063 -0.000462157 -2797.14 267.873
19 137.64 13.1429 360.859 -85.2943 11.9805 -0.309997 0.0100069 -2726.25 261.952
20 126.349 14.1257 300.237 -58.5538 7.68793 -0.0592498 0.00483645 -2642.01 253.804
21 128.886 19.028 201.206 5.26187 -3.78185 0.807321 -0.0175717 -2477.18 247.92
22 141.837 14.9244 354.103 -78.4173 11.6487 -0.374905 0.0136217 -2983.95 277.357
23 121.555 15.4176 282.234 -51.7744 6.88539 -0.00830913 0.00350155 -2672.51 256.345
24 158.652 10.3715 375.932 -85.7118 11.6527 -0.288363 0.00962419 -2737.11 262.025
25 107.835 13.9209 290.05 -64.8589 8.87002 -0.127479 0.00649378 -2809.2 265.202
26 124.384 19.3103 122.904 41.0378 -9.71336 1.20732 -0.0263027 -2511.41 251.975
27 85.039 19.8934 46.5029 59.9134 -12.8733 1.42902 -0.0319981 -2745.03 262.534
28 108.976 17.4303 160.181 14.0422 -5.36839 0.88097 -0.0180662 -2841.98 266.321
29 72.641 20.6677 -68.9579 110.273 -20.9378 1.93994 -0.0432113 -2611.29 253.452
30 121.348 12.8962 341.452 -86.9129 12.8665 -0.429104 0.0142643 -2940.41 273.183
31 105.961 20.371 92.3035 49.8169 -11.1379 1.29126 -0.0282242 -2647.3 257.617
32 117.477 7.29399 396.663 -124.812 18.1966 -0.712453 0.0191496 -2757.26 260.39
33 84.9074 14.0401 340.464 -88.6505 11.0374 -0.177817 0.00560299 -2693.09 255.776
34 114.4 8.65826 349.642 -94.5097 12.1924 -0.249789 0.0068665 -2613.7 251.39
35 89.5528 14.8659 305.28 -66.3089 7.105 0.103873 -0.00175055 -2598.04 248.022
36 169.097 3.20071 439.194 -122.41 16.5056 -0.535341 0.0134767 -2565.25 248.691
37 111.502 11.8007 470.604 -152.531 22.7716 -0.985942 0.0234242 -2503.95 243.199
38 86.0269 12.2839 345.75 -87.0697 9.58063 -0.0244345 0.000708705 -2490.22 240.776
39 133.478 8.45986 421.234 -128.634 19.253 -0.801803 0.0211019 -2663.08 255.155
40 95.9019 9.25925 298.982 -85.0343 12.1353 -0.368432 0.0125407 -2864.7 265.039
41 117.445 6.87681 398.663 -124.665 18.0189 -0.714618 0.019526 -2654.2 253.134
42 178.161 -2.87079 365.37 -106.269 15.1217 -0.515917 0.0143251 -2591.76 249.026
43 139.599 9.75597 429.124 -125.415 18.848 -0.806883 0.0216443 -2489.76 242.545
44 23.7248 29.1832 359.595 -99.8665 15.1252 -0.611029 0.0188286 -2713.58 256.035
45 132.697 6.89811 395.093 -114.066 16.2621 -0.625358 0.0178896 -2645.5 250.568
46 139.289 4.07118 416.715 -131.687 19.583 -0.853719 0.0231114 -2702.8 254.135
47 117.668 10.334 388.038 -104.907 14.1127 -0.447819 0.0128132 -2639.02 248.633
48 122.727 7.369 513.582 -186.3 30.152 -1.64956 0.0429957 -2889.55 262.739
49 121.448 9.61846 392.441 -109.368 14.9305 -0.473047 0.0125052 -2669.52 251.736
50 125.537 7.04701 464.84 -156.891 24.3766 -1.21004 0.031679 -2641.34 249.246
51 145.835 7.10691 539.495 -186.65 30.1802 -1.68238 0.0450556 -2657.19 252.712
52 113.411 9.51379 353.365 -99.4749 14.0491 -0.454834 0.0130955 -2518.57 243.086
53 118.205 10.6149 377.993 -105.838 15.0311 -0.519016 0.0148611 -2809.53 262.615
54 139.566 9.69177 387.924 -107.054 15.9557 -0.619861 0.0178035 -2618.36 251.788
55 119.371 7.5101 443.046 -148.279 22.8697 -1.10133 0.0292513 -2621.77 248.952
56 140.778 10.5599 359.336 -88.6122 12.8626 -0.445831 0.0145036 -2680.15 252.655
57 117.303 8.96032 447.718 -148.6 22.9387 -1.08943 0.0284629 -2554.11 245.381
58 133.965 6.49663 379.897 -111.422 16.3642 -0.638629 0.0175673 -2685.57 251.362
59 130.492 7.78753 428.158 -135.64 21.1085 -1.02915 0.0285724 -2631 249.157
60 112.213 11.5896 396.386 -118.19 17.984 -0.808354 0.0233854 -2773.39 257.264
61 117.858 6.38108 308.707 -82.4329 11.1914 -0.289538 0.010085 -2556.81 245.197
62 120.029 9.27166 426.566 -136.222 21.1065 -1.00698 0.0277966 -2512.32 243.321
63 112.642 9.37368 285.49 -70.9183 10.0032 -0.242667 0.00911447 -2319.74 228.855
64 78.2498 10.2638 363.129 -121.221 17.9679 -0.726877 0.0200853 -2726.2 257.834
65 -41.6843 35.631 500.182 -177.783 27.3185 -1.39978 0.0371046 -2888.17 267.487
66 91.8257 11.3242 360.58 -111.403 16.5235 -0.657729 0.0195232 -2596.94 251.751
67 121.162 5.53344 542.903 -203.302 32.8341 -1.85996 0.0495871 -3037.7 274.524
68 72.8706 14.3358 259.607 -62.1614 7.60056 0.0266987 0.00120585 -3125.46 282.778
69 98.2096 5.67288 364.251 -118.882 17.1203 -0.686808 0.0193342 -2901.34 263.662
70 91.4219 9.50598 374.573 -120.301 17.5168 -0.685601 0.0190446 -2771.35 260.664
71 90.2643 12.6847 335.538 -96.405 13.7008 -0.411912 0.0119136 -2818.72 265.104
72 82.5776 12.9673 321.563 -93.4969 13.4963 -0.43372 0.0135907 -2947.84 272.379
73 125.633 8.20164 441.147 -140.683 21.3503 -0.988094 0.0268478 -2804.27 262.537
74 77.7685 12.8739 293.131 -81.7687 11.6606 -0.342201 0.0119786 -2965.86 270.517
75 73.2914 17.2464 176.491 -16.0068 0.363662 0.459027 -0.0078431 -2797.57 261.293
76 39.3242 18.6675 90.4217 14.1479 -4.94386 0.830981 -0.016273 -2984.99 271.892
77 82.1143 12.1716 270.243 -67.1517 8.54297 -0.0713988 0.00394852 -2718.56 255.334
78 63.4837 19.3687 98.9823 24.7861 -7.0568 1.00265 -0.0210542 -2595.65 250.569
79 134.513 7.90411 433.953 -133.516 20.2773 -0.935285 0.0256458 -2483.31 241.257
80 76.6155 17.4369 200.902 -27.3493 2.75883 0.237481 -0.00112757 -2927.57 268.835
81 72.3518 16.1943 198.158 -27.3232 2.01886 0.341261 -0.00478032 -2886.74 265.591
82 114.764 10.9365 388.263 -115.217 17.3302 -0.724976 0.0204811 -3076.78 277.21
83 57.3844 13.6241 257.315 -71.7256 9.81393 -0.205946 0.00862481 -2845.22 262.935
84 61.9785 20.3575 163.792 -10.016 -0.264109 0.475863 -0.00760119 -2873.22 265.756
85 37.3597 17.7861 146.884 -19.1462 1.20185 0.372106 -0.00481618 -3043.64 275.667
86 76.6506 15.1947 280.475 -66.9491 8.23729 -0.0193726 0.00244377 -2702.18 256.859
87 65.219 18.3141 258.798 -59.236 7.90292 -0.0736273 0.00567093 -2917.14 271.342
88 39.0766 19.8415 89.3291 16.0976 -5.08307 0.835553 -0.0166364 -2618.38 250.367
89 53.0922 18.2729 131.157 -0.582764 -2.23489 0.623009 -0.0117558 -2633.23 248.18
90 56.0851 19.2381 207.799 -38.3489 4.75248 0.117976 0.00159654 -2890.41 268.344
91 46.7472 19.143 99.3713 16.2878 -5.81586 0.94536 -0.0205756 -2869.53 266.452
92 57.081 17.9983 200.841 -28.4624 1.42482 0.459303 -0.0096747 -2673.58 252.344
93 58.5634 20.6584 174.158 -16.324 0.823156 0.404004 -0.00565862 -2804.59 263.697
94 55.7717 23.2846 122.953 13.0504 -4.16919 0.770092 -0.0152672 -2735.23 259.363
95 55.7717 23.2846 211.44 8.14082 -5.77117 0.625557 -0.0184162 -2735.23 259.363
