0 80.5451 6.86252 410.477 -148.068 21.8356 -0.946708 0.0240848 -2790.27 259.416
1 92.7975 5.3427 466.229 -176.523 27.4893 -1.42965 0.0388994 -2843.51 266.519
2 95.4618 7.072 425.144 -149.669 22.5858 -1.04348 0.0277726 -2546.81 246.273
3 71.93 15.0571 311.279 -89.5489 12.8945 -0.387465 0.0120272 -2745.72 258.001
4 96.961 8.64702 365.305 -113.698 16.2443 -0.598031 0.0164221 -2631.29 248.778
5 82.1014 14.4965 297.496 -74.5355 9.59511 -0.117086 0.00424827 -2615.27 248.554
6 70.2049 9.27055 350.297 -120.628 17.8355 -0.72365 0.0197521 -2641.69 248.803
7 83.8645 8.41162 415.964 -151.39 23.787 -1.19738 0.0322937 -2775.62 256.027
8 118.361 9.78519 400.917 -119.537 17.4868 -0.692554 0.0187787 -2375.01 235.052
9 119.806 7.29837 353.733 -102.462 14.8927 -0.537087 0.0156378 -2777.66 258.536
10 64.5368 17.3693 143.078 2.59652 -3.86206 0.818358 -0.0186862 -2712.56 252.33
11 68.8461 12.3184 222.166 -49.1485 5.41788 0.146332 -0.00178779 -2634.84 246.942
12 62.0297 15.9268 242.606 -44.3832 3.35812 0.322951 -0.00584679 -2647.56 248.714
13 74.7531 11.4293 287.514 -80.6237 10.7588 -0.22694 0.00826011 -2673.23 253.798
14 86.0043 10.5337 333.211 -101.533 14.7168 -0.529878 0.0156295 -2733.39 254.536
15 -202.756 66.5228 266.38 -64.8927 8.08172 -0.0440802 0.00315543 -2646.59 249.217
16 92.6321 10.9774 242.382 -56.4898 7.47197 -0.0371073 0.00372227 -2756.55 257.467
17 62.7984 11.2584 256.116 -71.6438 9.25425 -0.122977 0.00527574 -2621.52 247.245
18 70.8336 14.8074 215.312 -37.3173 3.05609 0.335414 -0.00642694 -2642.87 249.988
19 36.4582 17.1374 129.032 -8.02424 -1.55926 0.62782 -0.0128729 -2727.73 253.481
20 66.3634 15.0129 163.295 -14.7901 -0.387208 0.534331 -0.0101739 -2520.59 242.692
21 52.4515 20.2786 202.509 -25.179 0.867178 0.489527 -0.00993721 -2591.79 248.865
22 66.2873 11.2376 234.391 -56.6911 6.3167 0.100148 -0.000734056 -2724.74 252.027
23 93.5971 8.19806 376.622 -123.245 18.0374 -0.723801 0.0192762 -2672.93 250.878
24 72.801 12.7902 184.504 -23.9814 0.490332 0.524286 -0.0111195 -2619.26 248.102
25 84.3103 14.0772 265.348 -60.2275 7.40165 0.0266074 0.000750148 -2627.44 249.417
26 94.3751 9.93441 364.934 -113.978 16.6153 -0.630573 0.0171673 -2579.52 246.589
27 100.119 13.1065 262.451 -51.1129 5.53603 0.16031 -0.00207433 -2628.03 251.361
28 74.197 14.4778 169.637 -7.92898 -2.89957 0.795434 -0.0187663 -2689.66 251.08
29 60.2935 12.997 249.805 -68.1044 9.29089 -0.181334 0.00768913 -2639.31 246.791
30 51.786 15.9584 160.065 -15.7156 -0.514204 0.544859 -0.0106121 -2631.96 247.141
31 65.5918 16.6311 148.435 -3.76858 -2.26393 0.657299 -0.012757 -2646.45 251.5
32 146.64 5.85508 482.06 -154.279 23.1534 -1.07284 0.0281001 -2685.76 256.875
33 142.602 9.83315 505.048 -157.104 23.5017 -1.07438 0.0272998 -2463 243.154
34 142.843 8.58574 381.16 -99.7144 13.7967 -0.419261 0.0123703 -2673.14 256.292
35 159.698 6.93796 524.352 -168.42 26.2267 -1.34529 0.0358746 -2683.79 255.089
36 103.391 19.019 505.392 -153.768 23.4374 -1.14177 0.0307559 -2698.13 255.404
37 142.886 6.85455 411.388 -118.133 17.0605 -0.680612 0.0193535 -2553.76 247.036
38 150.467 9.98954 374.502 -81.8762 10.0574 -0.169877 0.00654397 -2703.75 256.391
39 170.452 8.77564 512.774 -153.992 23.6122 -1.11855 0.0295215 -2671.65 259.442
40 164.01 7.25555 460.477 -129.74 18.7187 -0.748164 0.0193221 -2601.75 249.205
41 130.103 8.43659 415.025 -126.28 19.4284 -0.919482 0.0261363 -2638.09 247.887
42 148.545 13.1716 460.263 -128.508 19.7904 -0.922431 0.0254111 -2483.25 240.76
43 148.751 8.19929 486.636 -152.203 23.3237 -1.11612 0.0294447 -2621.88 252.129
44 156.245 11.0542 466.635 -131.515 19.8817 -0.890362 0.0238513 -2475 242.906
45 140.484 7.90207 336.287 -75.0685 8.95121 -0.073574 0.00345825 -2425.01 237.265
46 155.57 7.25506 516.211 -165.872 25.7613 -1.30325 0.0342579 -2446.88 240.632
47 136.81 7.43489 450.908 -142.105 21.9118 -1.0756 0.0294637 -2637.82 249.152
48 143.437 8.82812 462.843 -143.346 22.1844 -1.06417 0.0285019 -2805.75 261.274
49 161.667 10.2094 439.47 -116.05 17.111 -0.70673 0.0199725 -2697.85 256.238
50 164.97 7.29988 452.35 -128.192 19.2287 -0.862431 0.023986 -2678.48 253.553
51 129.868 6.8985 470.954 -159.485 25.3714 -1.35236 0.0374463 -2825.74 261.635
52 151.584 9.85154 400.762 -103.633 15.0696 -0.565555 0.0166778 -2526.14 245.22
53 136.955 8.8173 433.227 -129.988 19.6004 -0.877227 0.0245148 -2657.87 253.981
54 155.024 11.3264 340.845 -67.4118 8.81232 -0.147771 0.00694876 -2558.66 246.402
55 175.885 11.7106 402.662 -91.988 13.8995 -0.545415 0.017368 -2581.75 250.477
56 136.36 9.89084 344.769 -80.8471 10.8477 -0.266627 0.00923555 -2665.37 250.68
57 136.6 16.5672 378.104 -83.3771 11.3724 -0.268391 0.00876994 -2670.67 257.4
58 145.302 10.7911 344.261 -74.4112 9.60234 -0.141029 0.00498107 -2347.05 233.118
59 148.532 9.49067 384.787 -97.2979 13.8565 -0.473474 0.0144255 -2580.51 249.962
60 144.711 11.0756 319.265 -63.3677 8.22215 -0.10339 0.0061277 -2646.46 252.874
61 176.757 7.71611 454.963 -124.045 18.9353 -0.8816 0.0250819 -2791.99 260.832
62 124.631 10.9421 379.636 -105.42 15.6331 -0.616591 0.0181342 -2641.27 250.709
63 133.109 8.55059 387.846 -107.527 15.4017 -0.571575 0.0167168 -2721.11 255.982
64 148.518 9.35383 367.969 -87.6912 11.8027 -0.289979 0.00888319 -2563.72 247.417
65 133.732 14.5865 285.832 -44.6071 4.84803 0.180302 -0.00197718 -2732.2 260.057
66 98.2182 21.1715 131.227 25.6758 -6.50568 0.9415 -0.0192791 -2810.46 267.565
67 142.961 10.6865 425.055 -118.768 17.5674 -0.705757 0.0198289 -2742.4 261.945
68 119.716 13.941 369.436 -97.4242 14.4852 -0.536584 0.0161319 -2741.95 258.574
69 151.204 9.05318 372.588 -92.47 13.6573 -0.542154 0.0178346 -2846.88 261.919
70 139.447 9.16077 414.078 -118.496 17.7691 -0.765006 0.0214411 -2866.93 263.515
71 141.343 12.7113 364.492 -87.1698 12.9659 -0.475422 0.0156685 -2959.84 270.565
72 112.786 19.0911 187.74 4.63613 -3.62466 0.764738 -0.0156776 -2760.96 262.398
73 111.375 20.2077 79.6133 63.1236 -13.9332 1.47635 -0.0329301 -2622.84 251.9
74 91.2406 17.2235 179.773 -5.23787 -2.10162 0.666683 -0.0144514 -2855.87 264.12
75 92.0958 23.8346 42.0368 71.3599 -13.5564 1.33833 -0.0273697 -2746.02 259.395
76 122.314 18.9625 165.646 18.3766 -5.47319 0.843788 -0.017051 -2703.45 255.541
77 105.246 18.4409 119.445 34.4675 -8.65316 1.07918 -0.0230325 -2677.13 252.99
78 150.987 11.4506 343.45 -65.8607 7.68208 -0.00966681 0.00266106 -2852.31 264.657
79 126.196 15.4958 250.795 -31.16 3.17438 0.235585 -0.00221779 -2619.83 251.296
80 103.434 17.5043 198.438 -11.7843 -0.0678776 0.444994 -0.00656164 -2675.89 254.324
81 88.1611 16.5382 135.386 14.8891 -5.56049 0.881992 -0.0187604 -2810.93 258.413
82 112.892 18.4877 166.47 17.6398 -6.32384 0.961425 -0.0206337 -2701.43 256.854
83 140.482 17.8044 206.56 9.52758 -4.83748 0.849764 -0.0180011 -2765.85 260.976
84 130.972 19.565 216.926 -1.6941 -1.83492 0.564018 -0.00923537 -3039.23 277.338
85 84.899 24.6709 148.867 24.9404 -6.93973 0.968505 -0.0202359 -2584.43 249.971
86 98.5035 18.552 205.656 -16.8385 0.816513 0.417055 -0.00699585 -2577.3 249.253
87 113.696 19.6329 82.7749 49.8304 -9.87548 1.11317 -0.0222132 -2622.12 254.875
88 145.717 16.3025 330.699 -59.0002 8.20195 -0.163755 0.00922414 -2643.67 255.912
89 115.409 17.1362 195.407 0.398508 -3.10271 0.715337 -0.0146775 -2489.1 242.034
90 130.043 14.5692 332.328 -65.9267 8.16455 -0.0598687 0.00384989 -2753.34 258.17
91 120.86 19.2871 170.881 14.4798 -4.64491 0.789467 -0.015938 -2593.34 249.289
92 124.438 19.1365 195.85 5.16523 -3.2042 0.680634 -0.0128547 -2650.32 253.496
93 111.221 19.8425 147.996 23.1478 -6.24737 0.904409 -0.018341 -2458.18 242.747
94 80.0639 22.3134 92.5846 35.606 -7.35351 0.913054 -0.0170171 -2932.48 269.335
