0 364.942 -25.7922 1806.12 -631.796 84.946 -4.54741 0.0948467 -2086.9 196.165
1 226.886 -0.598348 927.504 -302.384 40.9925 -2.01109 0.0416195 -2519.71 225.598
2 185.943 5.72451 543.819 -105.572 7.06394 0.24339 -0.00929695 -2243.15 204.378
3 243.78 -1.90096 935.006 -271.376 31.9627 -1.29023 0.0231679 -2294.51 207.238
4 253.308 -5.09006 1549.99 -538.053 72.9455 -3.91024 0.0828969 -2171.65 202.218
5 182.459 8.09245 803.755 -239.38 29.9796 -1.2799 0.0250292 -2474.43 220.257
6 110.446 26.3903 1272.19 -416.122 53.6017 -2.6195 0.0529647 -2181.97 204.664
7 197.154 5.20544 1087.43 -338.411 41.6968 -1.84465 0.034111 -1889.03 183.133
8 202.331 4.35341 996.596 -300.231 36.1244 -1.51754 0.0280412 -2585.79 227.135
9 192.369 5.02732 1050.06 -315.053 38.2421 -1.71658 0.0348801 -2162.25 201.532
10 193.271 6.18803 884.727 -249.229 28.2633 -1.01157 0.016061 -2066.49 194.477
11 267.789 -7.61719 1158.79 -365.47 45.3884 -2.049 0.0382526 -1836 180.284
12 109.203 23.5155 350.909 -17.8228 -7.17613 1.22776 -0.034325 -2044.93 189.543
13 171.145 10.4789 757.089 -206.762 22.8363 -0.705358 0.00992034 -2292.67 208.361
14 247.441 -4.05917 766.429 -198.905 20.1561 -0.4242 0.000766314 -1944.46 186.674
15 170.859 11.0839 716.097 -187.509 19.6628 -0.452273 0.00280774 -2061.03 195.212
16 324.532 -15.183 1860.34 -615.956 77.8751 -3.89028 0.0766589 -2183.06 201.793
17 314.634 -17.0186 1249.55 -359.346 39.6409 -1.52098 0.0242245 -2089.62 193.476
18 302.466 -13.7508 1607.4 -537.187 69.0938 -3.45341 0.0685506 -2043.81 194.693
19 217.015 1.54312 898.852 -268.563 32.473 -1.34789 0.0250734 -1941.07 186.878
20 227.042 -0.459898 950.731 -277.736 32.1535 -1.2026 0.0186062 -1911.46 184.399
21 126.934 20.063 704.458 -166.41 14.4828 -0.0778116 -0.00574008 -2078.49 194.314
22 170.292 9.55544 479.346 -70.7265 0.289173 0.786213 -0.0246749 -1891.51 181.825
23 335.732 -19.7505 1611.12 -540.083 70.1194 -3.57872 0.0726155 -2271.28 205.488
24 276.653 -9.74295 933.224 -273.12 31.8529 -1.19578 0.0189952 -2032.45 193.886
25 196.986 5.44349 1229.57 -394.682 49.5365 -2.29366 0.0433375 -1939.06 186.993
26 393.404 -31.2724 1778.31 -566.224 68.8418 -3.28814 0.0628356 -2132.47 195.635
27 162.994 13.1197 825.869 -231.227 25.9777 -0.874411 0.012648 -2118.24 195.825
28 215.707 1.84576 717.912 -178.62 17.0297 -0.218027 -0.00393104 -1985.85 189.871
29 234.987 -1.52417 1314.48 -421.04 52.8061 -2.52477 0.0503584 -2310.97 210.213
30 207.033 4.24896 694.871 -154.096 11.4575 0.199511 -0.0139174 -1914.44 186.21
31 278.048 -10.9641 1071.45 -315.822 35.8805 -1.30508 0.0180345 -2052.7 192.911
32 216.7 -0.0120616 984.625 -326.846 44.8577 -2.26454 0.0473453 -2163.52 203.045
33 290.744 -13.3797 1131.44 -376.175 50.6728 -2.55402 0.0521165 -2270.97 207.959
34 282.397 -11.7561 1229.25 -415.427 56.3173 -2.89508 0.0593446 -2151.38 199.473
35 398.387 -33.8624 1002.78 -327.955 44.5239 -2.2372 0.046451 -2122.3 199.566
36 265.553 -8.63789 1157.93 -390.265 53.0782 -2.72831 0.056171 -2137.56 197.363
37 212.693 0.440979 1118.17 -383.956 53.6745 -2.83591 0.0602447 -2245.79 207.03
38 238.737 -3.33012 1118.7 -377.96 52.1376 -2.7196 0.0574935 -2153.56 201.091
39 299.072 -13.7924 1319.71 -439.658 57.5642 -2.85823 0.0570268 -2331.98 212.569
40 187.621 5.83768 1213.67 -436.877 63.6019 -3.61092 0.0810074 -2442.41 218.421
41 192.634 6.76731 1641.35 -572.643 78.0306 -4.23826 0.0901249 -2265.85 205.573
42 283.624 -11.3828 1584.14 -564.585 78.7643 -4.37079 0.0947935 -2388.34 213.825
43 223.214 -1.53725 866.494 -275.022 37.0464 -1.7642 0.0353878 -2297.59 210.074
44 246.208 -2.80834 1298.24 -465.396 67.3772 -3.88307 0.0887882 -2143.02 200.772
45 221.306 -0.590965 909.164 -292.17 39.4401 -1.95327 0.0411768 -2127.45 199.227
46 332.498 -20.6072 1427.55 -494.229 67.7658 -3.65162 0.0773756 -2007.17 188.139
47 297.941 -15.7527 872.947 -272.091 36.1765 -1.73085 0.0355166 -2429.85 216.394
48 369.165 -27.9797 1305.92 -466.462 66.7934 -3.75486 0.083227 -2187.91 202.491
49 230.219 -3.16303 1181.3 -425.671 62.5343 -3.59534 0.0814007 -2505.43 219.796
50 295.463 -14.9499 1275.26 -469.685 70.0293 -4.13962 0.0955591 -2164.22 198.725
51 381.679 -30.3343 1283.89 -461.386 67.218 -3.88354 0.0887166 -1851.51 182.253
52 231.31 -3.32865 1057.81 -375.495 55.4885 -3.15341 0.071308 -2421.59 217.269
53 271.552 -10.935 996.355 -348.757 51.255 -2.85854 0.0641876 -2211.28 204.48
54 271.795 -9.92165 1166.44 -406.003 57.4138 -3.13888 0.0689983 -2135.62 200.076
55 238.836 -4.20542 948.986 -307.731 41.4575 -2.02233 0.0409149 -2199.86 203.182
56 221.718 0.0517265 1226.23 -415.986 56.6682 -2.98081 0.062659 -2162.89 198.156
57 319.426 -18.2498 1500.86 -536.598 75.6528 -4.24236 0.0935955 -2343.1 213.45
58 232.877 -2.72701 828.718 -246.798 30.7607 -1.29113 0.0240577 -2371.81 214.355
59 219.216 -1.10151 722.188 -207.848 26.2078 -1.06883 0.019787 -2039.04 193.326
60 234.292 -4.62014 393.775 -79.9024 8.83566 -0.0563467 -0.00138183 -2463.64 219.435
61 247.004 -5.45315 1122.33 -368.404 49.114 -2.46588 0.0507201 -2444.43 217.724
62 262.466 -9.21852 1021.14 -351.865 50.6441 -2.79734 0.0629932 -2411.61 215.401
63 298.844 -16.0422 886.898 -287.673 39.8351 -2.0219 0.0435339 -2551.85 223.876
64 475.354 16.6924 2465.28 -803.648 99.3252 -5.05309 0.101561 -2593.91 224.33
65 475.354 16.6924 2614.47 -827.713 98.689 -4.80124 0.0915489 -2302.93 206.708
66 475.354 16.6924 1964.75 -604.227 70.7466 -3.29747 0.0627213 -2547.05 223.624
67 304.021 -15.0821 1510.45 -468.925 56.5604 -2.68452 0.0536154 -2236.25 202.203
68 310.644 -13.8538 1202.31 -334.028 35.4316 -1.27831 0.0200133 -2367.45 210.879
69 671.536 -83.8235 1435.56 -429.806 49.5707 -2.14731 0.0386557 -2174.37 198.196
70 707.691 -77.1183 2297.61 -762.79 96.219 -4.97077 0.10097 -2512.3 218.404
71 669.736 -84.1573 324.071 9.58314 -12.5136 1.53767 -0.0392863 -2570.79 223.682
72 664.988 -85.038 501.694 -82.2276 2.91639 0.50267 -0.015339 -2713 230.54
73 675.173 -83.1491 1082.54 -289.954 29.4659 -0.914016 0.0119267 -2340.45 209.776
74 684.108 -81.492 1275.67 -369.104 42.1196 -1.83799 0.0351637 -2158.94 194.4
75 606.977 -73.677 620.592 -128.738 9.46281 0.111343 -0.0065271 -2579.92 223.704
76 616.724 -71.8693 1603.5 -523.188 66.3395 -3.37422 0.0697504 -2564.05 221.683
77 612.458 -72.6606 1060.4 -298.787 33.7086 -1.38675 0.027147 -2541.5 220.304
78 624.633 -70.4025 1811.24 -569.417 68.4727 -3.27676 0.063228 -2312.37 204.894
79 619.224 -71.4057 2066.08 -678.176 84.823 -4.28768 0.0858653 -2149.96 198.159
80 77.606 28.2981 -15.751 139.477 -30.9868 2.69122 -0.0658142 -2714.11 229.59
81 272.545 -10.6507 1377.77 -417.835 49.9062 -2.34829 0.0479544 -2165.66 199.175
82 292.292 -14.9254 392.362 -23.198 -7.90204 1.32804 -0.0368892 -2425.43 213.05
83 -205.7 92.6274 70.7504 100.14 -24.9135 2.29812 -0.0565896 -2488.36 216.652
84 226.914 -0.0156885 1031.85 -293.248 33.1232 -1.32223 0.0246724 -2439.37 216.311
85 222.473 -0.839333 671.743 -134.439 7.95993 0.343054 -0.0145248 -2288.27 205.826
86 222.334 -0.865085 988.958 -272.766 29.868 -1.12753 0.0205905 -2530.97 221.196
87 222.334 -0.865085 2169.73 -678.623 81.16 -3.97052 0.0781058 -2448.51 213.213
88 225.089 -0.354179 1102.87 -305.301 32.1612 -1.04736 0.0128302 -2280.73 206.162
89 225.089 -0.354179 2962.52 -982.329 122.688 -6.36397 0.12827 -2639.01 229.102
90 1916.03 -297.427 2324.16 -761.33 94.5672 -4.79011 0.0953686 -2497.24 218.05
91 1888.75 -302.487 1935.49 -590.553 67.5367 -2.98756 0.0529161 -2210.44 201.824
92 1872.41 -305.517 1068.75 -297.64 32.5169 -1.22958 0.0216353 -2519.06 220.443
93 1872.85 -305.436 1163.34 -338.227 38.5826 -1.59543 0.0296224 -2558.35 226.265
94 237.067 2.80432 1700.62 -532.732 64.3668 -3.09111 0.0611528 -2249.06 204.696
95 113.131 22.8517 442.077 -53.0575 -2.0934 0.884453 -0.0252013 -2548.18 221.288
