0 11.8253 35.5539 393.026 -91.8594 10.8069 -0.0771982 0.00206503 -2915.64 276.68
1 149.749 8.29514 529.34 -171.312 25.8393 -1.19415 0.0302744 -2805.5 270.628
2 110.519 8.1781 388.552 -120.587 17.3634 -0.66274 0.0191836 -3017.9 282.13
3 98.0811 12.3403 350.491 -97.7589 13.0161 -0.27147 0.00710493 -2811.8 268.424
4 167.264 6.67792 322.125 -63.7503 7.28492 0.090693 -0.000795014 -2798.36 268.439
5 98.8582 11.1071 426.893 -141.178 21.1888 -0.914945 0.0252278 -2843.28 271.886
6 59.2079 21.2663 196.702 -9.61433 -3.14446 0.868726 -0.0199399 -2785.17 267.23
7 -122.568 62.951 283.984 -39.3619 2.63918 0.471641 -0.0111723 -2669.99 263.167
8 106.642 21.2554 387.765 -80.2125 8.64451 0.102729 -0.00320543 -2838.97 272.898
9 95.4607 18.7506 237.405 -18.8186 -1.6893 0.797965 -0.019271 -2806.3 269.243
10 23.3473 28.9069 518.454 -147.059 17.8703 -0.478739 0.010002 -2765.87 264.454
11 -46.5606 47.5473 295.312 -46.7407 3.94534 0.350855 -0.00772395 -2549.46 253.291
12 76.9938 20.5199 296.992 -47.6523 2.85149 0.459648 -0.0106001 -2725.41 261.479
13 -32.2601 43.573 265.494 -25.9738 -0.773625 0.716557 -0.0161137 -2617.73 259.266
14 110.921 12.5146 421.066 -111.118 13.6519 -0.311277 0.00878446 -2791.5 265.352
15 86.8883 21.3812 261.309 -26.7296 0.0587965 0.591349 -0.0123377 -2712.08 261.093
16 17.6615 38.3248 428.189 -92.3132 10.1368 -0.0110175 2.16717e-05 -2828.03 269.726
17 109.853 18.0588 258.219 -25.6431 0.045194 0.620016 -0.0143286 -2778.43 264.7
18 117.191 23.8065 370.425 -60.1149 5.78324 0.21141 -0.00352745 -2741.83 266.406
19 104.392 18.864 267.265 -39.4631 3.84275 0.265049 -0.0035155 -3151.79 287.971
20 114.516 15.7234 199.417 -4.89653 -2.92204 0.804724 -0.0178189 -2825.34 269.846
21 87.4647 18.4422 237.765 -25.1333 -0.0616166 0.619266 -0.0134905 -2979.34 277.618
22 110.378 15.2171 347.581 -69.4597 6.483 0.219204 -0.00522143 -2769.26 263.849
23 -4.38294 39.5686 201.697 -3.39485 -2.62887 0.717326 -0.0140685 -2738.73 264.696
24 111.175 14.4923 255.808 -38.1545 3.08906 0.348714 -0.00621604 -2852.72 268.655
25 106.628 21.0372 448.157 -107.524 13.3841 -0.281157 0.00748693 -2714.06 264.151
26 111.568 14.476 361.233 -77.5425 7.90575 0.115069 -0.00258181 -2654.43 256.713
27 -172.372 66.672 360.378 -81.3276 9.03715 0.00311502 0.00149543 -2737.89 264.207
28 209.466 -1.9982 388.267 -83.5674 8.70463 0.0504477 -0.000503266 -2763.97 263.411
29 156.539 1.37803 317.327 -71.2963 7.3137 0.12405 -0.00191846 -3003.88 277.231
30 83.4882 21.9955 279.88 -38.6477 2.04174 0.518314 -0.0125304 -2836.49 270.342
31 57.5065 29.57 400.932 -79.1639 7.44306 0.195144 -0.00556453 -2764.26 264.813
32 63.8154 16.195 244.917 -56.1097 6.61285 0.111646 -0.00110935 -2673.9 256.476
33 58.5659 11.1343 307.111 -103.652 15.1217 -0.504052 0.0142762 -2952.77 271.527
34 81.4581 10.4784 358.388 -114.374 16.1239 -0.531618 0.0141314 -2462.64 243.131
35 78.6934 6.1419 268.841 -83.7425 11.2241 -0.210864 0.00668205 -2681 255.293
36 46.3529 13.2463 300.023 -100.878 14.8471 -0.528951 0.016131 -2977.44 272.233
37 53.1789 13.6713 252.284 -70.0188 8.97439 -0.0669344 0.00291416 -2624.22 248.577
38 89.7201 10.048 392.107 -132.034 20.1039 -0.893468 0.0244962 -2661.48 254.13
39 88.9723 14.7381 329.551 -91.0818 12.9717 -0.351462 0.010197 -2371.69 238.782
40 55.597 16.0179 224.55 -52.1767 6.47734 0.0623334 0.00109136 -2581.92 248.331
41 58.7478 15.0375 213.708 -46.4684 5.47699 0.11176 0.000328703 -2839.88 261.953
42 44.5012 15.7474 202.094 -47.022 5.60904 0.115514 0.000381701 -2769.55 259.5
43 7.5826 19.7703 83.8129 1.61383 -2.49308 0.666589 -0.0129712 -2631.07 248.721
44 41.0315 17.1299 149.434 -16.9544 -0.040717 0.54775 -0.0112382 -2792.99 260.195
45 23.079 20.4739 45.5868 33.1158 -8.48984 1.12476 -0.0248591 -2618.16 250.479
46 39.145 18.3854 127.221 -5.23863 -1.77502 0.649959 -0.0133915 -2856.76 264.224
47 80.6562 13.9592 179.117 -13.2066 -1.61864 0.686217 -0.0153258 -2812.62 261.082
48 21.5405 23.6039 -0.986202 59.0215 -12.1369 1.32291 -0.0286604 -2732.67 255.373
49 51.6631 18.2344 156.919 -13.5601 -0.220329 0.504988 -0.00890227 -2907.63 266.903
50 30.3548 18.8697 94.2122 7.91287 -3.89919 0.775937 -0.0162187 -2629.17 248.113
51 24.7676 25.011 43.9352 45.6968 -10.6239 1.27593 -0.0284257 -2648.15 254.056
52 59.615 14.7841 181.237 -30.2307 2.55526 0.334712 -0.00552443 -2649.57 251.154
53 57.5713 16.6985 199.376 -34.755 3.14974 0.303363 -0.00459998 -2577.92 248.792
54 24.7104 19.4609 66.786 22.9808 -7.09021 1.04165 -0.0230036 -2731.22 256.686
55 50.3852 14.2177 200.6 -39.0272 2.9188 0.3716 -0.00804333 -2816.74 258.714
56 35.4252 17.7618 71.9335 24.8955 -7.73417 1.0752 -0.023562 -2852.77 261.804
57 32.5242 17.8152 110.136 4.23161 -4.32728 0.87553 -0.0198519 -2611.55 247.463
58 38.471 20.4841 48.5377 42.5486 -10.6527 1.30209 -0.0296665 -2674 253.614
59 92.7293 16.1274 218.191 -22.5342 0.158426 0.558948 -0.0121761 -2588.54 248.927
60 39.9783 14.7337 186.679 -41.7523 4.49576 0.181022 -0.00142519 -2700.37 251.016
61 55.8484 12.7025 263.322 -62.7337 5.67436 0.244917 -0.00577336 -2667.76 250.919
62 63.3323 16.5231 207.44 -32.615 2.19303 0.399598 -0.00763038 -2686.06 254.196
63 72.0748 13.9808 201.559 -24.9057 -0.172669 0.6128 -0.0136964 -2593.57 249.479
64 127.171 11.9866 496.768 -157.603 24.161 -1.17106 0.0311844 -2784.68 263.578
65 128.715 13.4331 452.971 -129.916 19.404 -0.870368 0.0248177 -2966.53 274.714
66 127.628 9.75461 444.271 -137.46 20.7444 -0.946464 0.0269599 -2930.58 275.234
67 145.774 10.5471 433.001 -121.288 18.2495 -0.806353 0.0238492 -3002.96 277.741
68 111.079 15.363 280.061 -42.5791 3.16709 0.351696 -0.0063016 -3141.97 285.431
69 -78.0406 53.914 94.2004 47.6353 -10.3022 1.15604 -0.0235816 -2863.75 266.455
70 134.673 10.8336 292.807 -54.9569 6.37428 0.0654209 0.00152236 -2875.73 268.098
71 113.944 15.6132 415.271 -97.9495 11.2812 -0.141723 0.00437742 -2899.96 271.088
72 141.826 13.4002 284.807 -33.5257 1.30308 0.52043 -0.0119355 -2914.09 271.044
73 98.4923 17.038 318.891 -62.7591 6.70248 0.0869349 0.000407273 -2737.91 260.001
74 87.4226 14.666 213.609 -26.0931 1.19238 0.393613 -0.00531991 -2960.4 270.249
75 152.245 4.70355 175.981 3.75945 -5.35355 0.997657 -0.0232704 -2881.43 267.868
76 112.841 17.6119 200.982 1.14846 -4.01117 0.837243 -0.0178959 -2873.48 269.63
77 19.2924 32.7138 558.269 -157.886 20.1402 -0.714048 0.0173223 -2739.68 258.941
78 49.0375 30.6852 632.043 -186.922 25.4999 -1.11337 0.0272106 -2722.95 257.825
79 64.7093 27.5425 683.489 -209.424 28.7457 -1.29567 0.0303093 -2657.4 252.505
80 90.5486 18.2588 340.794 -65.4302 5.78439 0.229505 -0.00515606 -2538.56 245.957
81 87.236 20.2651 354.607 -70.1281 6.97365 0.112716 -0.00149274 -3572.26 309.527
82 75.7468 27.1384 456.599 -101.058 11.1968 -0.118297 0.00294804 -2685.25 256.984
83 117.992 13.4455 365.752 -78.0325 8.20792 0.031811 0.000783079 -2775.23 261.56
84 110.919 16.1963 518.658 -147.182 19.835 -0.772484 0.0203066 -2632.83 254.058
85 106.904 17.6001 365.317 -74.6539 7.95853 0.0362075 0.000824561 -2720.12 258.387
86 102.807 14.1658 321.816 -71.5811 8.41957 -0.0300206 0.00267817 -2788.98 261.613
87 100.482 16.7089 218.114 -17.6762 -0.496306 0.580047 -0.0114911 -2878.37 269.911
88 109.921 17.7859 543.534 -154.083 20.7026 -0.809335 0.0204219 -2917.01 270.567
89 92.4519 24.9504 539.722 -136.853 16.8735 -0.481009 0.0114553 -2790.73 265.086
90 105.459 15.3164 249.824 -32.0957 1.63809 0.44634 -0.00877296 -3091.53 281.195
91 131.236 14.3478 285.816 -42.1584 3.67825 0.298563 -0.00512889 -2918.07 271.127
92 -41.8855 49.5494 579.618 -161.673 21.6995 -0.835207 0.0199878 -2707.55 260.187
93 102.125 21.3368 553.764 -151.59 19.5741 -0.643608 0.0142369 -2639.15 255.182
94 124.409 14.5423 404.626 -93.8165 11.0846 -0.146534 0.00457459 -2893.05 271.114
95 126.889 15.0022 576.336 -119.965 9.80335 0.017859 -0.0112609 -2893.05 271.114
