0 140.304 11.9865 408.23 -107.096 15.3443 -0.547881 0.0164322 -2874.39 271.859
1 127.585 13.3022 389.539 -100.488 14.0436 -0.434395 0.0133423 -2985.8 279.807
2 135.386 10.4362 418.537 -117.289 16.5226 -0.550758 0.0144284 -2740.28 263.588
3 144.052 6.99347 468.352 -147.075 22.1055 -1.01104 0.026963 -2617.14 253.335
4 129.212 7.13768 420.448 -128.687 18.6919 -0.76614 0.0214144 -2852.56 267.18
5 151.011 8.64292 535.89 -173.387 26.3945 -1.25738 0.0321098 -2651.13 260.437
6 115.025 12.8522 333.628 -78.1011 9.93016 -0.136839 0.00505344 -2815.56 264.146
7 93.0971 18.1517 288.024 -48.1255 3.95523 0.334526 -0.00746453 -2590 250.072
8 101.955 16.9065 482.979 -138.325 18.8672 -0.688909 0.0170991 -2918.89 269.32
9 29.6933 33.0679 461.151 -137.564 20.7324 -0.911492 0.0242745 -2567.68 250.436
10 84.6227 18.3154 351.118 -80.7688 9.52063 -0.084602 0.00407384 -2878.98 268.592
11 -39.228 42.3341 368.274 -99.1163 14.5681 -0.548789 0.0174267 -2784.58 263.571
12 111.155 18.5443 530.28 -143.603 18.4496 -0.601129 0.0148757 -2712.07 262.282
13 -204.158 75.8928 532.004 -145.622 18.394 -0.555469 0.0117164 -2642.62 252.917
14 71.0081 29.8304 637.646 -188.106 26.6397 -1.22656 0.0302089 -2584.25 250.637
15 198.465 2.81992 470.428 -114.432 13.8595 -0.321848 0.00876585 -2454.93 245.132
16 104.481 18.3409 328.78 -66.0324 7.86732 -0.0051132 0.00206113 -2830.09 264.133
17 140.371 12.3699 376.2 -91.3934 13.0291 -0.425613 0.0136653 -2777.93 262.004
18 131.41 11.7619 353.534 -83.6227 10.7978 -0.160947 0.00488345 -2484.02 246.09
19 112.738 14.6908 486.977 -144.483 20.7984 -0.89975 0.0237339 -2708.78 255.409
20 82.4046 20.3936 424.797 -108.603 13.5834 -0.314375 0.00793078 -2570.12 248.347
21 185.499 4.10633 216.489 -18.9532 1.08223 0.440748 -0.00815741 -2566.77 252.606
22 -80.7038 53.9668 348.843 -77.4428 10.3192 -0.197394 0.00813041 -2780.92 266.492
23 130.141 11.0948 281.945 -53.9802 6.58089 0.0448624 0.00173913 -2782.55 261.615
24 109.227 14.3927 498.924 -141.328 18.2367 -0.592978 0.0138287 -2806.25 262.815
25 125.191 18.5431 220.655 4.912 -5.76718 1.06924 -0.0266723 -2517.18 247.612
26 133.81 17.4229 397.987 -82.4088 9.85865 -0.109847 0.00459026 -2664.25 258.643
27 140.434 9.0117 278.635 -51.238 5.78574 0.1286 -0.000574295 -2696.26 258.296
28 95.021 18.2978 260.898 -32.2905 1.24725 0.499916 -0.0108707 -2775.58 259.676
29 150.625 12.2199 332.229 -62.6028 7.25438 0.0774389 -0.00090011 -2416.76 242.392
30 125.786 17.422 348.389 -64.6758 6.98152 0.113778 -0.00156964 -2863.12 270.618
31 128.545 13.9015 364.113 -76.7127 8.46425 0.040129 -0.000549405 -2683.83 257.608
32 74.4688 8.40326 444.703 -168.609 25.9405 -1.24628 0.0314756 -2738.42 257.67
33 79.7371 10.651 460.306 -171.412 26.9429 -1.34533 0.0349077 -2794.25 264.135
34 122.078 1.71826 461.292 -171.121 26.4961 -1.30607 0.0339598 -2618 252.332
35 73.2781 8.4115 418.943 -156.168 23.5696 -1.05308 0.0266061 -2658.85 254.778
36 95.3833 5.81279 453.88 -170.442 26.4574 -1.29959 0.0329747 -2624.18 249.865
37 96.5437 8.02759 522.251 -200.424 32.0777 -1.72725 0.0442867 -2711.46 256.723
38 99.809 4.35912 403.059 -129.325 16.6172 -0.479125 0.011142 -2749.15 257.194
39 125.95 -0.714422 392.091 -141.687 21.6853 -0.974211 0.025703 -2795.73 261.917
40 82.253 9.16798 368.645 -122.814 17.7849 -0.67317 0.0178884 -2601.39 249.721
41 96.4512 8.06577 478.612 -175.55 27.092 -1.3199 0.0334072 -2544.17 247.517
42 92.2543 10.6917 238.084 -49.2951 5.2819 0.198739 -0.0033719 -2526.8 246.017
43 85.8658 10.8354 423.035 -149.037 23.2811 -1.12773 0.0303956 -2923.47 269.962
44 88.8998 10.3675 407.853 -138.984 21.0654 -0.92887 0.0245443 -2737.89 259.098
45 85.4809 9.66081 405.581 -141.956 21.7449 -0.993383 0.0263581 -2678.29 253.997
46 58.45 11.8405 407.28 -152.75 23.7076 -1.10456 0.0277451 -2783.9 257.816
47 80.8421 9.72741 353.935 -117.449 17.6057 -0.731821 0.0202835 -2777.35 256.941
48 41.1344 17.7749 198.064 -47.291 6.63075 -0.0103768 0.00409583 -2777.29 259.597
49 53.9536 14.1923 301.689 -98.8514 15.2089 -0.606032 0.0181856 -2641.08 249.694
50 23.7342 19.7237 119.351 -8.26032 -0.702232 0.528609 -0.00970212 -2675.42 250.883
51 90.4345 10.9714 407.024 -136.66 20.6919 -0.901752 0.024025 -2702.11 257.84
52 73.021 12.5512 332.262 -106.802 16.2166 -0.649064 0.0184741 -2823.4 260.25
53 94.6415 5.80733 404.122 -145.702 22.1756 -1.01085 0.0263495 -2631.06 249.371
54 62.2969 11.9659 325.656 -109.023 16.2869 -0.627269 0.0176269 -2715.04 255.134
55 76.4149 10.8502 374.936 -128.807 19.6082 -0.852166 0.0228714 -2543.22 244.075
56 82.2526 9.70213 358.711 -118.421 17.6016 -0.724409 0.0201195 -2578.57 245.181
57 39.2565 19.7468 171.607 -28.1853 2.76198 0.318451 -0.00517514 -2481.67 242.832
58 64.3763 15.627 261.771 -67.7757 9.25366 -0.139709 0.00626767 -2655.71 253.619
59 93.0003 11.6095 384.76 -125.059 19.3677 -0.882893 0.0252018 -2730.32 257.978
60 75.5538 15.2572 278.645 -72.4507 10.1904 -0.202582 0.00718932 -2608.43 249.789
61 70.5042 11.2423 315.47 -99.761 14.4616 -0.497927 0.014601 -2783.34 259.005
62 60.6097 12.6654 325.515 -107.359 15.7967 -0.571442 0.0159063 -2594.3 247.95
63 58.4285 11.1384 345.58 -122.161 18.4611 -0.776391 0.0210762 -2777.29 256.568
64 158.87 5.495 545.323 -182.018 28.2402 -1.45406 0.0380033 -2807.29 264.06
65 155.455 7.75454 528.757 -173.521 27.2504 -1.39162 0.0365683 -2805.12 266.805
66 144.741 8.06861 539.77 -181.383 27.8892 -1.35091 0.0336509 -2779.22 266.086
67 129.355 7.50929 491.792 -167.215 25.6628 -1.22726 0.0314137 -2769.56 263.358
68 133.933 11.1759 457.564 -141.117 21.7483 -0.996227 0.0267206 -2939.18 275.392
69 155.028 8.05989 502.119 -159.881 25.1179 -1.27684 0.0346414 -2720.41 260.994
70 153.355 8.10137 483.799 -150.213 23.0897 -1.09654 0.0292561 -2870.32 269.802
71 130.609 8.63746 518.066 -178.743 28.0286 -1.414 0.0363313 -2824.87 266.936
72 153.751 6.87469 548.685 -185.894 29.2812 -1.52968 0.0399483 -2636.26 256.442
73 97.1114 19.3941 514.942 -164.854 25.752 -1.29022 0.0338091 -2560.77 250.184
74 154.008 10.3769 496.574 -151.927 23.5755 -1.12926 0.0300031 -2733.4 261.393
75 135.145 15.1943 471.85 -136.116 20.3621 -0.83795 0.0214055 -2516.47 251.358
76 106.158 11.8949 392.862 -119.643 17.8057 -0.702939 0.0188334 -2665.91 255.388
77 126.091 7.76807 475.669 -163.305 25.9056 -1.34097 0.0363357 -2779.33 262.505
78 137.868 9.39213 385.562 -102.261 13.8915 -0.362052 0.00998649 -2664.67 259.386
79 148.465 8.09517 453.907 -134.747 19.6825 -0.786588 0.0200666 -2342.44 238.483
80 135.678 9.09041 457.943 -144.84 22.4362 -1.07238 0.0290688 -2596.4 251.326
81 84.8917 17.224 466.051 -162.229 25.7321 -1.21789 0.0349102 -3896.38 359.067
82 154.224 8.77741 491.577 -154.256 24.1751 -1.18933 0.0316843 -2421.69 242.226
83 153.724 5.2453 484.576 -156.976 24.0219 -1.14024 0.0296887 -2594.06 251.043
84 143.216 7.17539 377.136 -110.636 17.2553 -0.723998 0.0208663 -2693.71 258.074
85 126.44 10.758 479.613 -157.848 24.7484 -1.2027 0.0306879 -2791.36 261.652
86 101.924 19.194 263.253 -45.7072 6.06943 0.0732764 0.00135305 -2662.11 259.37
87 118.242 16.6761 370.293 -97.5443 15.0812 -0.558883 0.0163112 -2751.86 264.201
88 79.5066 16.5959 290.133 -71.9026 9.62136 -0.103047 0.00354988 -2806.73 263.428
89 93.9456 16.5064 300.634 -73.1037 10.6012 -0.24702 0.00893057 -2760.17 262.323
90 124.639 12.406 454.767 -144.014 22.686 -1.08376 0.0291023 -2904.8 271.404
91 144.582 12.7379 404.681 -104.505 15.0727 -0.483142 0.0129156 -2599.89 254.756
92 116.951 12.992 357.863 -94.2652 13.4554 -0.403747 0.0125439 -2693.04 261.231
93 107.441 16.7505 332.319 -81.3451 11.8163 -0.302459 0.00992149 -2734.6 263.058
94 120.954 12.4969 380.48 -104.095 14.8748 -0.466414 0.0129146 -2705.11 261.665
95 120.954 12.4969 414.788 -105.069 14.29 -0.579565 -0.00460852 -2705.11 261.665
