0 78.8441 9.42264 399.324 -140.011 20.9392 -0.907693 0.0235943 -2875.35 265.071
1 61.136 19.5555 488.353 -164.493 25.3099 -1.27406 0.0340648 -2704.47 255.48
2 109.275 5.90473 450.339 -155.344 23.0426 -1.04064 0.0261533 -2751.86 255.342
3 112.245 3.31814 352.691 -109.39 14.666 -0.43701 0.011287 -2581.75 244.43
4 102.736 6.90418 434.401 -151.208 23.0307 -1.09639 0.028423 -2438.13 235.403
5 130.062 4.26206 313.556 -77.3452 8.85974 -0.00841315 0.000573199 -2574.89 245.79
6 98.2689 6.72015 409.765 -140.435 21.0049 -0.956001 0.025698 -2825.09 259.527
7 152.624 5.04031 348.06 -89.2695 12.2776 -0.330142 0.00982534 -2512.97 242.962
8 107.859 7.73045 420.87 -140.469 21.2797 -0.981427 0.0265431 -2622.15 249.502
9 106.539 7.33895 433.355 -146.09 21.7786 -0.980594 0.0258256 -2815.03 260.554
10 102.377 4.36051 318.846 -95.8935 12.7273 -0.346064 0.0103216 -2828.67 259.192
11 128.91 2.22617 369.451 -110 14.5724 -0.438182 0.0115392 -2615.9 246.703
12 110.004 5.43099 449.133 -159.123 24.715 -1.26452 0.0343158 -2618.17 246.834
13 120.008 13.7867 512.845 -160.921 24.2958 -1.16957 0.0305946 -2526.06 245.964
14 121.34 6.35347 469.075 -161.47 24.9893 -1.25076 0.0326791 -2498.12 238.413
15 138.204 4.91326 290.122 -66.0305 8.30012 -0.0966697 0.00552691 -2814.04 259.322
16 119.292 7.68115 464.187 -159.874 25.4407 -1.34093 0.0360807 -2609.6 246.728
17 143.957 5.84788 411.551 -122.838 18.3954 -0.810661 0.0229524 -2667.8 251.736
18 114.616 7.59242 365.182 -107.206 15.2592 -0.555512 0.0158223 -2605.74 246.287
19 127.322 8.68753 401.53 -119.25 17.5906 -0.703608 0.0188654 -2685.01 253.268
20 95.8495 7.90233 411.302 -142.17 21.8749 -1.0525 0.0282957 -2460.09 235.472
21 131.051 6.1088 456.506 -150.25 23.0607 -1.13239 0.0306011 -2620.47 247.978
22 96.3942 13.7747 255.696 -48.2833 5.42553 0.105109 0.000656814 -2666.26 250.894
23 107.693 7.56455 360.106 -110.346 16.1745 -0.636266 0.0180455 -2781.4 256.35
24 144.439 -1.29681 373.305 -120.2 17.5678 -0.712108 0.0192953 -2702.25 250.558
25 113.403 9.03774 388.96 -118.933 17.5969 -0.716901 0.0194199 -2514.35 241.284
26 120.831 8.08225 398.744 -123.115 18.5611 -0.818603 0.0227622 -2578.93 244.916
27 61.1071 19.7546 382.357 -112.362 16.3351 -0.627881 0.0174161 -2510.73 241.818
28 123.811 8.47897 443.131 -145.086 22.9674 -1.18357 0.0329413 -2916.04 265.402
29 144.353 -3.33705 371.407 -123.802 18.0173 -0.735634 0.0193885 -2615.06 243.516
30 118.355 7.32184 393.134 -120.381 17.5957 -0.72606 0.0202775 -2554.15 243.879
31 47.1758 24.1114 424.798 -133.856 20.3764 -0.921322 0.0248691 -2469.8 241.086
32 75.6254 13.3546 279.67 -72.2859 9.31377 -0.10693 0.0044449 -2745.65 258.031
33 94.3855 9.7771 419.58 -143.125 21.8059 -0.993896 0.026384 -2780.89 261.767
34 67.9618 12.2742 320.907 -100.022 14.0861 -0.422465 0.0118587 -2664.57 253.019
35 84.695 10.408 415.331 -145.741 22.546 -1.06652 0.0283782 -2722.98 255.989
36 90.2123 10.9316 341.84 -103.058 14.968 -0.54096 0.0158642 -2612.4 249.065
37 45.6772 13.7189 287.243 -93.4144 13.3969 -0.400418 0.0121122 -2833.59 264.138
38 112.42 5.90426 377.208 -120.088 17.5852 -0.720109 0.0202162 -2449.01 238.634
39 68.7923 12.2811 333.323 -106.371 15.2129 -0.492303 0.0131123 -2675.06 253.252
40 49.3798 14.3988 186.729 -20.2924 -1.91059 0.758309 -0.0180903 -2591.84 242.279
41 60.0185 17.1159 171.992 -13.6088 -1.37073 0.668145 -0.0150699 -2699.32 253.342
42 58.1302 17.062 145.368 -5.1029 -2.32022 0.721351 -0.0161756 -2592.11 247.329
43 67.2804 12.5442 282.221 -81.4364 11.3358 -0.28781 0.00947979 -2757.71 255.882
44 -83.5123 47.829 158.967 2.19671 -4.00452 0.84542 -0.0192606 -2575.06 246.315
45 70.5848 13.9171 146.903 -7.9093 -1.56249 0.625611 -0.0126089 -2605.02 247.868
46 51.7048 19.3482 79.2069 29.843 -7.99496 1.06013 -0.0224706 -2706.9 255.386
47 86.9699 11.1431 239.895 -51.1353 5.85371 0.0825664 0.000831375 -2687.16 251.191
48 -43.0957 40.1338 424.773 -122.651 16.9926 -0.638178 0.017755 -2647.97 252.437
49 103.498 9.73645 362.834 -109.605 16.1604 -0.639206 0.0185823 -2716.8 254.948
50 67.3523 14.9234 184.388 -23.2674 0.796624 0.46327 -0.00880861 -2612.91 247.444
51 65.8199 13.8077 172.385 -22.6508 0.91945 0.449119 -0.00847898 -2657.57 249.82
52 68.9692 17.703 184.402 -16.089 -0.372801 0.542824 -0.0111651 -2679.26 250.915
53 49.374 13.4723 188.095 -38.0076 3.3261 0.301385 -0.00595016 -2608.22 243.015
54 66.4076 18.4672 247.266 -41.0738 3.26908 0.309701 -0.00565145 -2694.1 251.27
55 49.8053 25.0227 179.776 -5.40471 -2.14369 0.677088 -0.0145679 -2956.36 269.04
56 106.952 8.78132 384.422 -122.437 18.9167 -0.896706 0.0258059 -2740.75 253.622
57 44.3099 19.8838 34.2689 51.623 -12.2218 1.40681 -0.0325008 -2562.36 244.375
58 68.4109 16.8942 199.454 -21.5182 -0.135106 0.572669 -0.01234 -2542.14 243.41
59 17.1011 29.9194 209.462 -22.9454 1.17166 0.390156 -0.00600862 -2984.01 269.737
60 59.2847 19.3898 478.186 -146.776 20.1601 -0.815261 0.0213289 -2748.99 257.131
61 81.3109 12.4149 213.585 -31.4636 1.27211 0.483278 -0.0106919 -2625.56 246.633
62 92.2326 16.1131 184.146 -9.15439 -1.73048 0.689572 -0.0158481 -2490.23 242.07
63 15.5557 30.8115 485.176 -137.863 18.2243 -0.669276 0.0168001 -2514.6 239.467
64 43.9853 18.4441 447.433 -178.522 30.9797 -1.84648 0.055607 -2799.59 281.079
65 115.438 5.80796 446.576 -150.687 22.4826 -1.04269 0.0274422 -2714.49 255.376
66 105.268 6.50486 465.886 -166.601 25.7534 -1.3067 0.035024 -3105.32 278.062
67 110.669 5.09556 478.945 -170.759 25.8333 -1.25875 0.032203 -2774.28 257.337
68 125.12 6.74023 467.782 -157.045 24.0796 -1.17993 0.0314248 -2640.63 251.629
69 98.6728 4.37056 739.318 -323.406 55.364 -3.60399 0.0970289 -3246.01 296.495
70 131.706 1.63499 252.433 -51.2965 4.28085 0.286476 -0.00553132 -2631.27 248.486
71 165.035 4.12905 380.643 -96.4921 12.8443 -0.351202 0.0105744 -2599.06 249.663
72 113.864 6.7964 436.093 -146.097 22.1295 -1.04622 0.0283243 -2741.2 257.589
73 96.9827 7.59309 373.129 -119.88 17.265 -0.671011 0.0183673 -2629.07 248.719
74 110.478 7.22351 434.365 -147.555 22.6679 -1.10051 0.0299891 -2867.27 263.235
75 102.732 7.85075 454.38 -159.748 24.6282 -1.21132 0.0318548 -2800.92 259.635
76 98.6012 9.26976 375.38 -116.931 16.8588 -0.642445 0.0179304 -2990.54 273.478
77 103.686 7.33163 384.395 -124.205 18.4738 -0.807449 0.0229125 -2748.29 255.337
78 130.056 7.97056 407.939 -123.482 18.8459 -0.878444 0.0255893 -3076.42 275.554
79 118.158 6.42518 402.817 -128.677 19.2351 -0.864331 0.02471 -2859.33 264.86
80 102.405 9.74454 353.427 -105.12 15.4773 -0.613068 0.0182786 -2812.03 258.934
81 128.221 5.31821 314.546 -80.7793 10.615 -0.243183 0.00925997 -2692.94 253.904
82 72.7097 15.2622 445.779 -133.378 17.617 -0.626399 0.0166923 -2813 260.766
83 100.7 10.2887 432.395 -141.539 21.1977 -0.961896 0.025508 -2692.9 252.57
84 76.3498 13.9164 173.042 -14.6836 -0.91271 0.605396 -0.0126729 -2776.71 258.201
85 61.0895 11.3208 229.181 -55.1439 5.73569 0.167275 -0.00269249 -2852.94 261.491
86 59.6285 19.175 235.635 -38.0918 2.84497 0.341425 -0.00639434 -2608.42 246.614
87 102.326 7.33307 398.553 -132.527 19.6966 -0.842245 0.022293 -2813.23 260.186
88 86.4359 10.1421 358.117 -114.818 17.0074 -0.687422 0.0191526 -2797.8 258.33
89 95.2729 10.3704 289.681 -73.4585 9.49813 -0.139457 0.00581893 -2590.11 247.418
90 89.0242 11.5537 272.415 -64.492 7.64889 0.0272998 0.00136641 -2717.95 258.261
91 50.4739 13.0206 193.371 -40.7195 3.66885 0.285142 -0.00484431 -2568.33 244.218
92 97.7892 13.2698 230.964 -36.7836 3.28303 0.295049 -0.00493562 -2531.01 243.965
93 107.067 10.7415 343.972 -94.2847 13.0644 -0.378329 0.0116339 -2683.59 255.523
94 90.5382 15.4305 264.133 -55.4436 7.20567 -0.0336005 0.00481783 -2670.76 255.577
95 90.5382 15.4305 454.054 -71.0726 4.37921 -0.182446 0.0228399 -2670.76 255.577
