0 103.314 9.93524 428.932 -143.146 21.9017 -1.01683 0.0276787 -2683.77 256.683
1 85.6865 17.5157 472.517 -155.362 24.2298 -1.17991 0.0310269 -2589.04 250.414
2 121.362 9.21605 473.681 -158.44 24.6136 -1.20952 0.0315073 -2698.78 254.272
3 113.913 6.40269 433.673 -146.737 22.1458 -1.00672 0.0260816 -2529.68 243.627
4 110.584 9.16579 433.927 -144.974 22.685 -1.12899 0.0311261 -2909.18 265.856
5 132.39 7.30189 444.829 -140.071 20.7735 -0.895775 0.0231836 -2754.2 259.42
6 104.817 7.57007 482.877 -174.801 27.4336 -1.42312 0.0375798 -2571.44 247.858
7 108.575 8.83238 437.998 -147.427 22.6959 -1.08207 0.0286222 -2480.08 240.956
8 78.67 11.0842 336.08 -105.475 15.3318 -0.556463 0.0159913 -2753.63 257.262
9 100.021 14.2554 239.06 -37.5704 3.36045 0.303878 -0.00554093 -2548.69 246.239
10 95.4617 9.09404 394.514 -131.479 20.035 -0.916371 0.0252034 -2563.54 244.269
11 109.357 6.20333 374.257 -119.779 17.689 -0.746513 0.0211007 -2637.61 248.166
12 91.3869 8.55327 392.838 -133.787 20.4702 -0.963494 0.0272931 -2544.9 245.032
13 99.1562 8.73088 391.041 -127.74 19.1115 -0.82786 0.0227617 -2623.17 249.54
14 96.3308 10.8992 316.413 -86.3453 11.8985 -0.309466 0.00962354 -2738.06 256.802
15 85.818 18.1149 292.884 -66.3205 9.31288 -0.19791 0.00887729 -2748.15 259.062
16 95.8672 6.10995 410.839 -147.564 22.9875 -1.14848 0.0312052 -2643.19 247.126
17 97.5732 11.2574 403.107 -132.587 20.605 -0.958771 0.026397 -2455.27 240.828
18 38.2917 23.8709 385.051 -117.953 17.5338 -0.709554 0.0196291 -2517.77 244.907
19 79.6376 10.2438 342.542 -110.598 16.3495 -0.643598 0.018328 -2705.85 252.2
20 106.667 6.15919 302.571 -86.8974 12.0715 -0.319444 0.00966651 -2372.8 233.286
21 97.3111 11.3926 318.999 -88.6221 12.8452 -0.418346 0.0135197 -2439.36 238.941
22 70.3488 10.2219 322.99 -106.816 15.8119 -0.601172 0.0171044 -2736 254.738
23 104.083 8.94167 360.034 -109.912 16.3491 -0.673458 0.0198299 -2715.28 254.063
24 61.7044 15.3608 347.068 -109.324 16.1976 -0.638753 0.0183529 -2570.18 244.624
25 67.7679 17.3002 181.594 -18.7019 0.471067 0.468784 -0.00916257 -2596.7 245.26
26 97.2359 15.6423 190.795 -11.7437 -1.06346 0.616117 -0.0132824 -2589.58 248.416
27 66.5483 16.9774 116.59 13.5456 -5.31408 0.88462 -0.0191415 -2574.74 245.031
28 91.5453 16.904 219.089 -20.4901 -0.0390082 0.529827 -0.0106129 -2663.14 250.696
29 48.7283 18.9593 75.4359 26.8361 -7.06057 0.975586 -0.0204572 -2497.34 241.146
30 56.2543 17.1148 149.698 -10.7922 -0.590605 0.524372 -0.0100023 -2610.4 245.668
31 74.0955 16.452 193.366 -25.3386 1.88893 0.35504 -0.00554709 -2662.38 251.858
32 97.1608 15.4398 302.644 -74.1916 10.6364 -0.239724 0.00825843 -2902.47 270.338
33 31.2651 28.6785 536.419 -190.824 30.9372 -1.69532 0.0449787 -2774.25 263.214
34 132.702 11.4945 453.959 -137.993 20.9502 -0.918021 0.0241829 -2767.96 263.639
35 101.592 16.5506 378.278 -107.818 16.6472 -0.686045 0.0196408 -2940.33 271.378
36 131.468 12.6713 360.833 -88.648 12.5785 -0.370199 0.0117587 -2932.72 272.223
37 129.206 18.2809 268.663 -33.2257 3.37727 0.273745 -0.00376078 -2691.95 261.222
38 135.593 11.1227 487.893 -156.723 25.1571 -1.34148 0.0375048 -2948.04 271.602
39 103.127 17.632 286.562 -58.6089 8.11114 -0.0806969 0.00525708 -2963.99 275.262
40 114.933 19.6716 236.021 -22.4184 1.99422 0.322571 -0.0042098 -2747.18 260.83
41 131.757 13.5077 436.407 -129.838 20.5446 -0.961232 0.026821 -2760.72 262.666
42 112.566 13.4523 353.459 -99.02 15.5586 -0.660538 0.0204664 -2573.83 249.705
43 -17.2916 39.552 307.368 -77.2809 11.8258 -0.401968 0.0137793 -2941.8 268.725
44 105.156 14.6063 401.857 -124.953 20.1857 -0.9848 0.0280603 -3016.41 275.18
45 102.4 16.4176 286.348 -60.7373 8.34844 -0.0954833 0.00555755 -2908.62 271.968
46 184.38 2.59413 481.485 -153.062 24.8307 -1.31614 0.0361961 -2703.6 257.369
47 143.732 12.0685 408.122 -110.63 17.0444 -0.735178 0.0212795 -2695.92 256.278
48 102.214 18.5144 132.753 19.4515 -5.19992 0.833142 -0.0166757 -2689.7 257.358
49 116.426 12.2859 403.534 -121.962 19.0956 -0.889481 0.0257097 -2731.85 258.024
50 84.4051 20.0724 284.108 -56.9632 7.51788 -0.0569039 0.00461351 -3138.59 280.394
51 122.607 21.1104 162.632 22.9154 -5.98262 0.876271 -0.0171175 -2582.57 253.221
52 102.07 21.3416 168.733 10.171 -3.61628 0.689093 -0.0124031 -2739.67 260.576
53 130.112 14.9332 360.57 -88.0371 13.1815 -0.444445 0.0139653 -2647.53 255.641
54 97.088 19.5219 133.222 24.9523 -6.94525 0.972374 -0.0202028 -2553.96 249.111
55 49.2238 30.6666 173.026 6.40315 -3.05851 0.651939 -0.0114731 -2771.81 261.738
56 110.69 18.3159 267.864 -30.2564 1.62787 0.390992 -0.00666612 -2852.13 263.923
57 105.64 21.934 169.384 10.2815 -3.26951 0.656831 -0.0116758 -2520.93 247.22
58 111.241 19.9453 150.205 25.7729 -7.68222 1.10872 -0.0255985 -2761.49 262.809
59 78.0071 20.4709 144.995 6.9273 -2.90639 0.626687 -0.0105998 -2848.59 264.476
60 128.801 21.0551 185.592 13.787 -4.41619 0.785112 -0.0155851 -2578.35 252.944
61 84.3381 19.3602 215.562 -20.822 0.692434 0.449742 -0.00818593 -2741.64 256.966
62 97.0978 20.5291 144.68 17.3236 -5.08369 0.840766 -0.0174774 -2614.57 252.362
63 116.87 17.9791 239.895 -24.6115 1.85588 0.365866 -0.00618666 -2741.3 260.333
64 99.656 7.86179 360.635 -111.177 15.8183 -0.586251 0.0166993 -2800.72 258.319
65 81.6697 9.94671 295.989 -84.2834 11.3687 -0.277755 0.00916115 -2833.6 261.206
66 68.0476 12.6502 311.315 -94.7235 13.3833 -0.406099 0.0126116 -2820.36 263.927
67 39.7901 20.2965 49.0515 47.0756 -11.6395 1.32331 -0.0285502 -2737.08 256.764
68 52.4082 14.67 440.826 -136.081 16.7318 -0.45749 0.00955898 -3030.8 270.976
69 78.489 8.81815 302.789 -92.3253 13.1399 -0.466005 0.0153954 -2904.59 263.63
70 47.54 13.3592 178.689 -37.1696 3.97646 0.159535 0.000712046 -3197.94 281.632
71 50.6827 16.721 187.667 -22.7778 -0.161396 0.566095 -0.0116659 -2589.32 245.89
72 47.6188 15.5021 147.07 -12.245 -1.16606 0.591117 -0.0112854 -2941.44 267.585
73 38.7757 15.7751 117.489 -2.53317 -2.49625 0.646884 -0.0118455 -2763.51 254.833
74 51.4712 15.1866 184.564 -26.9853 1.00214 0.446396 -0.00782163 -2736.42 253.944
75 49.5248 13.3094 220.111 -55.326 6.53055 0.0531318 0.00143893 -2848.11 261.259
76 52.6667 16.8057 117.794 11.2865 -5.80107 0.953071 -0.0205736 -2791.97 259.966
77 48.7334 19.9793 320.101 -76.3008 8.74369 -0.0740064 0.00430226 -2929.33 265.59
78 43.108 18.2717 161.655 -8.10332 -2.82863 0.753345 -0.0164774 -2897.94 262.831
79 57.8051 14.4502 144.699 -8.96019 -1.58671 0.608121 -0.0121821 -2732.84 252.174
80 55.1036 12.5805 217.429 -43.9408 3.42144 0.291059 -0.00451638 -2820.36 256.782
81 47.3097 16.5963 149.776 -11.9878 -0.995762 0.562892 -0.0107715 -2768.43 254.932
82 72.6213 15.5695 156.151 -2.53671 -3.07892 0.735788 -0.015202 -2772.64 257.449
83 71.4557 15.4359 230.588 -38.0217 2.66023 0.357245 -0.00643039 -2745.44 255.775
84 58.6437 16.2051 239.407 -51.0507 5.64486 0.101334 0.0011155 -2787.81 260.57
85 63.6356 16.8026 186.03 -19.3312 -0.114269 0.525623 -0.00996987 -2683.68 251.993
86 79.4117 15.3836 276.75 -56.5441 5.61392 0.179386 -0.00278013 -2773.25 259.042
87 -86.9083 45.7118 231.863 -41.1711 3.78269 0.256391 -0.004031 -2864.12 261.385
88 34.1473 15.7587 96.1105 11.4636 -6.09036 0.991276 -0.0221256 -2575.92 244.883
89 59.3227 15.516 215.525 -39.857 3.3709 0.30275 -0.00495915 -2786.28 258.537
90 53.0603 14.2525 195.569 -38.5 3.57105 0.260861 -0.00394665 -2624.68 246.462
91 84.8692 11.3717 369.912 -111.567 15.3723 -0.523293 0.0144315 -2923.46 265.511
92 70.627 16.0051 205.698 -27.4322 1.20599 0.448707 -0.00835016 -2820.46 261.314
93 72.8083 18.388 159.282 2.34709 -4.08727 0.851649 -0.0190185 -2631.04 251.855
94 64.6966 17.7544 159.857 -6.69859 -1.72817 0.606618 -0.0113445 -2720.27 254.282
95 64.6966 17.7544 140.658 -9.11674 -2.03227 0.568377 -0.0161593 -2720.27 254.282
