0 80.8728 8.68476 412.923 -147.235 22.1674 -1.0006 0.0261224 -2692.8 253.523
1 79.7036 7.65256 454.114 -173.374 27.3609 -1.43561 0.0383955 -2638.47 249.845
2 85.2642 6.63689 515.22 -204.144 32.4304 -1.73443 0.0436116 -2654.26 250.042
3 95.9378 3.4008 387.487 -139.485 20.6267 -0.89085 0.0234162 -2702.56 253.27
4 167.602 -4.93084 525.84 -201.33 32.8251 -1.86054 0.0487262 -2538.84 241.394
5 72.3817 12.1708 355.972 -118.196 17.8438 -0.739814 0.0202871 -2735.6 255.12
6 86.2054 8.29481 466.502 -176.311 28.0002 -1.46998 0.0383565 -2542.73 242.566
7 55.8531 13.5607 294.44 -92.8879 13.5476 -0.437196 0.0126143 -2437.68 235.559
8 56.2537 13.388 263.689 -77.1133 10.7308 -0.236049 0.00776589 -2482.28 238.883
9 51.7067 13.4677 225.504 -58.3209 7.10429 0.0460622 0.000624764 -2566.52 245.475
10 70.0972 8.84745 429.448 -164.347 25.9021 -1.31443 0.0342238 -2818.52 257.861
11 31.4458 15.8033 242.493 -75.3849 10.728 -0.240367 0.00802893 -2681.24 251.642
12 46.2928 13.1095 230.108 -63.8893 8.07911 -0.0272294 0.00203412 -2387.97 231.436
13 103.457 5.77643 277.227 -80.0883 11.6222 -0.329631 0.0107866 -2520.42 241.542
14 102.837 8.91511 406.365 -133.878 20.1518 -0.873214 0.0225657 -2492.35 240.627
15 99.0043 7.22322 381.407 -128.132 19.5309 -0.882606 0.0239565 -2400.8 232.523
16 36.6282 18.8607 123.45 -4.39154 -1.39275 0.549567 -0.00975433 -2529.63 240.047
17 78.4252 16.1923 240.502 -47.7544 5.84807 0.0765204 0.00102448 -2517.95 242.528
18 80.8025 11.6697 323.821 -97.98 14.1298 -0.459261 0.0124704 -2466.74 237.587
19 45.2997 13.1716 263.58 -82.653 11.5922 -0.287056 0.00850176 -2638.2 246.118
20 73.1611 14.1513 196.877 -29.5092 1.98125 0.387746 -0.00781887 -2666.86 247.833
21 81.8841 9.53392 356.209 -119.427 18.1067 -0.777687 0.0214362 -2500.86 239.041
22 63.1805 10.6561 325.084 -110.098 16.3327 -0.630941 0.0174327 -2591.77 244.301
23 63.9242 12.2613 260.731 -75.4334 10.9083 -0.311172 0.0108039 -2573.3 242.326
24 71.7042 13.5674 282.466 -80.2814 11.8402 -0.375913 0.0128483 -2726.5 254.07
25 66.9947 14.4493 284.804 -82.881 12.3059 -0.379771 0.0117386 -2664.49 249.638
26 84.2776 11.9649 342.76 -105.714 15.5872 -0.569006 0.0155769 -2578.29 245.039
27 89.8497 11.3534 381.67 -124.706 19.0045 -0.81754 0.0219471 -2456.56 238.395
28 104.036 12.2151 272.969 -56.2358 6.28046 0.130934 -0.00271941 -2375.99 232.149
29 78.6831 9.9173 369.514 -125.375 18.7761 -0.788079 0.0207893 -2684.51 249.924
30 39.8532 17.448 171.112 -31.3552 3.24791 0.255285 -0.00315396 -2681.9 251.462
31 37.7025 19.2123 97.6023 14.291 -5.68156 0.947298 -0.0217336 -2444.03 235.198
32 126.585 7.45663 457.219 -151.491 23.1647 -1.0857 0.0283617 -2538.11 246.497
33 109.572 6.36322 454.832 -159.925 24.4669 -1.18275 0.0308444 -2772.96 257.746
34 118.774 8.23906 437.544 -141.643 21.1544 -0.931609 0.0250964 -2706.08 259.166
35 35.1701 27.0164 427.143 -122.161 16.8491 -0.575183 0.0149683 -2575.81 250.291
36 131.459 2.43694 411.241 -133.332 19.2157 -0.789156 0.021065 -2530.27 243.914
37 48.184 21.5064 415.927 -132.888 20.4356 -0.976698 0.0277508 -2825.38 261.694
38 112.22 6.6515 404.098 -131.411 19.4183 -0.827808 0.0222071 -2749.05 256.729
39 119.382 7.98824 489.547 -170.406 26.6166 -1.33898 0.0345461 -2630.51 251.253
40 95.3903 8.38261 431.218 -150.91 23.0594 -1.08883 0.0289572 -2523.77 244.875
41 82.7281 10.8301 348.574 -111.232 16.4599 -0.638682 0.0179565 -2608.95 248.334
42 102.63 9.58709 386.051 -120.705 17.6232 -0.687574 0.0186467 -2503.91 243.657
43 134.704 6.70436 377.909 -106.096 14.9798 -0.531589 0.0157358 -2558.51 247.349
44 110.27 7.32233 458.125 -158.393 24.0982 -1.13912 0.0294146 -2705.89 256.008
45 105.727 8.67297 382.9 -121.22 18.1873 -0.781501 0.0218584 -2629.76 249.205
46 147.673 6.19158 510.129 -171.022 26.8852 -1.38756 0.0358297 -2562.04 245.399
47 -254.26 79.9258 236.501 -40.7448 4.41947 0.145008 0.000437774 -2567.65 245.094
48 62.9207 16.5434 179.018 -25.4634 2.25551 0.314523 -0.00466486 -2485.28 239.658
49 113.549 8.56288 500.696 -181.548 29.5254 -1.63119 0.043245 -2545.54 243.457
50 98.1359 8.62208 435.836 -153.375 24.2896 -1.26762 0.0348021 -2595.76 245.706
51 87.0335 8.75555 383.165 -130.758 19.7312 -0.858835 0.0223476 -2715.78 251.495
52 117.454 11.6981 360.239 -98.6663 14.6233 -0.547748 0.0162851 -2826.18 261.199
53 77.9241 14.4787 252.331 -57.6638 7.37595 -0.00922074 0.00263212 -2573.71 247.239
54 109.181 10.6532 374.042 -111.591 16.6607 -0.669611 0.0187005 -2735.94 255.36
55 -41.0177 44.4041 514.049 -172.218 27.7676 -1.50625 0.0402908 -2191.36 223.36
56 128.947 10.4732 338.123 -84.2213 12.1915 -0.401379 0.012944 -2603.04 245.42
57 87.1062 16.0621 229.824 -38.9654 4.44378 0.1622 -0.000854516 -2750.77 256.462
58 96.8083 8.93093 391.807 -129.166 19.4402 -0.857504 0.0235067 -2605.5 247.43
59 108.81 12.6997 286.002 -61.7651 7.89532 -0.0494804 0.00387916 -2645.35 252.035
60 83.2811 10.1575 337.173 -104.578 14.9347 -0.517359 0.0150538 -2592 248.187
61 120.957 6.92034 422.407 -139.182 21.778 -1.08891 0.0301636 -2618.72 245.531
62 76.586 13.4646 209.719 -35.6303 3.00599 0.313411 -0.00551072 -2713.37 252.679
63 122.991 12.1577 252.928 -36.6444 3.06841 0.316592 -0.00584033 -2591.06 247.672
64 97.0961 6.80756 248.452 -65.3423 9.0111 -0.194371 0.00887194 -2423.97 234.036
65 97.7338 6.08496 249.287 -69.7564 9.91357 -0.247474 0.0102559 -2920.84 266.375
66 90.6911 8.80555 394.419 -131.815 19.4186 -0.817029 0.0221847 -3213.29 284.429
67 96.7813 5.30766 325.066 -101.935 14.0981 -0.440362 0.0124673 -2653.46 249.464
68 53.5338 15.059 187.247 -22.4316 -0.910451 0.678846 -0.0158966 -2731.24 254.16
69 95.8706 5.38028 91.9753 7.01363 -3.37132 0.656306 -0.0114921 -2821.99 255.828
70 127.941 3.6071 354.971 -107.798 15.6662 -0.618233 0.0186435 -2483.96 240.233
71 94.3499 10.4776 226.702 -43.318 4.47608 0.190644 -0.00247444 -2581.33 242.477
72 69.3998 10.2957 417.535 -133.265 17.2482 -0.555812 0.0131598 -2622.75 244.944
73 97.1575 9.18067 222.591 -45.0171 4.98279 0.150068 -0.000913869 -2632.38 248.616
74 -91.7789 46.6108 532.499 -159.888 19.7976 -0.626503 0.0131673 -2592.46 246.619
75 46.7673 21.6586 364.781 -98.123 12.7521 -0.339632 0.00993604 -2584.42 244.359
76 87.0115 11.2018 253.95 -54.0621 5.5793 0.153606 -0.00181235 -2600.86 246.903
77 133.021 7.43256 181.939 -19.5991 2.04705 0.253891 -0.00192636 -2544.05 241.539
78 -194.728 68.1313 83.8256 29.2707 -6.46081 0.84245 -0.0153973 -2676.75 250.52
79 102.564 2.89653 335.104 -102.822 13.3375 -0.381283 0.011146 -2697.49 249.218
80 143.968 0.993173 417.427 -122.03 15.6875 -0.496528 0.0127474 -2575.74 242.515
81 82.2549 6.39499 356.937 -122.741 18.1381 -0.785197 0.02208 -2835.19 257.622
82 -242.652 72.0536 387.798 -105.628 12.334 -0.225612 0.00477124 -2488.15 233.312
83 61.0663 17.6506 347.914 -81.9791 8.36183 0.0537415 -0.00184087 -2446.06 232.979
84 150.332 0.214066 420.361 -117.327 13.9123 -0.30026 0.0065209 -2556.49 241.995
85 182.772 -0.17268 525.39 -156.862 21.1635 -0.832643 0.0196845 -2613.89 246.332
86 76.4903 10.6658 456.377 -147.116 19.6003 -0.734672 0.0180517 -2661.61 247.872
87 87.1334 12.9523 265.941 -50.9313 4.33838 0.275901 -0.00568513 -2531.48 241.329
88 91.8651 12.3449 517.955 -161.709 21.3441 -0.797597 0.018347 -2567.35 243.341
89 71.9891 12.1042 250.888 -52.1113 4.18713 0.32908 -0.00766887 -2514.27 240.267
90 49.5401 15.5272 410.705 -127.612 16.6682 -0.556752 0.0144975 -2726.04 252.359
91 56.6267 22.4452 501.143 -144.278 18.3836 -0.587254 0.0131697 -2421.41 236.92
92 86.3598 13.0086 509.203 -156.512 20.357 -0.738805 0.0169673 -2551.72 241.775
93 57.6243 21.2984 448.642 -117.828 13.1949 -0.171733 0.00187679 -2556.29 244.721
94 91.7224 10.7086 612.255 -205.352 28.0165 -1.24351 0.0286829 -2577.44 243.279
95 91.7224 10.7086 640.232 -206.309 27.5586 -1.32347 0.0175301 -2577.44 243.279
