0 120.985 13.2175 -71.1121 124.102 -24.4347 2.25358 -0.0520525 -2712.35 261.269
1 129.086 14.1665 252.042 -37.1678 4.75287 0.104833 0.00180754 -2691.62 257.224
2 110.784 11.9663 30.6648 62.5879 -13.2206 1.43232 -0.0321183 -2685.92 255.176
3 114.497 13.5312 -53.6184 106.769 -20.1352 1.85045 -0.0400655 -2710.65 260.424
4 135.078 13.9242 138.339 22.5377 -5.60529 0.830631 -0.0159736 -2845.44 265.918
5 141.179 11.3631 358.721 -91.2224 14.2905 -0.59917 0.019966 -2791.24 266.524
6 117.352 13.4645 423.998 -135.73 22.9889 -1.2868 0.0379761 -2712.24 257.379
7 126.693 13.0694 125.664 22.6673 -5.94177 0.889114 -0.0179674 -2514.53 247.542
8 62.3822 22.2463 -132.664 146.04 -27.9756 2.48754 -0.0578328 -2821.16 264.482
9 121.03 13.7432 -134.824 153.291 -28.6846 2.50505 -0.0580606 -2720.91 257.77
10 139.365 14.2114 1.69033 92.9501 -17.8427 1.71456 -0.0378576 -2721.24 260.826
11 103.251 14.1342 74.7312 38.2216 -8.2272 1.01259 -0.0198754 -2844.7 266.684
12 123.342 12.4335 311.294 -74.1599 11.2996 -0.380577 0.0139316 -2519.75 246.078
13 152.722 13.6689 373.024 -90.4126 14.78 -0.674445 0.0222316 -2711.73 260.488
14 116.285 16.9254 202.868 -12.9211 0.673477 0.381335 -0.00494056 -2596.63 251.066
15 120.772 16.8551 289.832 -57.1898 9.08136 -0.28363 0.0132529 -2851.17 267.499
16 113.957 12.783 27.3451 62.9468 -12.0874 1.23908 -0.0248972 -2747.96 258.24
17 139.893 13.0953 366.953 -92.3276 14.4703 -0.597733 0.0190812 -2506.91 247.055
18 135.012 13.9415 320.809 -71.3376 11.1705 -0.390131 0.0146201 -2787.94 262.447
19 126.141 16.022 241.823 -30.6116 3.99012 0.125328 0.00221432 -2470.54 245.192
20 116.387 14.1115 145.351 10.536 -3.5161 0.677617 -0.0124788 -2701.08 254.632
21 130.64 14.7136 227.613 -21.9474 1.94354 0.317513 -0.00404617 -2666.14 255.618
22 146.136 15.5136 -49.2081 123.545 -22.7737 2.02088 -0.0441932 -2655.18 257.927
23 137.754 14.5937 82.0248 51.4909 -10.2964 1.14803 -0.0234556 -2640.31 255.247
24 128.575 14.4114 310 -68.3666 10.6821 -0.355282 0.0135285 -2735.29 258.906
25 126.979 18.0619 203.274 -6.42484 -0.188603 0.427528 -0.00562096 -2551.12 249.961
26 114.114 16.0715 162.641 4.5103 -2.48979 0.624321 -0.011125 -2657.07 255.617
27 139.054 8.93819 154.693 2.36041 -1.668 0.523027 -0.00764118 -2776.94 261.948
28 116.965 14.3566 128.4 20.5562 -5.40984 0.824111 -0.0158181 -2644.46 254.164
29 134.938 15.0373 201.918 -9.01849 0.346316 0.374964 -0.00400138 -2663.27 256.377
30 134.108 15.3133 280.93 -49.0164 7.3256 -0.114568 0.00812649 -2633.18 255.767
31 117.909 12.3242 267.969 -59.3572 9.28498 -0.272517 0.0124714 -2609.11 253.315
32 42.6875 14.9239 -22.4068 56.074 -10.8764 1.16573 -0.0227455 -2883.17 266.142
33 26.0937 18.7076 216.445 -63.587 9.88065 -0.280418 0.0116742 -2849.8 264.066
34 46.3211 15.9922 52.994 24.3942 -5.79511 0.845879 -0.0158798 -2863.92 265.349
35 10.7155 22.1692 -72.6203 86.7147 -17.3277 1.73022 -0.0390619 -2635.6 252.996
36 9.57239 22.9254 8.50541 48.6786 -10.6249 1.21193 -0.0252449 -2828.26 263.079
37 46.7587 18.6876 -77.4707 96.5223 -18.4875 1.7716 -0.039119 -2818.5 264.462
38 54.1886 16.7527 198.206 -42.9955 6.18186 -0.0452122 0.00693732 -2857.95 264.902
39 30.4236 22.4257 -55.8983 83.5608 -15.5398 1.48811 -0.0302626 -2775.52 261.836
40 8.88495 24.0156 -88.0975 101.977 -20.5485 1.98681 -0.0465698 -2812.83 260.124
41 37.2411 24.5128 -100.439 122.828 -24.0743 2.2281 -0.0515528 -2760.42 262.504
42 47.1179 20.3078 -148.705 137.81 -25.8953 2.30237 -0.0521917 -2910.48 270.021
43 9.14362 22.9061 511.454 -224.823 39.3165 -2.25984 0.0493084 -2324.58 205.21
44 43.5449 19.5455 -52.5877 86.6352 -17.1909 1.6991 -0.0383321 -2680.26 254.779
45 26.2432 20.7064 -107.885 104.398 -19.6047 1.83442 -0.0403177 -3080.31 280.242
46 36.5527 20.3931 -162.483 138.647 -25.8928 2.29525 -0.0519626 -2656.72 253.877
47 32.8147 21.2749 25.4436 45.5943 -9.55894 1.09748 -0.0222621 -2932.01 267.038
48 74.8998 11.2075 -59.9451 82.4587 -15.6512 1.5159 -0.0321661 -2806.73 259.636
49 74.7975 12.266 518.868 -211.074 34.5711 -1.73025 0.0318021 -376.57 85.3812
50 30.7986 20.6832 -85.2608 94.9375 -17.6581 1.65706 -0.0350537 -2848.52 265.509
51 15.8897 23.7853 -71.5054 91.8337 -17.8938 1.739 -0.0390671 -2506.68 243.201
52 4.79624 20.2361 -21.1928 51.6799 -10.6423 1.19253 -0.0247436 -2815.6 260.829
53 22.0712 21.892 -74.4171 90.263 -17.2434 1.64669 -0.0350672 -2934.63 270.335
54 -4.07777 21.1267 -14.1955 46.0111 -9.59454 1.10733 -0.02248 -3121.94 278.193
55 23.9733 20.1435 -136.758 118.864 -22.3463 2.02316 -0.0452299 -2881.29 264.125
56 8.74819 20.7171 -42.7224 69.1036 -14.1095 1.44047 -0.0311289 -2696.38 249.949
57 1.12234 23.2258 -99.2348 94.4121 -17.8137 1.68788 -0.0361606 -2849.71 264.216
58 22.1765 21.1042 -17.2739 58.1213 -11.2457 1.19652 -0.0237703 -3016.7 273.674
59 40.6968 16.596 31.1669 34.6137 -7.44793 0.92942 -0.0175283 -2736.43 255.965
60 46.5677 16.576 49.6381 26.8212 -5.97388 0.836957 -0.0156667 -3107.16 277.985
61 18.6745 22.3706 -37.6542 78.1844 -16.2809 1.64859 -0.0368612 -2809.89 261.716
62 34.048 19.0389 -31.4571 65.7815 -12.459 1.2732 -0.0251223 -2809.09 263.217
63 60.329 18.3246 198.011 -37.7363 5.47102 0.0101844 0.00549236 -2987.36 274.184
64 70.1823 19.6596 195.726 -21.3285 1.38945 0.369249 -0.00511479 -2844.89 265.966
65 88.5237 22.1095 198.434 1.14715 -4.12662 0.876734 -0.0194395 -2699.18 262.492
66 54.8472 22.4116 155.663 -4.85119 -1.29855 0.577769 -0.0101701 -2956.94 274.909
67 66.3516 20.9223 175.277 -1.94393 -3.60814 0.854202 -0.0198672 -2875.03 268.814
68 79.0055 18.4879 359.85 -92.5877 12.3595 -0.327859 0.0103688 -3168.94 284.248
69 102.335 16.9593 286.725 -56.1977 7.4696 -0.088135 0.00694338 -2826.13 265.373
70 61.899 20.8545 168.873 -11.7485 -0.031278 0.473691 -0.00708354 -2903.06 272.569
71 69.9696 22.4116 109.907 30.2603 -8.06556 1.08477 -0.0229171 -2886.46 272.404
72 85.3536 21.7372 207.138 -12.8989 -0.500186 0.548266 -0.00952897 -2757.63 265.557
73 87.7315 20.4624 152.918 18.2106 -6.88116 1.06 -0.0246885 -2850.15 265.961
74 75.1726 19.1805 199.935 -16.7313 -0.412827 0.566352 -0.0111626 -2875.91 268.366
75 101.854 18.3975 252.808 -39.4325 4.97173 0.0874188 0.00262183 -2978.84 275.803
76 62.8768 23.0011 156.649 3.98985 -3.3033 0.733923 -0.0146075 -2880.43 268.245
77 69.5613 19.6472 114.113 17.3286 -5.16469 0.837005 -0.0167283 -2619.66 251.657
78 56.4353 21.8033 208.785 -32.1067 3.55615 0.191327 9.62879e-05 -2668.07 255.601
79 47.2213 21.4761 160.855 -8.84864 -1.02136 0.540315 -0.00875671 -2977.89 273.654
80 95.4602 20.1879 232.595 -31.3039 4.16346 0.102128 0.00298522 -2639.1 255.346
81 67.2847 21.6373 137.327 10.7643 -4.13496 0.76151 -0.0146268 -2848.92 266.23
82 80.3851 22.6153 156.658 14.2989 -5.55097 0.921833 -0.0195005 -2823.44 267.873
83 113.218 19.33 267.207 -27.6976 1.01023 0.49029 -0.00981388 -2785.17 264.298
84 87.9663 15.9528 182.13 -16.5162 0.64245 0.430222 -0.00683655 -2951.16 272.35
85 55.2546 23.7981 50.9269 49.3613 -10.2973 1.18397 -0.0247636 -2697.44 258.662
86 37.6813 22.3591 84.7847 21.9138 -6.02223 0.927787 -0.019258 -2694.71 258.712
87 56.1954 24.2814 38.0842 53.552 -10.5113 1.18915 -0.024615 -2663.94 258.766
88 88.1258 24.2762 115.565 39.669 -9.56615 1.19345 -0.0258626 -2894.35 274.215
89 94.2668 19.4816 201.127 -10.5598 -0.955316 0.579782 -0.010725 -2888.39 272.136
90 72.7796 22.9215 106.603 32.0782 -8.22348 1.12036 -0.0245848 -2798.04 267.697
91 61.2416 21.9758 77.5828 36.5564 -8.46372 1.08472 -0.0229925 -2539.21 248.366
92 76.5608 21.4524 106.193 33.187 -8.74805 1.16494 -0.0261564 -2773.14 263.803
93 78.6973 22.3704 110.835 33.9192 -9.037 1.21767 -0.0277148 -2624.31 258.346
94 38.9247 25.2608 -38.8699 91.1458 -18.0037 1.77977 -0.0401967 -2807.18 267.089
95 37.2529 24.9508 -184.792 112.357 -15.5523 1.73801 -0.0822777 -2807.18 267.089
