0 123.535 8.30356 465.188 -154.114 23.8286 -1.17595 0.0313185 -2834.32 261.917
1 189.606 0.524493 426.535 -112.798 15.0963 -0.482223 0.0129326 -2450.98 238.919
2 159.065 7.55797 508.372 -159.998 24.8175 -1.23618 0.0326674 -2590.07 250.57
3 157.95 6.98461 547.286 -181.192 28.2887 -1.45178 0.0370743 -2749.08 259.627
4 71.1449 26.1848 478.656 -141.233 21.0434 -0.918748 0.0236168 -2475.04 243.473
5 124.233 8.99616 423.009 -129.511 19.0834 -0.780135 0.0198575 -2556.42 244.714
6 154.807 6.97005 483.672 -150.566 22.9772 -1.08211 0.0280728 -2691.64 255.424
7 156.546 5.34647 516.213 -171.619 27.044 -1.41412 0.0372755 -2668.77 252.845
8 143.039 10.2215 478.242 -145.925 22.4293 -1.08004 0.0290217 -2675.9 253.31
9 135.279 8.58863 502.17 -169.835 27.345 -1.48609 0.0404452 -2749.66 257.604
10 162.343 7.16813 480.899 -144.471 22.0195 -1.04266 0.0279496 -2579.52 248.127
11 163.539 5.29112 515.828 -166.578 25.8527 -1.31131 0.0345907 -2607.15 249.567
12 141.118 6.78146 471.997 -152.015 23.3343 -1.1276 0.0295362 -2578.49 245.677
13 112.252 13.8684 275.626 -50.9289 5.79867 0.117925 -0.00129718 -2455.38 238.408
14 2.48203 36.0757 414.54 -117.535 17.8353 -0.77998 0.022086 -2630.98 250.331
15 178.328 6.70681 501.028 -148.286 22.8317 -1.11373 0.0297113 -2455.8 239.289
16 165.971 9.02171 457.236 -128.782 19.8127 -0.918034 0.0249476 -2598.62 247.11
17 181.057 7.31306 486.347 -138.624 21.1129 -0.971656 0.0255446 -2483.78 241.85
18 146.76 12.4925 351.261 -77.4406 11.0109 -0.305337 0.0104979 -2416.53 238.303
19 97.0095 21.8984 507.771 -158.143 25.2752 -1.32311 0.0356259 -2854.2 264.797
20 150.968 11.215 358.507 -79.0785 10.5907 -0.208037 0.00607086 -2443.43 239.075
21 153.647 8.54948 488.537 -153.464 24.4071 -1.26855 0.0345657 -2732.46 257.507
22 129.837 9.70551 408.975 -120.319 18.0907 -0.767631 0.0206019 -2655.4 248.951
23 135.851 11.2877 429.094 -126.909 19.8698 -0.935271 0.025927 -2570.36 247.282
24 128.165 11.3168 349.04 -88.1806 12.8338 -0.433603 0.013781 -2687.03 253.253
25 145.299 11.6799 316.806 -61.1056 7.86442 -0.0698423 0.00451875 -2552.48 244.637
26 127.424 9.94466 390.482 -109.036 15.6158 -0.559025 0.0150108 -2601.52 247.419
27 138.596 10.1109 376.722 -98.5839 14.4171 -0.52885 0.0153233 -2424.47 235.442
28 176.697 8.08507 465.631 -129.558 20.0345 -0.960031 0.0268599 -2721.97 254.917
29 139.613 6.94057 397.091 -113.62 16.5948 -0.66048 0.0183242 -2427.52 236.457
30 160.293 10.4986 399.039 -99.006 14.6056 -0.540367 0.0157867 -2435.58 238.921
31 151.009 12.3792 371.012 -86.4933 12.7862 -0.442631 0.0140329 -2500.33 243.196
32 73.9534 19.5982 173.065 -9.91285 -0.762487 0.585621 -0.0115057 -2700.31 260.933
33 182.018 2.975 224.303 -23.3075 2.0465 0.340702 -0.0044497 -2647.58 258.567
34 139.595 11.3926 465.791 -141.676 21.8607 -1.01206 0.0274276 -2682.49 259.57
35 70.2137 21.0956 193.989 -19.5258 1.11335 0.440209 -0.00836436 -2815.89 265.52
36 111.419 12.5938 364.021 -101.409 14.9383 -0.542073 0.0159201 -2696.44 255.983
37 117.905 14.314 342.04 -82.8748 11.6028 -0.289752 0.00965488 -2768.52 263.451
38 138.251 9.50246 471.982 -149.476 23.3288 -1.14606 0.0309644 -2695.51 257.532
39 128.824 14.7717 341.51 -77.3279 10.8258 -0.238439 0.00838964 -2594.95 253.272
40 113.248 16.8207 190.953 -1.57804 -2.6938 0.715947 -0.0147427 -2468.45 244.86
41 120.958 13.6482 346.612 -86.1976 12.4791 -0.38406 0.0127388 -2740.07 261.718
42 119.178 16.5117 316.202 -67.0244 9.32446 -0.145301 0.00646733 -2865.15 270.923
43 112.499 16.0614 285.754 -55.9537 7.48187 -0.0323608 0.00396367 -2624.02 255.332
44 101.402 16.2845 278.311 -57.888 8.05103 -0.101564 0.00608263 -2760.69 260.534
45 119.488 13.4314 396.642 -115.061 17.9434 -0.796585 0.02308 -2875.87 267.977
46 77.5616 21.2812 155.875 2.88248 -2.65832 0.698713 -0.0141328 -2784.3 264.968
47 160.701 9.4848 485.973 -145.391 22.7512 -1.12369 0.0302691 -2971.65 272.017
48 97.7379 21.7111 104.897 42.1646 -9.72851 1.19214 -0.0268146 -2385.23 237.468
49 108.553 18.4191 239.05 -28.5995 2.63693 0.322271 -0.00531882 -2619.5 252.608
50 150.649 13.4672 371.513 -83.6526 11.7973 -0.299598 0.0091702 -2562.55 250.605
51 159.479 13.1166 402.321 -97.3137 14.6703 -0.556445 0.0168465 -2633.74 254.7
52 89.5553 16.8235 196.576 -19.2807 0.783669 0.468337 -0.0092497 -2755.71 259.316
53 84.2141 19.9715 209.615 -25.9281 3.06838 0.205509 -0.000394725 -2846.16 265.382
54 85.7624 19.3983 110.919 30.5675 -8.21346 1.10567 -0.0245285 -2519.14 246.167
55 131.475 12.0288 412.443 -118.433 18.1688 -0.785882 0.021864 -2742.43 259.392
56 104.673 18.4489 162.594 11.4208 -4.66823 0.824222 -0.0170642 -2828.34 263.689
57 116.238 16.5237 158.506 8.88114 -3.37392 0.710699 -0.0141663 -2524.94 246.945
58 71.8828 24.0823 39.3519 66.6712 -13.7312 1.45219 -0.0321162 -2775.45 262.913
59 118.379 12.6866 322.814 -77.0081 10.7991 -0.265233 0.00964895 -2723.83 258.934
60 96.244 19.4142 151.776 13.9959 -5.05862 0.862747 -0.0183179 -2694.56 256.188
61 113.141 16.3267 217.348 -15.9404 -0.421818 0.599064 -0.0135295 -2724.87 258.621
62 114.03 15.3816 305.076 -64.8958 8.71423 -0.0984527 0.0050368 -2788.46 263.988
63 118.25 15.878 323.005 -72.4798 10.486 -0.264547 0.0097713 -2624.65 252.539
64 97.769 5.13122 372.12 -126.314 18.7561 -0.821476 0.0225296 -2896.5 260.732
65 111.225 5.63717 418.95 -140.21 20.7808 -0.925441 0.0243073 -2639.27 247.227
66 76.1416 7.43785 432.501 -165.696 26.2919 -1.38832 0.0377461 -2743.17 253.959
67 75.0484 7.99666 295.784 -86.6597 10.5595 -0.12638 0.00343605 -2663.24 250.469
68 97.5195 3.16454 379.853 -131.404 19.0797 -0.837518 0.0235578 -3032.44 270.145
69 140.691 -3.66179 154.776 -14.2508 -1.56818 0.640965 -0.0140069 -2397.68 227.562
70 86.2256 4.71068 396.48 -144.758 21.774 -1.00855 0.0262974 -2699.3 247.06
71 76.7215 7.5366 363.569 -128.13 19.4012 -0.88186 0.0242514 -2744.68 251.42
72 35.4937 14.1177 129.703 -11.6456 -1.49559 0.627837 -0.012989 -2855.62 257.613
73 99.2135 2.88972 377.048 -132.547 19.5531 -0.853008 0.0225902 -2659.61 245.998
74 77.5204 6.00177 306.638 -103.167 15.282 -0.638854 0.0194295 -2771.45 250.777
75 74.7744 6.7641 396.582 -146.898 22.3941 -1.06601 0.0288451 -2738.17 254.544
76 97.3235 5.8641 430.721 -156.119 24.3878 -1.25114 0.0335434 -2778.55 252.94
77 87.8542 5.68488 364.027 -124.23 18.1536 -0.762231 0.0209358 -2608.12 244.451
78 95.171 4.49249 247.851 -73.834 10.9792 -0.382976 0.014138 -2700.33 247.175
79 89.0578 9.54769 256.009 -60.1025 7.02497 0.024895 0.00118638 -2658.29 246.529
80 75.3871 7.15764 214.06 -54.1249 6.80866 -0.0345689 0.00446598 -2542.39 237.942
81 71.2107 5.59261 79.386 3.5662 -2.95299 0.627066 -0.0109401 -2713.72 246.649
82 84.1231 7.21858 355.825 -120.708 18.015 -0.78758 0.0226099 -2742.21 254.085
83 177.288 -10.0696 206.53 -47.2007 5.19114 0.134449 -0.000540922 -2642.25 246.434
84 49.0607 11.9727 256.659 -78.853 10.864 -0.255183 0.00867945 -2745.48 253.705
85 79.7024 8.07285 354.545 -120.678 17.9605 -0.761361 0.0207974 -2628.28 243.732
86 85.6426 9.17723 357.265 -117.094 17.4002 -0.71378 0.0196884 -2599.98 245.593
87 69.497 8.89137 365.173 -128.822 19.1375 -0.80649 0.0213924 -2601.21 245.327
88 79.391 11.4414 250.426 -59.9165 7.36019 -0.0132613 0.00287185 -2670.29 249.208
89 81.3273 8.43193 322.238 -103.543 15.1162 -0.563897 0.0159779 -2646.04 246.458
90 49.3407 13.2117 179.787 -35.2109 3.27051 0.238624 -0.00239734 -2694.95 248.214
91 89.451 9.43914 332.782 -101.601 14.6392 -0.520137 0.015185 -2686.02 252.174
92 81.6049 7.70617 302.753 -92.1542 12.6385 -0.373417 0.0113985 -2684.77 248.626
93 57.8931 15.1205 177.001 -24.7457 1.24182 0.415835 -0.00735814 -2581.12 244.265
94 48.9283 14.2804 190.09 -28.2965 0.372158 0.551495 -0.012372 -2459.89 234.546
95 48.9283 14.2804 241.366 -27.2255 -0.0309852 0.454388 -0.0279415 -2459.89 234.546
