0 116.365 20.7844 483.802 -132.916 19.96 -0.896399 0.0249534 -2794.87 263.869
1 186.17 7.06529 466.746 -127.736 19.5278 -0.911122 0.0257387 -2780.41 261.291
2 155.631 5.28528 538.251 -185.279 29.6853 -1.61865 0.0429251 -2715.8 256.311
3 183.382 6.14995 543.02 -168.102 26.0533 -1.31382 0.0344694 -2670.23 256.603
4 164.267 2.67428 435.28 -129.063 18.7737 -0.792011 0.0212096 -2393.94 234.144
5 161.481 6.50071 559.238 -189.467 30.3351 -1.65053 0.043227 -2655.18 253.009
6 168.252 5.84814 537.739 -173.176 26.5306 -1.28646 0.0319683 -2570.65 249.233
7 161.312 12.6943 566.153 -175.795 27.6004 -1.41148 0.0363031 -2722.55 260.204
8 142.04 9.9117 388.712 -104.232 15.3526 -0.581941 0.0169518 -2532.7 245.988
9 46.3606 38.628 333.534 -48.5355 5.60014 0.122328 -0.000300191 -2526.25 251.142
10 145.78 13.2236 332.686 -61.5501 6.99868 0.0871081 -0.00107668 -2532.78 248.068
11 135.455 9.35729 205.327 -15.5443 -0.273568 0.511252 -0.00924889 -2622.31 250.244
12 100.431 18.1176 403.917 -109.563 16.2913 -0.671152 0.0195399 -2723 255.078
13 154.057 11.1607 327.166 -62.0926 7.65697 -0.016601 0.00262868 -2513.82 245.713
14 126.704 10.0944 400.98 -118.811 18.1609 -0.801508 0.0226883 -2587.9 248.163
15 118.167 12.8507 243.876 -36.0165 3.61671 0.219771 -0.00190834 -2720.99 256.378
16 110.138 17.7163 416.522 -113.014 16.9118 -0.70065 0.0198124 -2457.19 241.104
17 153.593 8.36112 444.967 -130.92 20.1876 -0.94458 0.0262655 -2515.19 245.627
18 163.65 8.44506 378.154 -93.3986 13.7268 -0.487514 0.014817 -2363.88 234.963
19 131.283 12.6725 343.432 -78.8242 10.9268 -0.286754 0.00996705 -2721.17 255.226
20 169.53 4.90346 409.212 -116.419 17.9178 -0.786244 0.0218771 -2702.48 253.27
21 138.084 15.3746 279.083 -35.7731 3.26343 0.278332 -0.00448206 -2475.27 242.085
22 151.818 11.2232 401.886 -104.53 15.9898 -0.687945 0.0205386 -2502.9 242.211
23 173.876 7.73976 395.324 -97.1766 14.193 -0.513566 0.0151933 -2596.79 248.378
24 140.548 11.8342 319.562 -66.5045 8.90818 -0.123856 0.00524722 -2375.69 236.059
25 178.218 7.4973 403.477 -98.7652 14.2314 -0.491648 0.0139836 -2743.72 257.729
26 162.346 7.4876 425.585 -117.378 17.5786 -0.753892 0.0213573 -2656.17 251.909
27 177.779 4.58493 433.94 -121.332 18.1109 -0.769365 0.0214309 -2556.6 247.219
28 123.816 15.7851 220.252 -13.2678 -0.51179 0.536777 -0.0107907 -2472.63 239.606
29 167.794 5.70752 434.679 -122.521 18.269 -0.790602 0.0213293 -2670.22 250.146
30 153.462 10.8359 423.444 -113.359 16.8374 -0.660736 0.0174425 -2504.49 243.02
31 204.85 8.14879 502.005 -132.629 20.2023 -0.928122 0.0251241 -2511.63 246.07
32 185.522 3.91036 530.933 -165.19 24.9151 -1.16636 0.0297034 -2690.9 259.345
33 133.164 17.9413 517.898 -142.225 20.197 -0.80159 0.020432 -2710.47 262.345
34 137.914 13.2783 399.697 -99.1841 13.7536 -0.420027 0.012466 -2675.8 257.736
35 172.553 6.03782 505.611 -157.413 24.0566 -1.11527 0.0283541 -2654.87 257.177
36 138.035 9.18489 381.603 -100.672 14.0101 -0.43811 0.012856 -2749.86 260.739
37 156.694 8.05855 586.086 -203.543 32.9348 -1.81923 0.0470481 -3073.01 280.224
38 147.704 7.27232 329.006 -76.2413 9.92886 -0.154285 0.00552808 -2654.43 253.602
39 153.85 10.5445 473.939 -137.251 20.4576 -0.874608 0.0226926 -2613.32 253.026
40 242.531 -7.36854 664.038 -216.683 31.7333 -1.58414 0.0386894 -2665.86 254.028
41 128.559 8.01029 490.822 -167.789 26.3763 -1.34217 0.0355143 -2777.78 262.812
42 124.635 14.4252 482.853 -137.183 19.4255 -0.785041 0.0206055 -2619.66 252.505
43 158.277 7.4014 518.413 -165.234 25.3849 -1.23572 0.0318433 -2642.36 254.429
44 145.827 6.81632 506.974 -170.731 27.1511 -1.43246 0.0381217 -2720.93 257.329
45 161.972 9.1929 349.231 -76.4076 10.3256 -0.204676 0.00747257 -2674.02 257.158
46 159.194 8.76374 527.08 -170.334 27.3508 -1.46747 0.0397643 -2856.92 267.326
47 135.62 13.3084 675.976 -216.433 31.1164 -1.51208 0.036235 -2791.26 260.473
48 149.716 9.9236 489.066 -152.377 23.8927 -1.17662 0.0314416 -2761 262.458
49 123.686 17.4509 515.04 -145.672 20.8422 -0.872917 0.0224455 -2499.7 245.491
50 161.648 6.18273 487.881 -157.752 25.3778 -1.34209 0.0368603 -2800.05 262.145
51 154.445 8.674 410.823 -111.321 16.4071 -0.649334 0.0184257 -2765.1 260.582
52 135.985 9.75224 483.055 -157.132 24.9774 -1.28921 0.0350471 -2702.11 256.79
53 142.986 6.82155 476.049 -155.513 24.3475 -1.23149 0.0333491 -2973.54 272.713
54 126.197 8.82914 388.158 -112.999 16.6003 -0.64928 0.0177452 -2631.13 249.727
55 175.295 9.0015 558.987 -180.896 29.5676 -1.62553 0.0429542 -2637.69 254.167
56 157.463 8.91198 400.986 -104.238 15.4661 -0.633771 0.0194091 -2712.98 256.288
57 141.141 5.90744 463.616 -152.077 23.5496 -1.15137 0.0310235 -2818.23 262.606
58 135.185 9.29158 510.093 -173.621 28.0387 -1.51115 0.0403084 -2649.5 253.333
59 169.437 3.46645 476.343 -143.29 20.8287 -0.899791 0.0234866 -2766.05 259.269
60 156.848 7.53879 473.816 -147.262 23.1316 -1.15269 0.0313467 -2875.45 267.207
61 182.863 8.32954 494.849 -141.748 21.9675 -1.05366 0.0287188 -2763.32 262.546
62 162.976 8.52171 534.623 -173.019 27.8439 -1.50341 0.0404121 -2572.58 249.908
63 157.741 8.04359 563.991 -193.603 31.9495 -1.8452 0.0498374 -2637.59 251.813
64 124.008 3.73142 801.818 -288.929 40.9272 -2.12428 0.0508402 -2689.49 250.384
65 42.9755 20.0877 841.532 -308.533 44.8278 -2.41999 0.0583241 -2975.34 268.125
66 138.244 -1.35095 814.129 -302.88 43.3043 -2.26322 0.0536975 -2702.32 253.899
67 120.409 2.12507 862.666 -327.837 48.1908 -2.67726 0.0652971 -3056.87 271.902
68 154.609 -1.42604 819.117 -297.862 42.6444 -2.23852 0.0530238 -2544.86 241.317
69 -83.7859 41.4067 357.583 -98.6396 12.3559 -0.355202 0.0116031 -2865.11 257.129
70 291.095 -28.2315 723.843 -254.045 35.0092 -1.70238 0.0399113 -2799.91 255.598
71 261.154 -22.5408 552.694 -186.312 25.8368 -1.17606 0.0291276 -2683.11 249.531
72 33.8102 22.9929 781.236 -276.998 39.4414 -2.02651 0.0482218 -2636.53 248.071
73 131.788 1.13913 823.857 -302.521 43.2063 -2.27819 0.0542326 -2858.24 259.6
74 -28.5457 34.4746 647.481 -214.595 29.4868 -1.39918 0.0341031 -2567.92 242.693
75 18.7047 25.8668 642.365 -219.246 31.0376 -1.49841 0.0359406 -2787.53 257.595
76 138.761 1.23423 465.115 -143.877 19.1512 -0.747395 0.0193854 -2749.22 252.848
77 245.829 -19.6115 725.404 -262.937 38.0828 -2.01911 0.0492426 -2859.37 257.913
78 180.365 -9.94277 327.105 -88.4255 10.1138 -0.138086 0.00471858 -2762.43 250.374
79 187.726 -7.75185 622.863 -203.572 26.6192 -1.11513 0.025137 -2448.44 233.349
80 14.4739 28.1419 625.821 -206.868 29.0662 -1.39086 0.0337481 -2849.38 258.724
81 -44.7914 38.1758 757.455 -260.224 36.2735 -1.81251 0.0425514 -2786.97 252.985
82 166.213 -6.82944 681.762 -242.299 33.568 -1.61884 0.0375549 -2753.65 250.932
83 179.725 -9.66288 708.476 -255.83 36.0407 -1.82668 0.0436004 -2902.8 258.434
84 87.7605 4.56554 309.557 -91.9983 11.4848 -0.268269 0.00824461 -2950.32 260.923
85 154.467 -2.3427 396.966 -116.869 15.0138 -0.457847 0.0120959 -2622.82 245.36
86 105.922 3.28501 399.516 -120.934 14.6967 -0.373822 0.00865925 -2561.24 240.276
87 153.51 -0.95625 392.016 -118.86 16.6157 -0.642903 0.0177167 -2855.46 258.878
88 116.134 8.46261 363.056 -104.979 15.394 -0.631285 0.0192849 -2656.1 247.993
89 166.467 -5.47052 521.116 -173.629 24.0526 -1.08919 0.0276673 -2800.15 254.269
90 89.1439 12.3221 391.903 -108.955 13.9268 -0.404124 0.0112412 -2794.48 256.34
91 74.084 8.72198 334.321 -91.6438 9.85415 -0.0470376 0.00142094 -2692.52 249.861
92 106.63 7.60571 344.164 -88.5462 10.0636 -0.0902978 0.00258215 -2828.56 258.412
93 148.215 -3.52928 397.205 -124.969 16.6306 -0.582368 0.0160301 -2807.22 258.891
94 138.958 -0.225855 313.34 -86.8797 11.3482 -0.286199 0.00922311 -2800.05 254.961
95 138.958 -0.225855 -674.063 121.982 8.36073 -1.91465 0.0727654 -2800.05 254.961
