0 82.1625 18.1458 475.412 -135.015 17.5729 -0.580809 0.0148933 -2608.86 253.073
1 48.1604 24.8248 646.324 -210.059 29.4708 -1.38758 0.0338463 -2860.16 265.545
2 129.502 4.75239 572 -184.689 24.6881 -1.02103 0.024768 -2711.3 256.675
3 139.575 3.15593 389.234 -112.468 15.2577 -0.529648 0.0156266 -2764.25 258.289
4 134.062 7.06783 474.348 -140.337 18.8889 -0.700309 0.0178881 -2698.67 255.523
5 150.415 4.16063 296.15 -66.0855 8.24766 -0.0658442 0.00445485 -2644.35 252.334
6 136.742 7.66296 390.567 -101.219 12.8884 -0.312952 0.00898385 -2623.31 250.707
7 275.655 -18.0444 491.905 -146.143 20.0391 -0.805783 0.0214184 -2712.61 258.16
8 104.454 15.2812 393.669 -94.6541 11.0711 -0.143371 0.0043254 -2575.77 249.857
9 57.7455 24.9724 504.631 -139.567 17.9875 -0.611756 0.0154497 -2598.92 250.824
10 -39.4366 43.7659 615.343 -189.99 26.4432 -1.2 0.0293956 -2896.63 267.132
11 124 13.7154 490.419 -131.316 16.7821 -0.541522 0.014409 -2810.47 265.096
12 99.4179 13.57 639.292 -212.861 30.5755 -1.53491 0.0386078 -2850.21 261.048
13 108.24 12.8597 453.155 -126.302 16.5219 -0.560491 0.0152018 -2503.37 244.069
14 158.969 6.41568 440.056 -129.096 19.6663 -0.913738 0.0258615 -2663.39 253.639
15 121.382 5.51763 467.362 -163.393 25.892 -1.40376 0.0387735 -2755.05 254.416
16 150.268 8.30907 372.15 -96.3034 14.2445 -0.548946 0.0171654 -2741.74 257.638
17 115.793 14.0486 276.654 -48.4418 5.48758 0.10462 0.000261942 -2437.74 237.807
18 106.165 13.302 305.21 -62.7918 7.10317 0.0194889 0.00188842 -2620.51 247.217
19 182.646 1.15808 365.675 -84.5588 10.2838 -0.15551 0.00529081 -2612.11 249.013
20 127.419 12.3587 223.815 -25.6148 2.44005 0.244335 -0.000882384 -2687.22 255.91
21 148.604 9.33069 364.586 -85.0895 11.2146 -0.251453 0.00803025 -2892.9 267.479
22 161.538 2.11771 414.561 -113.36 14.6715 -0.421793 0.0107253 -2512.41 240.872
23 172.431 -0.615062 522.537 -162.784 22.6187 -0.984929 0.0247313 -2576.54 243.643
24 112.82 18.5268 374.275 -86.1178 12.0642 -0.373033 0.0125119 -2621.14 250.838
25 134.023 8.8369 367.452 -97.6961 14.0451 -0.504464 0.0153477 -2525.67 242.94
26 116.792 8.56729 341.507 -94.7482 13.7186 -0.504188 0.0159177 -2693.25 251.637
27 136.864 9.42047 316.853 -70.304 9.25843 -0.159832 0.00714959 -2780.02 261.813
28 139.969 4.59262 342.696 -89.7727 12.2352 -0.377931 0.0118078 -2531.81 238.6
29 133.925 10.3806 320.844 -61.9039 6.54099 0.0766519 0.000713096 -2627.16 250.061
30 118.343 9.31968 396.175 -118.206 17.2195 -0.670737 0.0181864 -2716.09 256.595
31 149.41 3.8728 448.239 -144.054 22.1337 -1.07654 0.0297245 -2628.33 250.989
32 110.132 10.8063 447.362 -142.982 21.3033 -0.944452 0.0249562 -2701.97 256.621
33 122.121 8.76544 437.981 -138.943 20.9026 -0.943253 0.0256093 -2689.91 256.335
34 131.705 8.08526 478.915 -157.116 24.1805 -1.1843 0.0320324 -2778.52 262.566
35 12.9914 27.1597 439.003 -145.744 22.0381 -1.02383 0.028532 -2771.28 263.953
36 117.685 3.59624 401.483 -136.566 20.5437 -0.938453 0.0266625 -2886.42 268.448
37 94.6672 7.52215 415.99 -143.94 21.4649 -0.959736 0.0261963 -3158.69 286.79
38 128.261 8.08871 371.452 -100.968 13.8105 -0.432368 0.0133097 -2848.7 265.09
39 95.872 9.23094 409.571 -138.353 21.1177 -0.980778 0.027063 -2781.46 260.982
40 111.834 8.07506 414.723 -134.398 20.1755 -0.903771 0.0250148 -2655.98 253.446
41 113.012 8.49924 427.091 -138.139 20.4266 -0.865589 0.0230379 -2690.59 258.331
42 -44.2088 40.2138 273.125 -54.8529 6.28833 0.0660193 0.00178306 -2847.55 264.874
43 155.144 8.31697 478.034 -144.59 22.0035 -1.0211 0.0270547 -2515.73 246.507
44 115.684 7.35047 506.932 -182.977 29.0473 -1.55685 0.0416243 -2626.89 252.516
45 102.653 8.48866 429.937 -146.063 22.3169 -1.05995 0.0287551 -2887.54 265.59
46 110.275 9.74179 429.041 -139.43 21.1778 -0.967691 0.02637 -2940.03 270.496
47 101.082 6.1457 392.764 -130.041 19.0259 -0.823546 0.0227903 -2714.22 252.909
48 72.0349 13.5707 290.188 -82.6344 11.8683 -0.339945 0.0114912 -2817.83 262.031
49 104.965 8.60215 414.809 -137.302 20.7859 -0.94501 0.025694 -2927.34 269.245
50 133.834 9.74604 442.434 -135.781 20.7558 -0.941307 0.0251747 -2872.36 266.623
51 144.699 4.4587 443.929 -144.011 22.3765 -1.10501 0.0305863 -2684.61 254.141
52 106.759 12.1554 344.664 -93.777 13.5821 -0.471363 0.0151887 -2721.02 258.166
53 40.7658 28.2599 433.421 -134.074 21.2912 -1.07526 0.0311174 -2722.55 258.14
54 97.1834 11.6447 349.562 -101.995 14.8852 -0.545932 0.0163405 -2717.88 256.391
55 82.7897 12.3002 348.231 -109.934 16.8128 -0.717508 0.02134 -2746.92 257.454
56 83.2954 12.0879 219.712 -40.86 4.31547 0.152366 6.36739e-05 -2803.82 257.005
57 94.6099 12.3407 335.112 -97.5114 14.8155 -0.601321 0.019143 -2720.54 256.587
58 109.257 9.53226 422.578 -140.017 22.0983 -1.11988 0.0316411 -2888.34 264.171
59 125.647 10.2272 410.804 -121.381 18.1734 -0.778508 0.0222407 -2654.85 254.202
60 114.518 13.0125 217.198 -18.3121 -0.598216 0.604891 -0.0129382 -2606.22 250.372
61 -17.4128 38.2985 328.072 -80.9346 11.1543 -0.295505 0.0101964 -2651.55 251.106
62 92.3867 17.0467 210.52 -24.1551 1.78865 0.357289 -0.00484319 -2792.32 263.616
63 118.596 10.7017 398.604 -118.933 18.1777 -0.823017 0.0237974 -2849.15 262.98
64 71.3634 15.2344 192.785 -25.3548 0.940035 0.50161 -0.00992331 -2742.45 261.992
65 81.6509 12.5755 294.952 -80.1279 10.9966 -0.256256 0.00930139 -2828.02 264.316
66 78.168 11.2326 407.4 -144.314 22.6049 -1.10687 0.0314035 -2987.86 276.722
67 57.7218 13.2006 331.037 -111.318 16.7726 -0.677723 0.0202982 -2948.42 272.8
68 94.8829 10.766 403.675 -132.801 20.1499 -0.900654 0.0253032 -2946.39 272.801
69 63.9974 12.5444 260.027 -69.074 8.58452 -0.0527883 0.0037344 -2701.35 255.562
70 57.9098 9.69719 413.79 -161.701 25.9783 -1.40256 0.0395466 -3194.02 283.48
71 54.2561 17.6601 118.504 6.31254 -3.85196 0.778952 -0.0158975 -2730.8 256.853
72 34.8754 20.703 66.9521 30.1077 -7.77402 1.01022 -0.0194481 -2827.67 265.919
73 49.3365 14.8503 214.014 -38.5171 2.02549 0.447186 -0.00884386 -2821.76 262.368
74 39.1523 17.7769 154.998 -21.8294 1.62535 0.334611 -0.00329084 -3081.05 279.489
75 9.84594 25.4933 42.4131 38.0829 -8.85339 1.11383 -0.0227271 -2958.2 275.855
76 22.8365 18.398 78.8323 13.9612 -5.4452 0.899936 -0.0188613 -3000.7 271.375
77 41.5366 17.4052 117.801 -0.0565496 -2.64609 0.666285 -0.0123703 -2870.64 264.795
78 74.5786 9.73287 374.834 -131.161 20.1662 -0.953475 0.027741 -2925.47 267.791
79 60.1142 12.5097 273.412 -81.575 11.8095 -0.38986 0.0141729 -2781.86 257.41
80 71.5803 11.7215 311.565 -98.0058 14.6993 -0.572799 0.0180887 -2758.21 258.817
81 76.0693 14.0927 264.402 -65.4601 8.87538 -0.149018 0.00706647 -3030.6 273.526
82 37.4246 15.8504 155.786 -24.988 1.53752 0.401767 -0.00690177 -2688 252.586
83 77.6968 17.7375 178.209 -11.4046 -0.760505 0.550962 -0.0100413 -2910.97 268.982
84 60.3565 19.436 193.678 -26.4103 2.1107 0.363059 -0.00588129 -2978.81 273.138
85 71.4776 13.8719 287.305 -73.7249 9.1608 -0.091959 0.00492304 -3073.6 280.762
86 34.0284 17.7597 110.497 3.03913 -3.71274 0.790713 -0.0163939 -2787.16 260.451
87 -89.7566 43.6122 81.919 24.0278 -7.40619 1.06021 -0.0234438 -2922.1 267.262
88 29.9562 20.2268 63.8477 27.4318 -7.48982 1.03839 -0.0223105 -2691.53 254.047
89 77.0226 21.0501 194.887 -6.85125 -2.39694 0.728821 -0.0156306 -2735.12 260.445
90 62.1846 17.8075 138.279 -0.226902 -2.65521 0.705324 -0.0143419 -2537.8 247.132
91 66.0231 17.7817 206.663 -32.1941 2.69141 0.353512 -0.00681029 -2686.42 254.846
92 38.5043 18.2417 114.714 3.51657 -3.75558 0.800276 -0.0164371 -2803.84 262.695
93 75.8275 16.3964 277.519 -55.8303 5.34629 0.22331 -0.00403711 -2623.58 251.621
94 51.4039 18.4717 151.031 -9.50237 -1.13967 0.597565 -0.0117544 -2865.24 266.401
95 27.8882 14.1106 150.425 -11.392 -1.58002 0.519268 -0.0242419 -2865.24 266.401
