0 125.647 8.95104 323.127 -73.4788 8.58791 -0.0310397 0.00256748 -2493.08 243.372
1 94.2199 17.9969 291.253 -48.449 4.14828 0.290571 -0.00587487 -2340.81 233.465
2 99.5977 7.46168 439.223 -154.032 23.5751 -1.14282 0.030768 -2730.14 257.495
3 141.376 6.14502 488.506 -159.396 24.0986 -1.14333 0.0293649 -2885.48 265.216
4 146.025 7.68685 405.481 -113.457 16.6431 -0.678566 0.0196242 -2722.71 256.757
5 144.904 6.50185 484.939 -156.284 23.7655 -1.13027 0.029576 -2474.32 242.797
6 147.763 6.1925 425.859 -126.248 18.6844 -0.797042 0.0218549 -2665.94 252.551
7 150.239 6.55955 376.512 -96.7774 13.1204 -0.377506 0.0108587 -2472.83 240.283
8 156.681 3.02308 352.527 -84.7223 9.97597 -0.097696 0.00303713 -2667.27 252.258
9 139.695 6.67602 434.462 -130.405 18.9691 -0.799724 0.0218807 -2594.9 248.527
10 68.2348 24.9665 300.729 -50.8882 5.16855 0.183715 -0.00302958 -2613.06 249.163
11 154.38 5.01641 422.358 -119.208 16.5517 -0.580645 0.0146124 -2396.88 234.828
12 141.812 5.84848 455.104 -142.418 21.2962 -0.987463 0.0266459 -2527.94 242.624
13 147.872 4.56339 344.706 -84.1998 10.2576 -0.11922 0.00312088 -2589.02 246.53
14 152.221 4.82395 359.651 -89.7105 11.5734 -0.254646 0.00723438 -2938.49 266.397
15 150.61 5.62973 385.98 -102.892 14.3013 -0.495813 0.0144036 -2650.55 249.188
16 149.838 9.27972 380.003 -95.5858 13.6424 -0.45364 0.0134047 -2585.36 247.477
17 148.436 4.0867 390.438 -114.031 16.9339 -0.725198 0.0208957 -2545.36 242.403
18 133.133 10.186 425.128 -121.444 17.7823 -0.74084 0.0202109 -2616.97 247.652
19 35.5061 30.2223 411.724 -108.392 15.3574 -0.569879 0.0165193 -2729.46 255.347
20 107.117 11.6055 257.474 -49.91 5.77308 0.0863365 0.00106937 -2547.19 244.951
21 165.008 8.02981 454.948 -126.874 18.7367 -0.797133 0.0216207 -2667.75 253.061
22 133.168 6.61983 340.743 -88.0667 11.9037 -0.334628 0.010987 -2698.32 252.588
23 180.417 6.58156 360.433 -79.9494 11.2751 -0.314222 0.0103473 -2573.99 247.227
24 132.976 7.93033 349.888 -89.808 12.3296 -0.363481 0.0110799 -2650.37 247.294
25 116.81 8.28399 408.889 -130.434 20.0158 -0.937372 0.0259011 -2499.04 239.793
26 150.877 8.01703 395.431 -106.525 15.6472 -0.611058 0.0174751 -2701.36 253.698
27 149.907 8.84242 388.127 -99.5819 14.0843 -0.464569 0.0130705 -2671.44 252.902
28 204.948 -3.04048 393.74 -104.04 14.8809 -0.553334 0.016519 -2506.18 241.958
29 152.521 6.93026 456.869 -138.44 21.1393 -1.00219 0.0275989 -2364.5 235.431
30 155.765 6.2819 434.374 -122.799 17.3797 -0.641109 0.0163092 -2546.25 244.798
31 113.573 7.94945 311.014 -81.101 10.762 -0.228938 0.00783107 -2657.29 250.645
32 112.57 22.3791 70.3163 71.0551 -15.2098 1.60745 -0.0377211 -2560.98 248.307
33 151.569 10.0076 446.237 -126.439 18.7344 -0.761216 0.0199513 -2473.85 244.489
34 152.911 10.1947 447.588 -127.347 19.244 -0.830469 0.0223492 -2517.79 246.572
35 172.767 8.53507 538.07 -168.086 26.6021 -1.37469 0.0358402 -2429.14 240.1
36 177.696 11.4208 395.887 -84.386 11.5104 -0.265234 0.00780085 -2403 240.555
37 174.277 6.59684 532.23 -167.455 26.1403 -1.32059 0.0339779 -2415.63 238.145
38 113.191 16.9521 175.359 7.17597 -4.2859 0.835886 -0.0193894 -2524.49 241.443
39 167.833 10.4697 466.31 -129.667 19.904 -0.902435 0.024861 -2610.77 253.13
40 115.959 17.3844 207.919 -10.9399 -0.362805 0.507284 -0.00963738 -2604.77 249.119
41 171.631 11.3327 383.706 -82.911 11.2114 -0.209136 0.00583291 -2543.41 250.477
42 44.3236 33.7846 461.815 -126.146 18.7536 -0.76928 0.0200476 -2231.69 229.24
43 144.883 12.1278 400.459 -104.018 15.3478 -0.557654 0.01517 -2393.39 237.202
44 136.165 19.3424 188.835 12.5438 -4.35574 0.796751 -0.0171517 -2577.33 249.131
45 159.555 13.575 332.045 -59.7627 8.04411 -0.0900387 0.0047336 -2655.99 252.672
46 167.023 13.703 386.798 -84.2702 12.4507 -0.402538 0.0120234 -2565.93 245.748
47 159.072 9.64561 419.901 -112.129 17.0654 -0.742599 0.0204986 -2574.45 242.484
48 118.299 22.6747 101.539 53.4772 -10.9173 1.20138 -0.0255886 -2433.48 239.431
49 76.136 23.1764 277.796 -66.5229 11.5086 -0.442967 0.0193139 -2743.93 278.523
50 146.188 17.1001 274.001 -31.6593 3.68566 0.185615 -0.00106579 -2561.33 248.538
51 103.426 23.0103 287.476 -59.6586 10.5994 -0.395513 0.0182958 -2759.31 278.534
52 139.485 21.4484 160.483 35.0573 -8.36426 1.06662 -0.0242669 -2209.68 222.675
53 114.606 20.2702 125.656 33.7078 -7.50437 0.965203 -0.0196354 -2337.65 234.678
54 123.539 19.6835 117.906 43.774 -9.92373 1.18862 -0.0265114 -2484.64 243.265
55 153.623 15.6119 305.217 -45.4455 5.72426 0.0684171 0.00111381 -2478.9 242.404
56 113.844 22.082 89.9637 58.1387 -12.0461 1.28362 -0.0277862 -2656.41 250.972
57 104.771 21.6042 -7.93971 101.105 -19.6781 1.86274 -0.042647 -2464.5 240.673
58 158.86 19.7487 153.073 42.1945 -9.12335 1.07965 -0.0230343 -2386.5 235.808
59 132.564 21.0151 100.982 60.8493 -12.904 1.38241 -0.0308891 -2394.44 237.137
60 116.419 21.1412 90.7585 55.202 -11.3856 1.24665 -0.0272173 -2401.04 236.158
61 123.989 18.1428 129.942 34.5664 -8.26625 1.04339 -0.022524 -2547.54 244.162
62 121.186 21.0994 68.8447 68.3047 -13.7627 1.42912 -0.0316555 -2608.52 249.711
63 180.736 16.6225 260.591 -5.19664 -1.6036 0.612349 -0.0132951 -2355.75 234.893
64 74.0279 13.0467 256.371 -63.721 8.2156 -0.0593298 0.00369851 -2651.75 250.244
65 113.896 10.9526 346.628 -90.6545 12.1722 -0.284257 0.00770393 -2574.06 246.043
66 53.0797 21.5028 51.779 47.6 -10.9922 1.29595 -0.0291544 -2541.65 245.976
67 75.8433 15.0322 240.013 -50.6922 6.05245 0.0935541 -0.000207125 -2574.55 245.771
68 76.8705 20.4549 142.217 12.302 -5.022 0.889569 -0.0196174 -2710.29 256.702
69 144.819 5.67615 430.598 -128.016 18.6145 -0.778237 0.0204921 -2626.39 246.557
70 67.5219 19.4835 69.8663 45.6301 -11.5502 1.39998 -0.0336971 -2285.11 228.467
71 65.641 20.2063 122.987 16.3414 -5.74029 0.937467 -0.0218964 -2580.25 242.743
72 93.5323 21.0578 156.034 23.6976 -8.10703 1.14912 -0.0269996 -2523.8 245.1
73 59.7541 19.0825 76.2475 34.9017 -8.94321 1.13718 -0.0251883 -2556.06 243.396
74 85.7718 18.1776 175.067 -5.90928 -1.56918 0.611315 -0.0126371 -2545.95 244.128
75 82.158 16.3359 218.563 -35.9569 4.01937 0.194869 -0.00183102 -2526.57 242.963
76 46.8164 24.7401 96.7308 34.0163 -9.03341 1.15907 -0.0260344 -2504.49 243.205
77 95.6913 15.5563 211.452 -22.3908 0.906351 0.436642 -0.00836453 -2443.07 236.322
78 54.4513 21.5284 88.8181 33.4327 -8.80529 1.12047 -0.0245889 -2657.18 249.326
79 106.993 14.6154 250.778 -42.5754 4.97717 0.136194 -0.000543255 -2450.09 239.88
80 82.116 17.0876 240.916 -34.6326 2.20415 0.38434 -0.00787064 -2485.27 237.289
81 98.1977 18.5982 194.382 -9.33156 -0.514964 0.477623 -0.00810436 -2451.92 237.358
82 97.6366 19.1904 153.96 14.7965 -5.26769 0.856383 -0.0182647 -2444 237.258
83 77.3222 22.5748 173.347 3.20369 -3.10971 0.694303 -0.0143579 -2643.69 248.321
84 98.4429 18.0671 213.528 -17.4449 0.052096 0.534199 -0.0115314 -2541.76 244.825
85 72.515 18.9893 150.508 3.2828 -3.40121 0.759214 -0.0170471 -2421 234.184
86 49.1013 22.2632 68.2559 35.3099 -8.08638 1.04113 -0.0222629 -2740.84 256.979
87 -19.7894 35.9769 122.219 15.1018 -5.53497 0.92024 -0.0209085 -2456.68 238.165
88 81.8295 19.7047 137.573 14.7685 -5.26258 0.885391 -0.0190775 -2734.7 258.975
89 57.0219 21.8524 115.029 12.9985 -3.7559 0.693761 -0.0132805 -2707.91 252.228
90 66.58 19.1497 158.289 -5.4489 -1.59948 0.618063 -0.0120189 -2623.77 253.02
91 112.053 19.0445 221.695 -7.73122 -2.09442 0.684167 -0.0150306 -2451.45 238.851
92 85.6959 16.2456 246.601 -47.0562 5.65865 0.097165 0.00043547 -2718.96 255.097
93 90.9685 19.1872 160.528 6.76227 -3.93254 0.804313 -0.0177435 -2562.93 247.091
94 107.08 15.6029 285.151 -51.895 5.66845 0.136007 -0.00134236 -2667.36 252.575
95 107.08 15.6029 264.906 -54.6482 5.29401 0.0850825 -0.00826803 -2667.36 252.575
