0 154.069 6.9291 441.494 -129.08 19.1861 -0.831347 0.0223554 -2614.1 248.612
1 125.372 10.0014 417.951 -113.279 15.0824 -0.499148 0.0140882 -2612.65 247.702
2 120.942 5.72781 438.673 -130.219 16.827 -0.54668 0.013839 -2490.03 239.961
3 121.2 14.5837 354.17 -80.0166 10.6218 -0.250944 0.00903724 -2638.75 249.468
4 125.249 14.3662 305.038 -54.1868 6.17161 0.0594081 0.00143012 -2500.79 241.481
5 228.286 -6.21354 501.182 -140.728 18.6985 -0.666909 0.0157483 -2534.59 243.127
6 166.418 8.69124 363.833 -76.4821 9.6759 -0.153319 0.00563375 -2405.65 236.634
7 149.355 4.88305 477.005 -152.033 22.9266 -1.09159 0.0284571 -2465.02 238.086
8 171.743 4.41457 344.852 -73.2133 8.72657 -0.0694621 0.00337589 -2602.45 246.18
9 108.31 15.3123 545.542 -162.528 22.3955 -0.95308 0.0234186 -2400.62 233.025
10 55.3093 26.4114 346.552 -73.5119 8.92057 -0.0992318 0.00433975 -2600.64 246.531
11 139.32 10.4422 396.747 -98.0422 13.0484 -0.389832 0.0109536 -2901.65 264.065
12 133.349 8.10738 241.044 -37.3691 3.71745 0.198327 -0.00181943 -2325.47 226.73
13 153.639 6.22905 388.328 -103.992 14.8833 -0.544475 0.0150641 -2360.64 229.621
14 130.448 6.53333 358.167 -102.142 15.1407 -0.614207 0.0183218 -2532.67 240.186
15 148.074 6.34352 264.889 -46.3655 5.18662 0.107122 0.000121865 -2504.13 238.652
16 154.12 7.41619 365.304 -80.7776 9.62729 -0.119175 0.0036244 -2348.1 227.931
17 123.393 10.5808 381.691 -92.2166 11.1201 -0.207474 0.00600909 -2344.43 228.967
18 31.5061 30.1606 404.795 -108.447 15.5507 -0.600372 0.0167386 -2402.36 232.434
19 150.496 7.4815 449.664 -136.411 21.0555 -1.00218 0.0271174 -2678.35 252.025
20 140.998 8.14312 331.909 -74.6585 9.55407 -0.178882 0.00698358 -2568.49 242.415
21 151.197 6.00424 310.077 -62.8963 7.06942 0.0484712 -0.000392926 -2378.81 229.73
22 132.088 7.48962 230.052 -35.451 3.62843 0.191072 -0.00156473 -2454.24 233.581
23 189.761 -2.31022 320.091 -76.0147 10.3142 -0.258746 0.00977116 -2557.55 243.549
24 153.55 6.76161 363.611 -89.3542 12.2449 -0.361083 0.01103 -2402.65 233.16
25 161.232 6.66441 337.208 -72.2946 9.3081 -0.165002 0.00617747 -2526.4 238.447
26 148.741 5.94332 414.566 -119.844 17.7595 -0.769714 0.0213745 -2367.69 229.995
27 153.139 6.75413 369.834 -94.9817 13.6841 -0.495118 0.0146909 -2432.69 234.291
28 44.8038 28.4395 303.81 -60.1059 7.96002 -0.11484 0.00591456 -2460.16 235.695
29 169.48 4.64408 298.358 -55.0608 6.26142 0.069407 0.00044893 -2477.8 238.976
30 147.817 6.64261 267.847 -46.8205 5.28552 0.0975648 9.48864e-05 -2564.73 240.011
31 172.153 4.93687 297.938 -58.4393 8.22796 -0.188224 0.00878894 -2477.28 236.107
32 72.7675 11.1967 416.089 -150.337 23.0217 -1.0396 0.0266913 -2577.8 250.823
33 139.072 3.09658 468.808 -159.916 23.8706 -1.04773 0.0253985 -2602.19 251.175
34 93.7117 12.1955 411.559 -135.145 20.4446 -0.866479 0.02241 -2549.95 248.59
35 120.823 8.43905 463.243 -156.303 24.0974 -1.14336 0.0299274 -2561.57 249.373
36 92.7001 10.0234 367.359 -115.491 16.5784 -0.582063 0.0149594 -2717.89 255.244
37 116.817 8.97853 495.889 -174.044 27.3722 -1.3843 0.0357282 -2540.34 247.83
38 102.303 10.1229 396.236 -124.184 18.0503 -0.696858 0.0181833 -2767.73 259.328
39 129.114 9.54266 502.366 -168.85 26.3353 -1.30657 0.0339147 -2772.98 263.894
40 89.0749 9.86691 429.721 -152.528 23.8476 -1.1752 0.0319299 -2627.3 251.384
41 109.327 9.52089 444.859 -151.029 23.4079 -1.113 0.0294809 -2800.06 263.122
42 76.6057 13.2603 366.442 -121.15 18.6448 -0.794372 0.0217807 -2640.1 252.19
43 84.6484 9.42074 437.939 -160.552 25.3517 -1.28682 0.0342673 -2640.93 250.819
44 75.2163 15.3612 457.199 -157.007 24.1701 -1.1483 0.029414 -2505.28 243.652
45 80.9749 8.03843 418.64 -155.885 24.6419 -1.26194 0.0341705 -2859.49 261.642
46 76.635 13.4609 281.418 -74.5619 9.98707 -0.15405 0.0056505 -2660.67 253.514
47 112.148 8.12433 397.465 -124.599 18.2985 -0.749069 0.0201525 -2475.3 240.956
48 100.437 18.6456 230.15 -28.9195 2.83233 0.312759 -0.00495137 -2640.11 255.9
49 105.169 7.59393 496.804 -183.797 29.2349 -1.54672 0.0402077 -2694.77 254.531
50 78.3096 10.7147 388.919 -136.149 21.1849 -0.998111 0.0272233 -2811.65 259.763
51 106.579 9.29091 453.425 -157.088 24.7221 -1.24876 0.0336066 -2685.69 254.327
52 30.1706 17.3172 148.169 -24.933 2.33074 0.28214 -0.00302063 -2535.55 241.236
53 77.661 21.4753 328.87 -81.5635 11.7366 -0.304693 0.00957784 -2797.64 263.394
54 87.2649 9.86168 392.686 -135.479 21.1174 -1.00791 0.0278456 -2544.3 244.52
55 70.425 16.4134 225.056 -44.9862 5.46178 0.112766 0.000463189 -2561.62 248.43
56 82.7619 13.5142 281.341 -72.6838 10.139 -0.222058 0.00844133 -2702.36 253.878
57 91.6612 18.1378 348.61 -89.7592 12.796 -0.363203 0.0101909 -2609.72 249.416
58 72.2336 15.5306 268.726 -69.2748 9.77393 -0.181239 0.00700962 -2799.29 261.73
59 112.849 11.5337 377.111 -109.43 16.2832 -0.6375 0.0183327 -2578.37 248.952
60 24.9317 23.3685 318.919 -97.7106 14.639 -0.530729 0.0155003 -2752.4 256.299
61 108.13 11.7991 311.358 -74.6972 9.3705 -0.0619404 0.0019195 -2458.51 240.626
62 55.6727 18.9612 318.295 -92.5347 13.7061 -0.468742 0.0140168 -2791.15 259.738
63 72.8679 13.4501 313.013 -95.5101 14.4809 -0.559439 0.0175103 -2819.65 261.008
64 210.328 6.60824 463.826 -108.306 14.96 -0.517338 0.0148498 -2624.03 254.165
65 167.74 14.0614 404.985 -80.0066 9.91696 -0.144814 0.00512508 -2628.09 252.777
66 184.373 2.716 553.948 -181.593 28.5136 -1.50846 0.0391892 -2529.46 243
67 183.454 7.2546 441.246 -112.922 16.5294 -0.682051 0.0201916 -2534.05 246.653
68 138.342 21.6623 403.96 -77.2921 9.5427 -0.112253 0.00404671 -2661.67 256.028
69 59.4012 34.6223 463.203 -99.194 12.4374 -0.333106 0.00988097 -2482.72 239.375
70 190.687 8.18134 382.634 -77.3019 10.159 -0.205708 0.00733586 -2537.39 245.599
71 196.003 6.38726 572.138 -179.084 28.9968 -1.62671 0.0439576 -2356.67 234.395
72 186.058 9.06939 412.055 -88.1343 11.4807 -0.27283 0.00838635 -2546.27 245.555
73 205.183 5.28002 507.527 -143.049 22.4734 -1.15848 0.0320266 -2359.66 232.786
74 183.529 6.26527 469.79 -131.569 20.1793 -0.957278 0.0259593 -2454.52 236.782
75 193.597 7.8876 456.467 -115.525 17.036 -0.688986 0.0188846 -2355.51 235.618
76 179.171 7.8715 449.887 -118.554 17.5345 -0.727391 0.0192898 -2637.59 247.99
77 159.988 10.8343 459.757 -123.745 18.3473 -0.796804 0.0216402 -2435.02 236.94
78 195.384 7.36782 352.406 -59.6487 6.79579 0.0435268 0.000341341 -2206.19 222.075
79 189.512 5.49368 386.788 -92.0961 13.4315 -0.460012 0.0136813 -2503.88 242.69
80 184.084 12.0381 503.047 -132.103 20.0434 -0.925965 0.0247711 -2557.19 245.323
81 204.569 7.56955 500.44 -133.995 20.7237 -1.00262 0.0275643 -2532.99 244.341
82 227.415 6.58627 514.572 -131.594 20.2034 -0.9617 0.026593 -2395.01 237.976
83 192.933 6.92237 479.083 -131.161 20.4006 -1.00176 0.0278988 -2555.18 244.307
84 174.816 10.2217 458.057 -119.417 17.8583 -0.769177 0.0210838 -2486.29 241.038
85 172.052 8.49945 492.824 -144.864 22.6082 -1.1184 0.0297597 -2533.41 243.057
86 170.732 10.197 432.178 -110.499 16.5007 -0.671956 0.0188947 -2441.41 239.597
87 171.765 10.8871 456.351 -119.493 17.944 -0.767524 0.0209534 -2537.65 245.833
88 185.639 10.9911 398.174 -83.2317 11.634 -0.318649 0.00972247 -2383.62 236.425
89 170.438 11.5807 298.633 -37.7301 3.57004 0.240376 -0.00346048 -2469.67 239.931
90 149.175 13.062 358.603 -77.686 10.7546 -0.251694 0.00829183 -2587.14 247.941
91 146.573 13.2214 291.051 -43.3043 4.60568 0.186761 -0.0025007 -2497.31 241.993
92 146.555 16.1413 224.707 -3.72457 -2.14718 0.653343 -0.0137972 -2516.78 243.717
93 185.956 9.31131 457.342 -115.884 17.0999 -0.692068 0.018806 -2509.66 243.952
94 129.851 23.4712 408.639 -87.1588 12.4049 -0.360182 0.010999 -2529.52 248.739
95 133.863 24.2152 411.092 -86.7039 12.4892 -0.344536 0.0139006 -2529.52 248.739
