0 184.508 -10.0477 433.801 -146.994 20.7184 -0.83855 0.0217967 -2996.18 274.248
1 64.4784 11.9744 290.798 -78.3542 8.9809 -0.0103716 0.00111974 -2878.51 265.327
2 109.555 3.76498 371.731 -120.178 16.5485 -0.556261 0.0146977 -2644.74 252.897
3 91.9162 10.1821 367.609 -115.973 16.9207 -0.657411 0.0186513 -2626.99 251.094
4 94.9779 7.77843 372.826 -123.089 18.3881 -0.806358 0.0233883 -3206.27 284.526
5 85.1175 12.8812 376.225 -105.301 13.2773 -0.297272 0.00760771 -2670.66 252.97
6 113.642 -0.727397 430.724 -159.947 23.817 -1.11908 0.0290213 -3016.53 269.757
7 112.277 6.94223 540.123 -203.283 32.5223 -1.77269 0.0459672 -2989.76 273.147
8 57.2544 5.46561 453.544 -191.481 30.7371 -1.69531 0.0453624 -2662.83 249.181
9 87.7695 6.43939 403.855 -146.615 22.4497 -1.06533 0.0285784 -2864.42 263.102
10 104.988 5.14074 401.974 -137.715 20.3937 -0.883611 0.0232863 -2685.39 252.428
11 110.669 7.75203 464.41 -161.655 24.9923 -1.23549 0.032644 -2640.55 251.871
12 120.796 7.63988 349.25 -94.1671 12.4122 -0.303455 0.00869035 -2666.92 251.402
13 100.956 5.72253 343.34 -102.313 13.0028 -0.280013 0.00726239 -2672.55 254.057
14 96.7205 6.93908 433.615 -154.612 23.6938 -1.14475 0.0306456 -2810.44 261.437
15 75.7207 5.18105 452.801 -182.497 29.3274 -1.61471 0.0434571 -2767.16 255.082
16 100.618 5.3866 452.554 -169.557 26.9119 -1.41131 0.0376708 -2938.39 267.093
17 94.2327 5.96649 344.498 -116.075 17.2669 -0.704384 0.0198446 -2614.5 248.209
18 69.024 10.7924 417.424 -155.186 24.4168 -1.20582 0.031506 -2824.41 259.484
19 98.9929 6.78317 466.748 -172.009 27.079 -1.41943 0.0382649 -2672.76 253.956
20 83.7422 10.9706 277.483 -75.4286 10.5193 -0.270685 0.0106735 -3032.92 274.407
21 94.9823 8.68321 427.081 -150.303 23.4367 -1.15848 0.0312407 -2729.85 255.126
22 95.6332 6.35349 377.554 -125.907 18.1783 -0.722652 0.0191304 -2781.53 256.435
23 100.607 10.1603 404.242 -134.309 21.2021 -1.0519 0.029596 -2957.22 268.22
24 114.922 4.65173 229.986 -60.3465 8.79362 -0.163006 0.00692716 -2832.78 259.824
25 101.521 9.3271 448.66 -157.125 24.7094 -1.23953 0.0324459 -2817.68 259.33
26 80.1345 8.17895 399.379 -144.897 22.4316 -1.08345 0.0293502 -2860.3 262.626
27 79.3305 11.4834 341.717 -108.626 16.1451 -0.628843 0.0183616 -2624.8 251.063
28 99.6645 9.30652 419.968 -143.131 22.291 -1.08913 0.0299682 -2848.28 263.243
29 95.726 7.14339 417.377 -143.952 21.1955 -0.904252 0.0229797 -2539.1 245.121
30 87.7729 8.48737 408.474 -144.278 22.1808 -1.04677 0.0277797 -2572.39 244.078
31 93.1971 8.57744 440.54 -158.643 24.9217 -1.26199 0.0338477 -2750.3 256.483
32 123.581 6.51092 476.848 -163.307 25.3786 -1.30151 0.0345439 -2631.19 247.716
33 79.721 15.9141 453.31 -149.223 22.8665 -1.10122 0.0292629 -2725.78 254.348
34 121.251 8.51662 461.749 -153.012 23.5172 -1.13182 0.0298236 -2700.92 254.848
35 127.08 7.05023 527.522 -188.479 30.1284 -1.64192 0.0424963 -2551.95 242.721
36 134.379 6.9167 462.733 -150.835 23.3801 -1.16961 0.0317214 -2617.29 248.169
37 129.867 8.94701 497.715 -166.743 26.2658 -1.36673 0.0363334 -2418.85 237.358
38 131.744 5.74652 533.786 -193.052 31.4459 -1.81806 0.0493043 -2653.02 247.807
39 102.045 12.213 380.04 -112.908 16.8108 -0.696193 0.0200082 -2594.83 246.94
40 105.091 7.69482 369.637 -114.642 16.7224 -0.677709 0.0190549 -2686.23 248.246
41 120.686 9.45111 378.866 -107.749 15.4998 -0.572087 0.0162477 -2732.57 256.234
42 137.674 7.77299 446.261 -139.278 21.3881 -1.0197 0.0275318 -2575.13 245.647
43 118.275 7.63393 496.992 -178.5 29.0419 -1.63067 0.0441643 -2644.34 248.345
44 -175.894 65.6827 133.537 10.4989 -4.85986 0.838562 -0.0177062 -2557.89 243.018
45 146.074 7.11531 451.685 -140.681 22.0843 -1.12054 0.0311003 -2566.65 243.791
46 115.919 8.44394 401.151 -124.778 18.5985 -0.796061 0.0213826 -2631.19 246.602
47 137.647 8.37448 285.444 -54.9708 6.50564 0.0190138 0.00245437 -2516.29 240.174
48 124.508 7.93336 432.056 -138.95 21.5651 -1.06314 0.0295495 -2672.66 250.183
49 120.046 7.42199 455.908 -154.964 24.5241 -1.28711 0.035137 -2559.79 242.999
50 128.666 10.2348 352.552 -91.0397 13.0924 -0.438041 0.0133393 -2437.1 236.346
51 54.5894 21.0519 248.868 -51.6873 6.70757 -0.0208726 0.0041566 -2621.04 246.711
52 94.4554 11.1196 304.665 -82.9975 12.0926 -0.414988 0.0134575 -2858.52 256.709
53 122.891 10.395 408.913 -122.242 18.5491 -0.821519 0.022889 -2611.58 247.877
54 102.955 7.97818 372.22 -118.204 17.7286 -0.776932 0.0218465 -2827.01 257.284
55 70.1105 20.3772 217.159 -23.8746 1.10582 0.405943 -0.00740498 -2579.77 241.908
56 106.788 15.359 184.215 -1.64056 -2.75854 0.673574 -0.0140035 -2593.11 242.632
57 70.6547 23.4258 381.173 -81.5986 9.0239 -0.0660639 0.00344069 -2657.2 250.661
58 106.391 14.8051 260.666 -48.1616 6.36927 -0.0245769 0.00452116 -2696.88 252.128
59 70.7584 17.5588 169.492 1.62782 -4.62702 0.879585 -0.0203717 -2692.93 248.392
60 98.1151 11.8501 220.806 -32.2495 2.26781 0.348482 -0.00630895 -2752.05 253.579
61 108.038 10.8405 266.165 -56.9037 7.55989 -0.11126 0.00657081 -2626.08 243.891
62 97.7516 14.0439 221.119 -30.0899 2.28359 0.340457 -0.0061621 -2709.76 252.413
63 87.2393 16.0783 178.11 -6.61429 -2.11316 0.667323 -0.0144242 -2410.23 233.599
64 136.924 8.72977 355.622 -89.0493 12.0824 -0.322047 0.0100864 -2689.95 255.313
65 143.167 6.48742 448.561 -140.107 21.6999 -1.0936 0.0310514 -2575.15 246.167
66 151.01 8.64504 395.791 -105.115 15.589 -0.644708 0.0196953 -2677.97 252.957
67 156.248 5.5141 433.234 -125.934 18.7929 -0.862439 0.0248667 -2667.36 251.232
68 136.819 6.7744 406.697 -120.603 18.0422 -0.811664 0.0238727 -2827.83 260.392
69 151.04 4.90854 395.3 -109.735 16.0259 -0.690891 0.0205307 -2468.86 234.463
70 148.263 7.84979 434.608 -130.127 20.5257 -1.03834 0.0294918 -2731.23 251.493
71 156.209 7.45285 525.689 -173.52 28.1149 -1.56889 0.0426336 -2752.52 255.704
72 105.461 14.2841 223.116 -24.9537 1.29473 0.391125 -0.00674278 -2790.66 257.097
73 127.843 16.5204 305.366 -42.2979 3.23745 0.314559 -0.00585568 -2746.74 256.147
74 38.756 32.4965 360.324 -82.863 12.0993 -0.420073 0.0139191 -2606.11 246.225
75 162.482 8.07541 467.633 -138.966 21.8018 -1.08663 0.0300896 -2711.65 254.907
76 143.29 9.95168 315.404 -65.0834 8.65415 -0.155617 0.00742187 -2459.13 237.674
77 151.992 7.58282 355.063 -89.4768 13.5795 -0.564317 0.0183623 -2608.03 245.392
78 150.526 8.3145 440.392 -130.458 20.4906 -1.02953 0.0296708 -2896.69 265.313
79 127.333 11.2071 311.334 -67.7907 9.14964 -0.188808 0.00805132 -2595.89 246.496
80 213.522 -3.19902 16.8752 65.4529 -11.3602 1.12208 -0.0222859 -2559.87 240.763
81 136.216 9.43639 307.315 -63.4983 7.91296 -0.0651565 0.00393793 -2689.68 250.331
82 165.576 5.55013 476.122 -147.596 23.505 -1.25057 0.0349124 -2816.32 258.206
83 148.475 11.5523 247.835 -24.8884 1.67458 0.341249 -0.00506088 -2596.2 247.02
84 128.23 15.7099 279.855 -39.5862 3.95262 0.204871 -0.00207471 -2718.22 255.24
85 111.23 10.1973 285.495 -64.6623 8.40692 -0.119819 0.00573133 -2573.61 242.235
86 96.4478 24.0341 480.795 -118.417 15.5963 -0.528434 0.0143408 -2529.42 243.262
87 119.514 20.0453 194.907 11.4265 -5.08227 0.842986 -0.017684 -2623.71 249.396
88 123.127 15.0588 237.85 -25.1374 1.8441 0.334289 -0.00496204 -2556.76 244.341
89 80.155 18.8364 88.1032 41.348 -10.3016 1.22441 -0.0276353 -2525.1 240.072
90 -4.23057 41.0088 213.91 -10.2703 -0.604485 0.500046 -0.00877874 -2757.22 258.157
91 144.049 10.6597 360.02 -84.7935 11.8399 -0.349114 0.0115687 -2706.71 255.105
92 146.694 10.4481 369.853 -87.6946 12.1881 -0.364078 0.0114029 -2468.67 239.078
93 93.1558 17.4624 256.918 -39.9418 3.99235 0.183906 -0.00110712 -2857.19 259.808
94 122.434 20.0401 186.428 14.2375 -5.3891 0.883645 -0.0194302 -2771.69 259.067
95 122.434 20.0401 207.774 13.7165 -5.81823 0.789703 -0.0355112 -2771.69 259.067
