0 71.3428 14.4547 498.308 -171.668 26.0637 -1.33816 0.0317589 -2596.85 227.085
1 116.707 3.58841 809.716 -310.821 46.9711 -2.65472 0.0610363 -2707.29 232.576
2 83.3883 9.62539 443.966 -151.483 22.3042 -1.0323 0.0232889 -2473.19 219.328
3 94.9636 8.37007 445.155 -160.677 25.7355 -1.36718 0.0323859 -2527.77 219.819
4 147.007 -2.11154 525.922 -183.178 26.7658 -1.30811 0.0290266 -2438.51 215.288
5 71.3118 11.2289 287.516 -83.5246 11.6701 -0.316916 0.0058095 -2330.66 210.071
6 200.064 -10.393 970.681 -376.037 56.9269 -3.31165 0.0763875 -2408.1 213.055
7 61.9908 18.5472 704.958 -257.766 39.6346 -2.24753 0.0532846 -2873.71 243.345
8 100.726 8.51428 1077.19 -428.337 66.259 -4.00226 0.0942928 -2536.64 221.285
9 75.5825 12.2714 412.025 -128.837 18.0171 -0.736649 0.0167156 -2790.95 238.792
10 66.8619 18.5775 529.225 -179.445 27.6669 -1.47272 0.0351509 -2882.64 243.598
11 80.9235 10.3907 433.848 -145.901 21.451 -0.985603 0.0218263 -2188.04 199.165
12 106.587 4.00919 627.964 -233.096 34.9193 -1.8923 0.0439319 -2319.46 206.607
13 97.4737 7.37645 628.99 -223.666 32.1943 -1.61192 0.0348972 -2434.6 214.438
14 62.4675 15.366 524.441 -180.515 26.6482 -1.32814 0.0299117 -2494.26 218.394
15 121.139 3.2288 846.405 -331.336 51.4122 -3.05388 0.0733266 -2559.16 224.051
16 53.541 22.2423 861.668 -318.968 48.9063 -2.86073 0.0676775 -2604.49 226.092
17 165.539 -2.67433 1055.97 -413.525 63.2646 -3.7451 0.0857897 -1963.08 182.855
18 119.668 4.30516 744.819 -275.827 41.1102 -2.26492 0.0522034 -2750.19 235.248
19 -154.863 59.214 854.516 -318.43 48.4362 -2.7882 0.0649611 -2458.62 216.575
20 117.478 3.04162 740.448 -279.027 41.897 -2.33854 0.053968 -2529 218.346
21 43.1079 22.0704 854.853 -318.508 48.3263 -2.77883 0.0646652 -2259.24 203.164
22 38.812 23.5453 577.232 -190.816 27.6972 -1.3688 0.030426 -2343.76 210.108
23 221.938 -14.9847 939.458 -364.884 55.6261 -3.2708 0.076161 -2194.54 197.124
24 114.753 7.17605 687.115 -248.826 37.6764 -2.10859 0.0495694 -2113.7 194.852
25 165.429 -5.66272 1010.05 -400.467 61.5707 -3.70483 0.0878308 -2774.74 233.732
26 103.428 7.22194 841.549 -322.972 49.2356 -2.84609 0.0662917 -2437.99 213.342
27 100.458 13.4383 874.49 -324.981 49.7802 -2.90502 0.0682112 -2882.82 243.187
28 98.5763 11.8145 824.813 -304.816 46.1001 -2.62098 0.059911 -2715.26 230.752
29 65.03 16.7428 475.392 -144.133 19.1291 -0.723462 0.0140169 -2681.89 232.248
30 113.446 6.22328 588.408 -202.351 29.0118 -1.40662 0.0303528 -2567.14 223.469
31 97.6259 11.3663 416.184 -123.777 17.2605 -0.665492 0.0132546 -2500.59 219.156
32 106.032 12.1468 512.082 -161.99 23.31 -1.07143 0.0239142 -2585.24 228.769
33 100.056 11.7587 561.101 -191.351 28.8378 -1.51141 0.0361621 -2592.4 228.52
34 138.708 8.98034 359.026 -89.9894 12.8093 -0.430842 0.0102018 -2527.2 226.497
35 112.496 8.03556 418.937 -141.698 22.9699 -1.22954 0.0314706 -2628.64 229.998
36 123.476 11.064 847.343 -306.166 46.2513 -2.61331 0.0604725 -2394.71 216.353
37 195.734 -0.745784 724.174 -250.47 38.089 -2.12055 0.0497112 -2374.28 215.187
38 108.335 12.2684 621.301 -212.374 32.2054 -1.74131 0.0406064 -2556.52 223.688
39 90.0137 13.5155 341.445 -94.5697 13.8488 -0.53969 0.0135885 -2318.64 214.195
40 111.102 14.7438 927.069 -340.034 52.1958 -3.07993 0.0732521 -2501.93 221.911
41 131.749 10.0735 921.617 -340.721 52.2419 -3.05509 0.072449 -2532.75 226.568
42 101.193 20.8701 469.759 -126.779 18.5246 -0.824959 0.0191577 -2476.9 222.739
43 108.884 14.9599 443.275 -124.331 17.7968 -0.744067 0.0165731 -2375.18 215.46
44 210.403 -5.82576 902.171 -335.296 51.577 -3.03311 0.0715315 -2323.25 209.715
45 145.433 9.05658 494.708 -141.834 19.9037 -0.836015 0.017503 -2464.89 220.968
46 114.92 11.4467 348.856 -94.012 14.1986 -0.580024 0.0145091 -2425.73 219.677
47 126.311 12.1441 697.567 -236.908 35.9706 -2.01261 0.0476867 -2361.42 210.315
48 165.739 2.37377 865.313 -323.656 50.5951 -3.02828 0.0730123 -2930.41 248.181
49 109.178 14.6725 745.937 -259.514 39.2422 -2.19228 0.0511505 -2608.54 228.352
50 117.835 9.05658 448.749 -134.673 19.0857 -0.815474 0.0181639 -2590.64 226.712
51 133.97 10.2911 351.828 -84.1783 11.7803 -0.374103 0.00864016 -2564.46 226.456
52 96.0361 18.2847 625.45 -201.999 29.9982 -1.57461 0.0368835 -2228.91 205.609
53 108.342 13.9058 394.059 -101.362 13.6091 -0.447644 0.00949756 -2185.16 202.927
54 122.085 10.1075 588.182 -192.575 28.201 -1.42034 0.0320859 -2245.94 203.963
55 120.331 11.7985 458.41 -130.75 18.3363 -0.753847 0.0163847 -2399.14 215.855
56 163.82 4.22014 600.692 -190.41 27.4489 -1.34835 0.0300135 -2268.82 206.246
57 111.901 11.6525 602.228 -202.449 30.3115 -1.59149 0.03677 -2254.64 205.609
58 233.666 -9.3972 666.978 -224.696 33.4268 -1.79563 0.0421711 -2418.17 216.066
59 119.484 11.2183 374.6 -99.7812 14.371 -0.556374 0.0132094 -2343.72 212.05
60 115.247 10.8925 535.63 -171.959 25.3738 -1.27056 0.0300194 -2564.13 226.6
61 109.571 10.9277 469.541 -143.866 20.7112 -0.937759 0.0208275 -2613.79 226.401
62 134.061 8.92597 495.089 -138.757 18.1553 -0.667981 0.0128576 -2094.66 196.446
63 416.941 -42.0657 784.918 -259.771 36.6742 -1.81472 0.0354088 -1473.13 148.228
64 91.2449 2.23751 304.997 -102.244 14.9979 -0.629377 0.015486 -2134.08 193.267
65 35.3689 2.19078 324.588 -137.061 20.6585 -1.01723 0.0246437 -2639.04 219.7
66 74.8239 2.33505 367.291 -134.59 19.4292 -0.86387 0.0194476 -2497.3 214.762
67 95.6623 2.07697 388.216 -138.883 20.7556 -0.990337 0.0232621 -2320.78 205.088
68 94.1788 4.32121 495.015 -199.874 33.7537 -2.07593 0.053718 -2307.23 206.173
69 154.268 -12.071 229.143 -63.8128 7.20786 -0.0310192 -0.000518388 -2164.34 191.711
70 80.1388 3.19137 396.5 -151.716 23.7243 -1.25748 0.0316147 -2227.67 200.113
71 79.8885 3.47202 391.218 -153.556 25.0947 -1.42722 0.0367043 -2304.04 201.884
72 81.4025 3.17593 421.758 -172.937 29.3951 -1.82244 0.0491667 -2670.4 225.42
73 77.1756 3.87942 273.915 -92.0285 13.8798 -0.610547 0.0161622 -2219.37 195.619
74 135.547 -3.74401 297.292 -84.8285 10.6701 -0.242969 0.00410381 -2488.97 215.031
75 75.2582 3.2304 453.424 -189.706 31.7894 -1.93307 0.0498251 -2320.1 202.136
76 50.8089 6.14735 312.487 -110.652 15.595 -0.622234 0.0144416 -2461.8 211.78
77 74.413 3.95034 382.084 -152.151 25.3874 -1.51338 0.0410165 -2213.07 197.327
78 74.6445 3.22666 372.276 -143.438 22.9204 -1.28356 0.0336743 -2150.45 191.362
79 67.3903 3.74288 427.282 -180.259 30.7493 -1.94999 0.0533677 -1866.49 175.915
80 74.6038 4.55787 282.283 -98.9109 15.7117 -0.777072 0.020775 -2054.14 185.379
81 77.9603 3.92292 421.697 -171.98 29.1533 -1.79765 0.0481069 -2264.18 200.383
82 73.1812 3.04955 412.266 -167.97 27.5727 -1.61019 0.0413929 -2420.91 208.275
83 104.251 3.91317 392.133 -142.078 23.2761 -1.3088 0.0343309 -2451.2 213.524
84 52.2141 8.9128 299.811 -109.085 17.4598 -0.88179 0.0231963 -2498.06 214.369
85 83.905 3.83743 460.486 -186.017 30.861 -1.84345 0.0476004 -2317.64 204.745
86 76.7767 3.65901 453.334 -188.644 31.7369 -1.93297 0.0498664 -2104.84 189.734
87 87.9499 4.78637 531.95 -222.385 38.0735 -2.41163 0.0627712 -2737.9 231.352
88 62.4158 4.63481 391.68 -163.932 27.8247 -1.69972 0.0457374 -2629.95 221.986
89 47.3271 9.90339 243.636 -79.2595 11.8567 -0.443489 0.0113435 -2647.96 223.604
90 87.6256 4.77759 470.004 -189.508 32.2393 -2.02457 0.0544542 -2475.98 214.59
91 97.6315 4.48193 426.051 -158.956 25.7717 -1.4368 0.0354551 -1900.85 175.078
92 48.2446 4.40268 398.11 -172.419 28.7695 -1.72398 0.0457984 -2425.02 211.299
93 95.8253 4.30088 439.458 -166.513 27.0941 -1.55333 0.0397938 -2553.29 218.085
94 93.0761 8.09068 340.477 -112.674 18.4608 -0.981033 0.026171 -2614.46 225.386
95 74.0742 4.57985 351.84 -129.902 20.3534 -1.07085 0.0282532 -2638.27 223.672
