0 56.8773 18.4833 -43.9018 87.6529 -17.635 1.74342 -0.0392744 -2928.4 269.369
1 64.1084 17.2547 102.018 14.5976 -4.65236 0.79129 -0.014788 -2749.95 261.504
2 58.5467 16.4907 157.201 -19.1351 1.38233 0.364142 -0.00427831 -2892.46 269.56
3 42.638 18.1408 -30.2946 68.6844 -13.4773 1.38433 -0.0290509 -3003.41 272.851
4 81.7517 13.5387 403.855 -129.054 18.9732 -0.786144 0.0212802 -2825.15 263.929
5 26.8652 16.7346 -47.098 66.7349 -13.2931 1.37817 -0.0291631 -2834.89 261.52
6 66.2332 17.5708 -1.21163 66.4015 -13.5535 1.43345 -0.0312547 -2968.78 273.461
7 58.3337 16.991 53.4019 37.4051 -9.18054 1.1668 -0.0252704 -2856.95 267.413
8 42.552 13.7478 214.921 -61.2474 8.61632 -0.162319 0.00842493 -2945.97 267.983
9 48.4162 18.0541 -17.758 67.1127 -13.6067 1.43106 -0.0315043 -2807.75 260.421
10 51.5922 17.2995 -27.3802 73.826 -15.1702 1.56192 -0.0350173 -2887.52 264.88
11 49.0069 17.4125 -131.759 120.84 -22.6402 2.04996 -0.0461523 -2945.06 269.029
12 60.4577 17.1976 11.2651 56.1631 -11.5185 1.25019 -0.025949 -2857.01 265.486
13 44.4624 18.0283 -92.4512 100.902 -19.0997 1.77679 -0.0387075 -2734.19 256.339
14 68.3023 17.8801 -91.3684 112.026 -21.117 1.93189 -0.0429022 -2762.05 259.465
15 32.4163 18.2548 -145.557 122.907 -23.0916 2.07039 -0.0461165 -2786.66 259.355
16 43.8019 17.0027 72.2688 18.2439 -5.30621 0.859781 -0.0178273 -2842.36 262.782
17 15.4809 25.9444 -153.513 134.151 -24.2881 2.10313 -0.0459883 -2798.55 259.855
18 72.9246 17.6523 88.8584 24.1531 -5.88104 0.854763 -0.016315 -2808.83 262.645
19 72.8057 12.5529 341.077 -109.987 16.6774 -0.696166 0.0205643 -2820.61 262.004
20 82.4538 13.397 376.83 -123.804 20.0479 -1.05086 0.0322991 -3062.04 277.531
21 82.8377 14.0079 220.726 -40.0915 4.37287 0.180484 -0.00157922 -2672.53 251.655
22 62.6804 15.0417 159.059 -20.4351 1.54081 0.346996 -0.00450838 -2794.47 260.343
23 39.5321 14.5336 175.43 -40.8273 5.08112 0.0878195 0.00186731 -2894.1 263.338
24 95.728 10.105 385.599 -125.07 19.0557 -0.859709 0.0241106 -2805.65 259.859
25 117.727 3.68817 119.685 -0.823079 -1.54259 0.543902 -0.0089082 -2813.02 260.94
26 91.6787 13.1857 301.584 -80.8998 12.1129 -0.42821 0.0154728 -2806.95 261.943
27 63.6397 16.3546 30.0473 49.1423 -10.7646 1.22648 -0.0263569 -2904.32 266.034
28 89.9229 10.3875 362.338 -115.33 17.1716 -0.699146 0.0200617 -2692.24 256.08
29 72.2497 17.3371 -75.8198 106.363 -20.2644 1.86238 -0.0407871 -2731.6 256.349
30 91.1465 13.2917 298.971 -77.7007 11.0668 -0.305663 0.011409 -2930.34 269.846
31 84.3896 16.2403 223.664 -40.9464 5.39426 0.0653775 0.00333295 -2826.11 267.435
32 161.488 8.7596 467.039 -135.44 20.743 -0.974199 0.0270255 -2593.82 250.901
33 90.2305 19.5397 494.391 -158.608 24.9516 -1.27203 0.0341025 -2669.02 254.194
34 163.398 9.66911 511.383 -158.596 25.3593 -1.3207 0.035606 -2582.15 249.982
35 138.048 7.29883 358.429 -96.4998 13.7104 -0.447943 0.0131353 -2648.84 250.782
36 71.7315 25.9028 422.707 -100.753 12.8862 -0.319842 0.00870813 -2463.24 240.18
37 34.1445 28.8009 495.292 -160.673 25.132 -1.28384 0.0344091 -2551.57 246.72
38 152.125 5.58318 425.968 -126.848 19.0768 -0.852068 0.023421 -2650.42 249.806
39 154.039 6.73868 407.822 -114.597 16.7567 -0.638916 0.0165519 -2508.65 242.266
40 156.229 9.90184 439.597 -122.107 18.5189 -0.816558 0.0222718 -2566.39 245.945
41 166.84 11.8588 500.979 -144.258 22.5391 -1.09206 0.0288616 -2662.19 254.153
42 170.429 6.59917 463.498 -134.691 20.6514 -0.980283 0.0269677 -2481.96 241.191
43 154.519 7.16895 405.896 -112.381 16.6547 -0.682108 0.0191149 -2750.99 256.644
44 164.684 10.9006 344.584 -71.5857 10.2543 -0.260798 0.00943069 -2649.59 253.01
45 5.04619 40.4933 563.103 -184.792 29.9751 -1.65756 0.0437795 -2663.1 252.999
46 106.965 18.9824 475.093 -144.67 23.1571 -1.18961 0.032743 -2762.85 258.979
47 156.406 9.00777 375.455 -90.3728 12.8452 -0.432084 0.0132246 -2721.33 252.829
48 115.583 15.9222 407.62 -113.634 17.2698 -0.723015 0.0196079 -2664.73 251.702
49 105.956 23.4556 421.78 -101.034 14.6814 -0.535884 0.0149803 -2622.8 249.354
50 137.411 9.37371 382.594 -104.063 15.3924 -0.60452 0.0176114 -2740.63 255.558
51 155.3 11.9397 497.896 -148.014 23.3093 -1.17268 0.0309383 -2570.85 246.314
52 144.061 9.21042 381.154 -103.249 15.61 -0.628934 0.0179831 -2526.1 242.902
53 144.468 8.37506 450.557 -140.228 22.0914 -1.09177 0.0294448 -2619.22 247.689
54 145.354 8.7195 467.646 -145.377 22.7964 -1.14803 0.0311738 -2594.2 247.054
55 155.513 7.93333 489.794 -153.512 24.0043 -1.19548 0.0316963 -2640.58 252.373
56 140.63 8.92931 376.225 -99.1458 14.4063 -0.536315 0.0158381 -2685.04 251.333
57 149.823 8.60442 464.562 -142.315 22.2669 -1.09617 0.0294877 -2621.91 249.256
58 131.491 10.2625 426.562 -128.699 19.9138 -0.926429 0.0254573 -2717.9 254.556
59 133.136 9.49689 405.098 -118.225 18.0776 -0.807659 0.0224159 -2691.96 250.949
60 157.577 10.981 426.366 -111.679 16.5616 -0.658594 0.0177674 -2592.61 246.414
61 153.32 10.3605 427.905 -119.212 18.6316 -0.880622 0.0252623 -2703.45 254.757
62 131.447 12.9083 387.634 -105.671 16.493 -0.725373 0.0213875 -2653.85 250.822
63 137.119 14.9931 256.752 -28.7028 2.66641 0.261769 -0.00310225 -2533.79 243
64 57.0456 21.095 371.397 -105.272 15.5961 -0.658892 0.0200405 -2898.44 263.187
65 96.6245 24.3104 369.085 -67.6915 7.46281 0.00619737 0.00261239 -2685.35 255.337
66 91.1598 22.9481 210.35 1.27935 -3.94299 0.806334 -0.0176629 -2540.99 243.403
67 103.821 15.1071 814.752 -325.759 52.9978 -2.99056 0.0611623 -1389.03 144.825
68 17.5478 34.6399 411.335 -97.4788 12.3944 -0.32556 0.00962347 -2668.8 250.882
69 97.3066 19.2989 537.714 -148.827 19.5941 -0.776618 0.0195435 -2633.96 245.082
70 135.33 8.79832 412.162 -104.713 13.0924 -0.339608 0.00903244 -2759.21 253.372
71 156.801 5.01804 396.367 -110.828 16.5263 -0.7183 0.0211391 -2610.04 245.862
72 44.2116 27.5778 437.136 -133.257 21.3733 -1.11395 0.0323585 -2794.53 259.397
73 172.607 0.147899 358.673 -91.2395 12.2325 -0.374692 0.0118329 -2662.75 246.831
74 133.372 11.6073 350.22 -79.852 11.0045 -0.341331 0.0124112 -2696.49 250.95
75 136.169 9.66523 297.927 -54.9428 5.82862 0.115601 -0.00111282 -2468.76 236.991
76 135.117 13.6478 470.479 -137.068 21.2169 -1.04376 0.0286855 -2592.46 246.082
77 124.378 12.2476 496.367 -144.613 20.4036 -0.890324 0.0232889 -2887.84 260.503
78 135.919 8.96987 322.706 -68.7773 8.51709 -0.132216 0.00644714 -2708.02 249.768
79 121.742 14.0004 329.303 -58.0626 5.07339 0.23896 -0.00542914 -2515.26 240.361
80 148.775 1.24233 305.245 -74.7331 9.64443 -0.222591 0.00933061 -2725.58 250.795
81 129.623 6.18303 864.313 -374.704 65.9382 -4.45441 0.118291 -2949.15 271.553
82 130.776 6.10982 458.986 -153.477 24.251 -1.29394 0.0361267 -2744.74 253.331
83 135.756 10.6401 397.154 -108.31 16.4018 -0.734255 0.022089 -2499.39 239.163
84 147.427 9.90739 427.052 -121.658 18.7713 -0.861077 0.0236129 -2722.14 252.545
85 136.042 7.91807 361.951 -95.2915 13.4898 -0.464228 0.014203 -2647 249.681
86 118.057 10.0344 375.695 -110.178 16.9877 -0.778482 0.0230033 -2581.04 243.221
87 160.238 4.2391 425.661 -125.724 18.8768 -0.843109 0.0229445 -2428.48 234.823
88 109.107 11.0547 357.261 -103.954 15.9829 -0.698096 0.0208844 -2640.62 246.845
89 134.297 10.1737 372.575 -101.202 15.6442 -0.700101 0.0215461 -2781.15 256.629
90 140.058 7.33073 434.665 -131.385 19.6615 -0.874327 0.0232001 -2500.1 239.017
91 139.664 6.93742 459.627 -146.357 22.5751 -1.11115 0.0298918 -2623.18 246.849
92 143.051 9.98586 424.552 -123.266 19.3076 -0.92846 0.0262768 -2730.41 253.992
93 103.707 16.761 461.758 -141.19 21.924 -1.07891 0.0293054 -2594.13 245.758
94 157.002 7.40892 491.329 -154.743 24.5445 -1.28916 0.0345395 -2796.99 256.004
95 157.002 7.40892 572.06 -158.994 23.1384 -1.42011 0.0351619 -2796.99 256.004
